8.125 77.375 1.751
8.375 77.125 -0.078121
8.375 77.375 1.3968
8.375 77.625 2.0003
8.375 77.875 1.9604
8.625 76.875 -0.25365
8.625 77.125 1.179
8.625 77.375 1.4707
8.625 77.625 0.42379
8.625 77.875 1.9828
8.875 76.875 -0.70198
8.875 77.125 1.7473
8.875 77.375 0.12944
8.875 77.625 -0.38706
8.875 77.875 -0.89486
9.125 76.625 1.0088
9.125 76.875 0.34258
9.125 77.125 0.88422
9.125 77.375 -0.050854
9.125 77.625 -0.43619
9.125 77.875 -0.18486
9.125 78.125 0.46482
NaN NaN NaN
9.375 76.625 0.098127
9.375 76.875 -0.17779
9.375 77.125 0.18253
9.375 77.375 0.27525
9.375 77.625 -0.30788
9.375 77.875 0.23791
9.375 78.125 0.1685
9.375 78.375 0.44571
9.375 78.625 -0.066703
NaN NaN NaN
9.625 76.375 0.67476
9.625 76.625 0.55868
9.625 76.875 -0.01504
9.625 77.125 0.71781
9.625 77.375 -0.13465
9.625 77.625 -0.79397
9.625 77.875 0.82364
9.625 78.125 0.016509
9.625 78.375 0.27028
9.625 78.625 0.27185
9.875 76.625 -0.37236
9.875 76.875 -0.84224
9.875 77.125 0.20336
9.875 77.375 -0.50688
9.875 77.625 0.52426
9.875 77.875 0.2979
9.875 78.125 -0.46809
9.875 78.375 0.22428
9.875 78.625 0.60801
9.875 78.875 -0.53633
10.125 76.375 -0.41808
10.125 76.625 0.39744
10.125 76.875 1.6181
10.125 77.125 0.20829
10.125 77.375 0.14403
10.125 77.625 -0.23776
10.125 77.875 0.21345
10.125 78.125 -0.0018345
10.125 78.375 0.82935
10.125 78.625 -0.23809
10.125 78.875 -0.20013
10.125 79.125 -0.41918
10.375 76.375 -0.91683
10.375 76.625 -0.37165
10.375 76.875 0.69647
10.375 77.125 0.40677
10.375 77.375 0.07931
10.375 77.625 0.21156
10.375 77.875 -0.61862
10.375 78.125 -0.17394
10.375 78.375 -0.27985
10.375 78.625 0.38172
10.375 78.875 -0.085797
10.375 79.125 -0.46408
NaN NaN NaN
NaN NaN NaN
10.625 76.125 -0.44818
10.625 76.375 -0.79895
10.625 76.625 -0.64337
10.625 76.875 -0.079883
10.625 77.125 0.15942
10.625 77.375 -0.1221
10.625 77.625 0.21128
10.625 77.875 -0.22015
10.625 78.125 -0.79734
10.625 78.375 -0.49155
10.625 78.625 -0.086124
10.625 78.875 0.097812
10.625 79.125 0.7082
10.625 79.375 0.82419
10.625 79.625 1.5804
10.875 76.125 -0.33648
10.875 76.375 0.59962
10.875 76.625 -0.47215
10.875 76.875 -0.80989
10.875 77.125 0.28015
10.875 77.375 0.084379
10.875 77.625 -0.29253
10.875 77.875 -0.96296
10.875 78.125 -1.2304
10.875 78.375 0.21542
10.875 78.625 1.1612
10.875 78.875 0.59508
10.875 79.125 -0.54747
10.875 79.375 -0.13611
10.875 79.625 1.0907
11.125 76.125 -1.878
11.125 76.375 -0.25415
11.125 76.625 2.002
11.125 76.875 -1.1613
11.125 77.125 0.18638
11.125 77.375 0.37445
11.125 77.625 -0.33816
11.125 77.875 -0.072247
11.125 78.125 -0.53219
11.125 78.375 0.91343
11.125 78.625 0.5219
11.125 78.875 0.68822
11.125 79.125 0.55471
11.125 79.375 0.31751
11.125 79.625 -0.052814
11.375 75.875 -1.0621
11.375 76.125 -1.5592
11.375 76.375 -0.36596
11.375 76.625 0.1357
11.375 76.875 1.3031
11.375 77.125 0.10602
11.375 77.375 -0.25789
11.375 77.625 -0.26258
11.375 77.875 -0.028686
11.375 78.125 -0.27423
11.375 78.375 0.024763
11.375 78.625 -0.74439
11.375 78.875 0.14438
11.375 79.125 0.028343
11.375 79.375 -0.34111
11.375 79.625 -0.52315
11.625 75.875 -0.37494
11.625 76.125 0.82751
11.625 76.375 -0.27193
11.625 76.625 1.0807
11.625 76.875 -0.95851
11.625 77.125 -0.64857
11.625 77.375 0.19544
11.625 77.625 -0.21375
11.625 77.875 -0.65033
11.625 78.125 -0.26273
11.625 78.375 -0.95232
11.625 78.625 -0.39195
11.625 78.875 -0.12795
11.625 79.125 0.43115
11.625 79.375 -0.84348
NaN NaN NaN
NaN NaN NaN
11.875 75.875 -0.75293
11.875 76.125 -0.62474
11.875 76.375 -0.23152
11.875 76.625 0.35721
11.875 76.875 -1.7745
11.875 77.125 0.16534
11.875 77.375 -0.48133
11.875 77.625 -0.23666
11.875 77.875 -0.034832
11.875 78.125 -0.067558
11.875 78.375 -0.23729
11.875 78.625 -0.49306
11.875 78.875 -0.668
11.875 79.125 0.11623
11.875 79.375 -0.46583
11.875 79.625 -0.34822
12.125 75.375 -1.8222
12.125 75.625 -0.50617
12.125 75.875 1.1384
12.125 76.125 -0.17063
12.125 76.375 -0.43697
12.125 76.625 -0.1889
12.125 76.875 -1.3095
12.125 77.125 -0.14743
12.125 77.375 -0.4292
12.125 77.625 -0.79686
12.125 77.875 -0.64356
12.125 78.125 -0.12648
12.125 78.375 0.3562
12.125 78.625 -0.34784
12.125 78.875 -0.70455
12.125 79.125 -0.1098
12.125 79.375 -0.25505
12.125 79.625 -0.38255
12.375 75.125 -1.0099
12.375 75.375 -1.2534
12.375 75.625 -0.30785
12.375 75.875 0.72946
12.375 76.125 0.12198
12.375 76.375 0.26463
12.375 76.625 1.1481
12.375 76.875 -0.91974
12.375 77.125 -1.1022
12.375 77.375 -0.68142
12.375 77.625 -0.70191
12.375 77.875 -0.72149
12.375 78.125 -0.26468
12.375 78.375 -0.14521
12.375 78.625 -0.0308
12.375 78.875 -0.54403
12.375 79.125 -0.58053
12.375 79.375 -0.67661
12.375 79.625 -1.1839
12.375 79.875 -0.98798
12.625 75.125 -1.3834
12.625 75.375 -1.1929
12.625 75.625 -1.5937
12.625 75.875 -0.76464
12.625 76.125 -0.36525
12.625 76.375 1.2731
12.625 76.625 0.81352
12.625 76.875 -0.017461
12.625 77.125 -1.3907
12.625 77.375 -1.6842
12.625 77.625 -0.36195
12.625 77.875 -0.85223
12.625 78.125 -1.269
12.625 78.375 0.50994
12.625 78.625 0.24005
12.625 78.875 0.03994
12.625 79.125 0.12698
12.625 79.375 -0.8475
12.625 79.625 -1.347
12.625 79.875 -1.9716
12.875 75.125 -0.40843
12.875 75.375 -0.013376
12.875 75.625 -2.3818
12.875 75.875 -0.14476
12.875 76.125 -0.14089
12.875 76.375 1.5133
12.875 76.625 0.99495
12.875 76.875 -0.53534
12.875 77.125 -0.14958
12.875 77.375 -0.40305
12.875 77.625 -1.4588
12.875 77.875 -0.98814
12.875 78.125 -0.79261
12.875 78.375 -0.4243
12.875 78.625 -0.49949
12.875 78.875 -0.47389
12.875 79.125 0.24617
12.875 79.375 0.0051858
12.875 79.625 0.11118
12.875 79.875 0.019661
NaN NaN NaN
13.125 75.125 -1.2197
13.125 75.375 -1.2293
13.125 75.625 -0.44919
13.125 75.875 -0.19628
13.125 76.125 0.79272
13.125 76.375 1.2344
13.125 76.625 1.0891
13.125 76.875 0.26126
13.125 77.125 0.040643
13.125 77.375 -0.87879
13.125 77.625 -0.69568
13.125 77.875 -1.2084
13.125 78.125 -1.313
13.125 78.375 -1.1917
13.125 78.625 -1.0774
13.125 78.875 -0.79303
13.125 79.125 -0.062477
13.125 79.375 -0.61553
13.125 79.625 0.71096
13.125 79.875 -0.46808
13.125 80.125 -0.81577
NaN NaN NaN
13.375 75.125 -0.61205
13.375 75.375 -0.94784
13.375 75.625 -1.5567
13.375 75.875 -0.5533
13.375 76.125 0.76327
13.375 76.375 0.74577
13.375 76.625 0.21145
13.375 76.875 0.20129
13.375 77.125 1.0155
13.375 77.375 -0.9984
13.375 77.625 -0.50224
13.375 77.875 -0.37786
13.375 78.125 -1.4661
13.375 78.375 -1.4286
NaN NaN NaN
NaN NaN NaN
NaN NaN NaN
NaN NaN NaN
NaN NaN NaN
NaN NaN NaN
NaN NaN NaN
NaN NaN NaN
NaN NaN NaN
13.625 75.375 -0.46251
13.625 75.625 -0.94941
13.625 75.875 -0.051907
13.625 76.125 -0.053745
13.625 76.375 -0.5727
13.625 76.625 -1.058
13.625 76.875 -1.0861
13.625 77.125 -0.17667
13.625 77.375 -1.2551
13.625 77.625 -0.22395
13.625 77.875 -0.49564
13.625 78.125 -1.6479
13.625 78.375 -0.96682
NaN NaN NaN
NaN NaN NaN
NaN NaN NaN
NaN NaN NaN
NaN NaN NaN
NaN NaN NaN
NaN NaN NaN
NaN NaN NaN
NaN NaN NaN
13.875 75.375 -0.26824
13.875 75.625 -0.27125
13.875 75.875 0.4892
13.875 76.125 -0.84103
13.875 76.375 -1.0412
13.875 76.625 0.021903
13.875 76.875 -1.565
13.875 77.125 -1.451
13.875 77.375 -0.62887
13.875 77.625 -0.33954
13.875 77.875 -0.83696
13.875 78.125 -1.7627
13.875 78.375 0.4202
NaN NaN NaN
NaN NaN NaN
NaN NaN NaN
NaN NaN NaN
NaN NaN NaN
NaN NaN NaN
NaN NaN NaN
NaN NaN NaN
NaN NaN NaN
NaN NaN NaN
14.125 75.625 -0.61045
14.125 75.875 -0.12968
14.125 76.125 0.28743
14.125 76.375 -0.1249
14.125 76.625 -0.051824
14.125 76.875 0.29554
14.125 77.125 -0.12026
14.125 77.375 -0.14339
14.125 77.625 0.011905
14.125 77.875 -0.29293
14.125 78.125 -0.42855
14.125 78.375 -0.17901
NaN NaN NaN
NaN NaN NaN
NaN NaN NaN
NaN NaN NaN
NaN NaN NaN
NaN NaN NaN
NaN NaN NaN
NaN NaN NaN
NaN NaN NaN
14.375 75.375 -0.73417
14.375 75.625 0.47211
14.375 75.875 0.0051138
14.375 76.125 0.73547
14.375 76.375 0.84703
14.375 76.625 -0.40252
14.375 76.875 -2.081
14.375 77.125 0.36593
14.375 77.375 0.23952
14.375 77.625 -0.27468
14.375 77.875 -0.091773
14.375 78.125 -0.23443
14.375 78.375 -0.79407
NaN NaN NaN
NaN NaN NaN
NaN NaN NaN
NaN NaN NaN
NaN NaN NaN
NaN NaN NaN
NaN NaN NaN
NaN NaN NaN
NaN NaN NaN
14.625 75.125 -0.90125
14.625 75.375 -0.77322
14.625 75.625 -1.3318
14.625 75.875 -0.21086
14.625 76.125 -0.23694
14.625 76.375 -0.71304
14.625 76.625 -0.070562
14.625 76.875 0.77669
14.625 77.125 0.85569
14.625 77.375 0.43343
14.625 77.625 -0.34226
14.625 77.875 -0.78633
14.625 78.125 -0.17676
NaN NaN NaN
NaN NaN NaN
NaN NaN NaN
NaN NaN NaN
NaN NaN NaN
NaN NaN NaN
NaN NaN NaN
NaN NaN NaN
NaN NaN NaN
14.875 74.875 -1.335
14.875 75.125 -0.097169
14.875 75.375 -0.98463
14.875 75.625 -0.2212
14.875 75.875 -0.99534
14.875 76.125 -1.376
14.875 76.375 -1.4753
14.875 76.625 -0.61317
14.875 76.875 0.95565
14.875 77.125 0.14011
14.875 77.375 -0.40306
14.875 77.625 -0.89982
14.875 77.875 -1.1099
NaN NaN NaN
NaN NaN NaN
NaN NaN NaN
NaN NaN NaN
NaN NaN NaN
NaN NaN NaN
NaN NaN NaN
NaN NaN NaN
NaN NaN NaN
15.125 74.375 0.48339
15.125 74.625 -0.33732
15.125 74.875 -0.50165
15.125 75.125 -0.74124
15.125 75.375 -0.36067
15.125 75.625 0.50889
15.125 75.875 -0.40032
15.125 76.125 -0.75977
15.125 76.375 -0.91008
15.125 76.625 -1.2451
15.125 76.875 -0.56973
15.125 77.125 -1.4006
15.125 77.375 -0.52135
NaN NaN NaN
NaN NaN NaN
NaN NaN NaN
NaN NaN NaN
NaN NaN NaN
NaN NaN NaN
NaN NaN NaN
NaN NaN NaN
NaN NaN NaN
15.125 79.875 -1.1417
15.375 73.875 -1.6522
15.375 74.125 -1.7005
15.375 74.375 -0.40686
15.375 74.625 -1.0838
15.375 74.875 0.3966
15.375 75.125 -0.45475
15.375 75.375 0.48328
15.375 75.625 0.72007
15.375 75.875 -0.23553
15.375 76.125 -0.97316
15.375 76.375 -0.31312
15.375 76.625 -0.41585
NaN NaN NaN
NaN NaN NaN
NaN NaN NaN
NaN NaN NaN
NaN NaN NaN
NaN NaN NaN
NaN NaN NaN
NaN NaN NaN
15.375 78.875 -1.204
15.375 79.125 -1.7413
15.375 79.375 -2.106
15.375 79.625 -1.4277
15.375 79.875 -1.3777
15.625 73.875 -0.91761
15.625 74.125 -1.5858
15.625 74.375 -1.6942
15.625 74.625 -0.19744
15.625 74.875 -0.14828
15.625 75.125 -0.50328
15.625 75.375 -0.29597
15.625 75.625 0.10893
15.625 75.875 -0.28963
NaN NaN NaN
NaN NaN NaN
NaN NaN NaN
NaN NaN NaN
NaN NaN NaN
NaN NaN NaN
NaN NaN NaN
NaN NaN NaN
NaN NaN NaN
15.625 78.375 -1.3723
15.625 78.625 -1.585
15.625 78.875 -0.59191
15.625 79.125 -1.9741
15.625 79.375 -1.9687
15.625 79.625 -2.0218
15.625 79.875 -1.7985
15.625 80.125 -1.6741
15.875 73.875 0.065914
15.875 74.125 -0.47599
15.875 74.375 -1.1254
15.875 74.625 -0.31745
15.875 74.875 -0.25238
NaN NaN NaN
NaN NaN NaN
NaN NaN NaN
NaN NaN NaN
NaN NaN NaN
NaN NaN NaN
NaN NaN NaN
NaN NaN NaN
15.875 77.125 -0.69826
15.875 77.375 -0.17093
15.875 77.625 -1.8721
15.875 77.875 -0.49265
15.875 78.125 -1.3405
15.875 78.375 -1.3254
15.875 78.625 -1.2681
15.875 78.875 -1.0971
15.875 79.125 -1.5666
15.875 79.375 -0.87444
15.875 79.625 -1.6764
15.875 79.875 -1.7636
15.875 80.125 -1.9002
15.875 80.375 -1.5699
NaN NaN NaN
NaN NaN NaN
NaN NaN NaN
NaN NaN NaN
NaN NaN NaN
NaN NaN NaN
NaN NaN NaN
NaN NaN NaN
NaN NaN NaN
NaN NaN NaN
16.125 75.625 -0.64319
16.125 75.875 -0.11335
16.125 76.125 -0.25587
16.125 76.375 -0.27116
16.125 76.625 -0.17741
16.125 76.875 -0.60477
16.125 77.125 -0.52833
16.125 77.375 0.1166
16.125 77.625 -0.57059
16.125 77.875 -0.21389
16.125 78.125 -0.57801
16.125 78.375 -0.22605
NaN NaN NaN
NaN NaN NaN
NaN NaN NaN
NaN NaN NaN
NaN NaN NaN
NaN NaN NaN
NaN NaN NaN
NaN NaN NaN
NaN NaN NaN
NaN NaN NaN
16.375 73.625 -0.68088
16.375 73.875 0.32392
16.375 74.125 -0.79292
16.375 74.375 -0.25867
16.375 74.625 -0.7759
16.375 74.875 0.50753
16.375 75.125 -0.25189
16.375 75.375 -0.76208
16.375 75.625 -0.82921
16.375 75.875 0.23738
16.375 76.125 0.87908
16.375 76.375 0.63174
NaN NaN NaN
NaN NaN NaN
NaN NaN NaN
NaN NaN NaN
NaN NaN NaN
NaN NaN NaN
NaN NaN NaN
NaN NaN NaN
NaN NaN NaN
NaN NaN NaN
16.375 79.125 -0.74077
16.375 79.375 -1.0542
16.375 79.625 -1.8407
16.375 79.875 -1.4472
16.375 80.125 -1.0367
16.375 80.375 -1.2828
16.375 80.625 -1.0908
16.375 80.875 -0.65034
16.375 81.125 -1.2301
NaN NaN NaN
NaN NaN NaN
16.625 73.625 -1.1883
NaN NaN NaN
NaN NaN NaN
NaN NaN NaN
NaN NaN NaN
NaN NaN NaN
NaN NaN NaN
NaN NaN NaN
NaN NaN NaN
NaN NaN NaN
16.625 76.125 -0.29426
16.625 76.375 -0.54679
16.625 76.625 -0.69476
16.625 76.875 -0.53934
16.625 77.125 -0.2835
16.625 77.375 -0.32302
16.625 77.625 -1.334
16.625 77.875 -0.78607
16.625 78.125 -0.63852
16.625 78.375 -0.83985
16.625 78.625 -0.87508
16.625 78.875 -1.3658
16.625 79.125 -1.2193
NaN NaN NaN
NaN NaN NaN
NaN NaN NaN
NaN NaN NaN
NaN NaN NaN
NaN NaN NaN
NaN NaN NaN
NaN NaN NaN
NaN NaN NaN
NaN NaN NaN
16.625 81.875 -0.55166
16.625 82.125 -0.41862
16.875 73.375 -1.0928
16.875 73.625 -1.6436
16.875 73.875 -1.6417
16.875 74.125 -2.2711
16.875 74.375 -0.28783
16.875 74.625 -1.5824
16.875 74.875 -1.7834
16.875 75.125 -1.1832
16.875 75.375 -0.56661
16.875 75.625 -0.36271
NaN NaN NaN
NaN NaN NaN
NaN NaN NaN
NaN NaN NaN
NaN NaN NaN
NaN NaN NaN
NaN NaN NaN
NaN NaN NaN
NaN NaN NaN
16.875 78.125 -0.79128
16.875 78.375 -1.4295
16.875 78.625 -0.69113
16.875 78.875 -1.9751
16.875 79.125 -1.4731
16.875 79.375 -1.0611
16.875 79.625 -0.93749
16.875 79.875 -0.75317
16.875 80.125 -0.94465
16.875 80.375 -1.1505
16.875 80.625 -1.0982
16.875 80.875 -1.2738
16.875 81.125 -1.3604
NaN NaN NaN
NaN NaN NaN
NaN NaN NaN
NaN NaN NaN
NaN NaN NaN
NaN NaN NaN
NaN NaN NaN
NaN NaN NaN
NaN NaN NaN
17.125 74.625 -1.7426
17.125 74.875 -1.3859
17.125 75.125 -1.6541
17.125 75.375 -1.4898
17.125 75.625 -0.69193
17.125 75.875 -1.0296
17.125 76.125 -1.1882
17.125 76.375 -0.57614
17.125 76.625 -0.54235
17.125 76.875 -0.20052
17.125 77.125 -0.45443
17.125 77.375 -0.85052
17.125 77.625 -0.54464
NaN NaN NaN
NaN NaN NaN
NaN NaN NaN
NaN NaN NaN
NaN NaN NaN
NaN NaN NaN
NaN NaN NaN
NaN NaN NaN
NaN NaN NaN
NaN NaN NaN
17.125 80.375 -0.98917
17.125 80.625 -1.1997
17.125 80.875 -1.3164
17.125 81.125 -1.3629
17.125 81.375 -1.041
17.125 81.625 -1.2471
17.125 81.875 -1.3495
17.125 82.125 -0.8056
17.125 82.375 -0.99754
17.375 73.375 -1.2224
17.375 73.625 -1.4885
17.375 73.875 0.3784
NaN NaN NaN
NaN NaN NaN
NaN NaN NaN
NaN NaN NaN
NaN NaN NaN
NaN NaN NaN
NaN NaN NaN
NaN NaN NaN
NaN NaN NaN
17.375 76.375 -0.86981
17.375 76.625 -0.79989
17.375 76.875 0.096479
17.375 77.125 -0.25261
17.375 77.375 -0.67048
17.375 77.625 0.23904
17.375 77.875 -0.1768
17.375 78.125 -0.19486
17.375 78.375 -0.40772
17.375 78.625 -0.7829
17.375 78.875 0.24665
17.375 79.125 -0.46288
17.375 79.375 0.54933
NaN NaN NaN
NaN NaN NaN
NaN NaN NaN
NaN NaN NaN
NaN NaN NaN
NaN NaN NaN
NaN NaN NaN
NaN NaN NaN
NaN NaN NaN
17.375 81.875 -1.2733
17.375 82.125 -0.87563
17.375 82.375 -1.0884
NaN NaN NaN
17.625 73.375 -0.36315
17.625 73.625 -2.6783
17.625 73.875 -1.0392
17.625 74.125 -2.3193
17.625 74.375 -1.9648
17.625 74.625 -1.9925
17.625 74.875 -1.1955
17.625 75.125 -1.2492
17.625 75.375 -1.0467
NaN NaN NaN
NaN NaN NaN
NaN NaN NaN
NaN NaN NaN
NaN NaN NaN
NaN NaN NaN
NaN NaN NaN
NaN NaN NaN
NaN NaN NaN
17.625 77.875 -0.28727
17.625 78.125 -0.044124
17.625 78.375 -0.15576
17.625 78.625 -0.35784
17.625 78.875 -0.68299
17.625 79.125 -0.4949
17.625 79.375 -0.49218
17.625 79.625 -0.64094
17.625 79.875 -0.08847
17.625 80.125 0.13536
17.625 80.375 -0.67384
17.625 80.625 -1.1478
17.625 80.875 -1.0785
NaN NaN NaN
NaN NaN NaN
NaN NaN NaN
NaN NaN NaN
NaN NaN NaN
NaN NaN NaN
NaN NaN NaN
NaN NaN NaN
NaN NaN NaN
17.875 73.375 0.91005
17.875 73.625 -1.6143
17.875 73.875 -0.48699
17.875 74.125 -1.4962
17.875 74.375 -0.31834
17.875 74.625 -1.183
17.875 74.875 -0.2867
17.875 75.125 -1.4867
17.875 75.375 -1.4389
17.875 75.625 -0.92036
17.875 75.875 -1.1258
17.875 76.125 -1.1241
17.875 76.375 -1.1215
NaN NaN NaN
NaN NaN NaN
NaN NaN NaN
NaN NaN NaN
NaN NaN NaN
NaN NaN NaN
NaN NaN NaN
NaN NaN NaN
NaN NaN NaN
17.875 78.875 -0.42113
17.875 79.125 -0.82978
17.875 79.375 -0.7546
17.875 79.625 -0.72415
17.875 79.875 -0.16213
17.875 80.125 -0.62963
17.875 80.375 -1.2417
17.875 80.625 -1.105
17.875 80.875 -0.78015
17.875 81.125 -0.8504
17.875 81.375 -0.090532
17.875 81.625 -0.88339
17.875 81.875 -1.4808
NaN NaN NaN
NaN NaN NaN
NaN NaN NaN
NaN NaN NaN
NaN NaN NaN
NaN NaN NaN
NaN NaN NaN
NaN NaN NaN
NaN NaN NaN
NaN NaN NaN
18.125 74.125 -0.25628
18.125 74.375 0.35682
18.125 74.625 -0.27642
18.125 74.875 0.033732
18.125 75.125 -0.94028
18.125 75.375 -1.0423
18.125 75.625 -0.92704
18.125 75.875 -1.3584
18.125 76.125 -0.69462
18.125 76.375 -0.77748
18.125 76.625 -0.76982
18.125 76.875 -0.14834
NaN NaN NaN
NaN NaN NaN
NaN NaN NaN
NaN NaN NaN
NaN NaN NaN
NaN NaN NaN
NaN NaN NaN
NaN NaN NaN
NaN NaN NaN
18.125 79.375 -0.56965
18.125 79.625 0.1532
18.125 79.875 -0.090099
18.125 80.125 -0.44482
18.125 80.375 -1.4106
18.125 80.625 -1.3177
18.125 80.875 -0.66217
18.125 81.125 -1.1667
18.125 81.375 -0.40481
18.125 81.625 -0.25367
18.125 81.875 0.0086781
18.125 82.125 -1.3928
18.125 82.375 -1.6706
NaN NaN NaN
NaN NaN NaN
NaN NaN NaN
NaN NaN NaN
NaN NaN NaN
NaN NaN NaN
NaN NaN NaN
NaN NaN NaN
NaN NaN NaN
18.375 74.125 -0.17384
18.375 74.375 0.093315
18.375 74.625 -1.419
18.375 74.875 -1.9616
18.375 75.125 -0.63322
18.375 75.375 0.65053
18.375 75.625 -0.22013
18.375 75.875 -1.1588
18.375 76.125 -0.69966
18.375 76.375 -0.78053
18.375 76.625 -0.36432
18.375 76.875 0.20796
18.375 77.125 0.18108
NaN NaN NaN
NaN NaN NaN
NaN NaN NaN
NaN NaN NaN
NaN NaN NaN
NaN NaN NaN
NaN NaN NaN
NaN NaN NaN
NaN NaN NaN
NaN NaN NaN
18.375 79.875 -0.21041
18.375 80.125 -0.2399
18.375 80.375 0.043158
18.375 80.625 -0.068579
18.375 80.875 -0.85356
18.375 81.125 -0.73593
18.375 81.375 -0.47392
18.375 81.625 -0.57205
18.375 81.875 -0.42722
18.375 82.125 -0.26953
18.375 82.375 -0.38689
18.375 82.625 -0.90473
NaN NaN NaN
NaN NaN NaN
NaN NaN NaN
NaN NaN NaN
NaN NaN NaN
NaN NaN NaN
NaN NaN NaN
NaN NaN NaN
NaN NaN NaN
NaN NaN NaN
18.625 74.375 0.14139
18.625 74.625 -0.90413
18.625 74.875 -1.0878
18.625 75.125 -1.3175
18.625 75.375 -0.68584
18.625 75.625 -0.63356
18.625 75.875 -0.77206
18.625 76.125 -0.91172
18.625 76.375 -0.28071
18.625 76.625 0.52781
18.625 76.875 0.37546
18.625 77.125 0.095599
NaN NaN NaN
NaN NaN NaN
NaN NaN NaN
NaN NaN NaN
NaN NaN NaN
NaN NaN NaN
NaN NaN NaN
NaN NaN NaN
NaN NaN NaN
18.625 79.625 -0.45619
18.625 79.875 -0.26967
18.625 80.125 -0.2642
18.625 80.375 0.56384
18.625 80.625 0.57933
18.625 80.875 -0.44483
18.625 81.125 -0.64124
18.625 81.375 -1.0043
18.625 81.625 -1.0776
18.625 81.875 -0.62766
18.625 82.125 0.057687
18.625 82.375 0.14557
18.625 82.625 -0.30476
NaN NaN NaN
NaN NaN NaN
NaN NaN NaN
NaN NaN NaN
NaN NaN NaN
NaN NaN NaN
NaN NaN NaN
NaN NaN NaN
NaN NaN NaN
18.875 73.875 1.8066
18.875 74.125 -1.2053
18.875 74.375 -0.81268
18.875 74.625 -0.63576
18.875 74.875 -0.82785
18.875 75.125 -1.1622
18.875 75.375 -0.92165
18.875 75.625 -0.9587
18.875 75.875 -1.072
18.875 76.125 -0.37475
18.875 76.375 -0.10233
18.875 76.625 0.03362
18.875 76.875 0.39629
NaN NaN NaN
NaN NaN NaN
NaN NaN NaN
NaN NaN NaN
NaN NaN NaN
NaN NaN NaN
NaN NaN NaN
NaN NaN NaN
NaN NaN NaN
NaN NaN NaN
18.875 79.625 -0.30748
18.875 79.875 -0.62374
18.875 80.125 -0.89348
18.875 80.375 -0.08666
18.875 80.625 0.26354
18.875 80.875 0.51185
18.875 81.125 0.37861
18.875 81.375 -0.68562
18.875 81.625 -1.3703
18.875 81.875 -0.57161
18.875 82.125 -0.075997
18.875 82.375 0.3648
NaN NaN NaN
NaN NaN NaN
NaN NaN NaN
NaN NaN NaN
NaN NaN NaN
NaN NaN NaN
NaN NaN NaN
NaN NaN NaN
NaN NaN NaN
19.125 73.375 0.15484
19.125 73.625 0.25127
19.125 73.875 0.87311
19.125 74.125 -0.45754
19.125 74.375 -0.35237
19.125 74.625 -0.60166
19.125 74.875 -1.0422
19.125 75.125 -0.88902
19.125 75.375 -0.7608
19.125 75.625 -0.90106
19.125 75.875 -0.73555
19.125 76.125 -0.13267
19.125 76.375 -0.22651
NaN NaN NaN
NaN NaN NaN
NaN NaN NaN
NaN NaN NaN
NaN NaN NaN
NaN NaN NaN
NaN NaN NaN
NaN NaN NaN
NaN NaN NaN
NaN NaN NaN
19.125 79.125 0.24553
19.125 79.375 0.30617
19.125 79.625 0.1559
19.125 79.875 -0.40543
19.125 80.125 -0.87465
19.125 80.375 -0.52586
19.125 80.625 0.78854
19.125 80.875 1.108
19.125 81.125 0.61397
19.125 81.375 -0.93602
19.125 81.625 -1.0858
19.125 81.875 -1.8057
NaN NaN NaN
NaN NaN NaN
NaN NaN NaN
NaN NaN NaN
NaN NaN NaN
NaN NaN NaN
NaN NaN NaN
NaN NaN NaN
NaN NaN NaN
19.125 84.375 -0.73204
19.125 84.625 -0.13772
19.375 72.875 0.27198
19.375 73.125 -0.95027
19.375 73.375 0.44253
19.375 73.625 0.54568
19.375 73.875 0.48412
19.375 74.125 0.65584
19.375 74.375 -0.027106
19.375 74.625 0.14964
19.375 74.875 -0.72707
19.375 75.125 -0.48461
19.375 75.375 -0.26966
NaN NaN NaN
NaN NaN NaN
NaN NaN NaN
NaN NaN NaN
NaN NaN NaN
NaN NaN NaN
NaN NaN NaN
NaN NaN NaN
NaN NaN NaN
19.375 77.875 0.28055
19.375 78.125 -0.020014
19.375 78.375 -0.54674
19.375 78.625 -0.44355
19.375 78.875 0.076712
19.375 79.125 0.26479
19.375 79.375 0.26394
19.375 79.625 -0.053419
19.375 79.875 -0.54247
19.375 80.125 -0.26916
19.375 80.375 0.053913
19.375 80.625 0.49741
19.375 80.875 0.79565
NaN NaN NaN
NaN NaN NaN
NaN NaN NaN
NaN NaN NaN
NaN NaN NaN
NaN NaN NaN
NaN NaN NaN
NaN NaN NaN
NaN NaN NaN
19.375 83.375 -0.5493
19.375 83.625 -0.72237
19.375 83.875 -2.1358
19.375 84.125 -0.17751
19.375 84.375 0.33327
19.375 84.625 0.30215
19.375 84.875 0.80922
19.625 72.875 0.34636
19.625 73.125 1.005
19.625 73.375 0.79479
19.625 73.625 0.65492
19.625 73.875 0.83714
19.625 74.125 0.58343
NaN NaN NaN
NaN NaN NaN
NaN NaN NaN
NaN NaN NaN
NaN NaN NaN
NaN NaN NaN
NaN NaN NaN
NaN NaN NaN
NaN NaN NaN
19.625 76.625 -1.2426
19.625 76.875 -1.5901
19.625 77.125 -0.84491
19.625 77.375 -0.2045
19.625 77.625 0.18872
19.625 77.875 0.091336
19.625 78.125 -0.21543
19.625 78.375 -0.2764
19.625 78.625 0.0051882
19.625 78.875 -0.13548
19.625 79.125 -0.64576
19.625 79.375 -1.2624
19.625 79.625 -1.0274
NaN NaN NaN
NaN NaN NaN
NaN NaN NaN
NaN NaN NaN
NaN NaN NaN
NaN NaN NaN
NaN NaN NaN
NaN NaN NaN
NaN NaN NaN
19.625 82.125 -0.73993
19.625 82.375 0.17311
19.625 82.625 -0.15263
19.625 82.875 -0.28722
19.625 83.125 -0.26355
19.625 83.375 0.82995
19.625 83.625 1.0199
19.625 83.875 0.95884
19.625 84.125 0.98211
19.625 84.375 0.71432
19.625 84.625 1.2597
19.625 84.875 0.62092
19.625 85.125 -0.040941
NaN NaN NaN
NaN NaN NaN
NaN NaN NaN
NaN NaN NaN
NaN NaN NaN
NaN NaN NaN
NaN NaN NaN
NaN NaN NaN
NaN NaN NaN
19.875 74.875 0.7603
19.875 75.125 -0.27642
19.875 75.375 -0.6475
19.875 75.625 -0.41779
19.875 75.875 0.31552
19.875 76.125 -0.028108
19.875 76.375 0.027061
19.875 76.625 -1.0319
19.875 76.875 -0.58399
19.875 77.125 -0.34867
19.875 77.375 0.0042811
19.875 77.625 0.13458
19.875 77.875 0.11342
NaN NaN NaN
NaN NaN NaN
NaN NaN NaN
NaN NaN NaN
NaN NaN NaN
NaN NaN NaN
NaN NaN NaN
NaN NaN NaN
NaN NaN NaN
19.875 80.375 -1.6821
19.875 80.625 -0.89069
19.875 80.875 -0.50445
19.875 81.125 -0.57697
19.875 81.375 -1.508
19.875 81.625 -0.41606
19.875 81.875 0.65453
19.875 82.125 -0.21496
19.875 82.375 0.038533
19.875 82.625 -0.13548
19.875 82.875 -0.10768
19.875 83.125 0.545
19.875 83.375 1.025
NaN NaN NaN
NaN NaN NaN
NaN NaN NaN
NaN NaN NaN
NaN NaN NaN
NaN NaN NaN
NaN NaN NaN
NaN NaN NaN
NaN NaN NaN
NaN NaN NaN
NaN NaN NaN
20.125 72.875 1.1914
20.125 73.125 1.4702
20.125 73.375 0.21801
20.125 73.625 1.3779
20.125 73.875 1.411
20.125 74.125 2.1943
20.125 74.375 0.99944
20.125 74.625 0.87125
20.125 74.875 0.80602
20.125 75.125 0.4132
20.125 75.375 0.1098
NaN NaN NaN
NaN NaN NaN
NaN NaN NaN
NaN NaN NaN
NaN NaN NaN
NaN NaN NaN
NaN NaN NaN
NaN NaN NaN
NaN NaN NaN
NaN NaN NaN
20.125 78.125 -0.60939
20.125 78.375 -0.91877
20.125 78.625 -0.84676
20.125 78.875 -0.62084
20.125 79.125 -1.2161
20.125 79.375 -1.5511
20.125 79.625 -0.70534
20.125 79.875 -0.49086
20.125 80.125 -0.79748
20.125 80.375 -1.5001
20.125 80.625 -1.0013
20.125 80.875 -0.88619
NaN NaN NaN
NaN NaN NaN
NaN NaN NaN
NaN NaN NaN
NaN NaN NaN
NaN NaN NaN
NaN NaN NaN
NaN NaN NaN
NaN NaN NaN
20.125 83.375 0.59701
20.125 83.625 1.0591
20.125 83.875 1.777
20.125 84.125 1.9891
20.125 84.375 0.84143
20.125 84.625 1.6534
20.125 84.875 1.1596
20.125 85.125 1.4556
20.125 85.375 0.68372
20.125 85.625 0.70921
20.125 85.875 0.14316
20.125 86.125 0.88468
NaN NaN NaN
NaN NaN NaN
NaN NaN NaN
NaN NaN NaN
NaN NaN NaN
NaN NaN NaN
NaN NaN NaN
NaN NaN NaN
NaN NaN NaN
NaN NaN NaN
NaN NaN NaN
20.375 75.625 0.72365
20.375 75.875 0.31984
20.375 76.125 -0.0090128
20.375 76.375 -0.37716
20.375 76.625 -1.0685
20.375 76.875 -1.257
20.375 77.125 -1.1163
20.375 77.375 -0.076928
20.375 77.625 0.95866
20.375 77.875 -0.70713
20.375 78.125 -0.96019
20.375 78.375 -1.1378
NaN NaN NaN
NaN NaN NaN
NaN NaN NaN
NaN NaN NaN
NaN NaN NaN
NaN NaN NaN
NaN NaN NaN
NaN NaN NaN
NaN NaN NaN
20.375 80.875 -0.154
20.375 81.125 -0.39507
20.375 81.375 -0.2832
20.375 81.625 0.87113
20.375 81.875 1.3503
20.375 82.125 1.4473
20.375 82.375 1.4458
20.375 82.625 1.7151
20.375 82.875 1.1697
20.375 83.125 0.75855
20.375 83.375 0.88774
20.375 83.625 1.2176
20.375 83.875 0.92575
NaN NaN NaN
NaN NaN NaN
NaN NaN NaN
NaN NaN NaN
NaN NaN NaN
NaN NaN NaN
NaN NaN NaN
NaN NaN NaN
NaN NaN NaN
NaN NaN NaN
NaN NaN NaN
20.625 73.125 1.844
20.625 73.375 1.8968
20.625 73.625 2.045
20.625 73.875 1.7338
20.625 74.125 1.7937
20.625 74.375 0.96101
20.625 74.625 1.5628
20.625 74.875 1.447
20.625 75.125 0.17639
20.625 75.375 0.63692
20.625 75.625 0.26336
NaN NaN NaN
NaN NaN NaN
NaN NaN NaN
NaN NaN NaN
NaN NaN NaN
NaN NaN NaN
NaN NaN NaN
NaN NaN NaN
NaN NaN NaN
20.625 78.125 0.11305
20.625 78.375 -0.6673
20.625 78.625 -1.0519
20.625 78.875 -1.4861
20.625 79.125 -1.6367
20.625 79.375 -1.5331
20.625 79.625 -0.52879
20.625 79.875 -0.71055
20.625 80.125 -0.6262
20.625 80.375 -0.78005
20.625 80.625 0.34293
20.625 80.875 -0.081969
20.625 81.125 0.27223
NaN NaN NaN
NaN NaN NaN
NaN NaN NaN
NaN NaN NaN
NaN NaN NaN
NaN NaN NaN
NaN NaN NaN
NaN NaN NaN
NaN NaN NaN
20.625 83.625 1.5423
20.625 83.875 1.1866
20.625 84.125 1.0882
20.625 84.375 1.2017
20.625 84.625 1.085
20.625 84.875 1.02
20.625 85.125 1.8338
20.625 85.375 1.6447
20.625 85.625 0.56564
20.625 85.875 1.2584
20.625 86.125 1.3744
20.625 86.375 1.6883
20.625 86.625 1.544
NaN NaN NaN
NaN NaN NaN
NaN NaN NaN
NaN NaN NaN
NaN NaN NaN
NaN NaN NaN
NaN NaN NaN
NaN NaN NaN
NaN NaN NaN
20.875 73.875 2.3238
20.875 74.125 1.6897
20.875 74.375 1.1558
20.875 74.625 1.6298
20.875 74.875 1.5725
20.875 75.125 -0.49322
20.875 75.375 -0.60033
20.875 75.625 -0.62396
20.875 75.875 -0.23517
20.875 76.125 0.56922
20.875 76.375 -0.83362
20.875 76.625 -0.73083
20.875 76.875 -1.2514
NaN NaN NaN
NaN NaN NaN
NaN NaN NaN
NaN NaN NaN
NaN NaN NaN
NaN NaN NaN
NaN NaN NaN
NaN NaN NaN
NaN NaN NaN
20.875 79.375 -1.3779
20.875 79.625 -0.28432
20.875 79.875 0.11096
20.875 80.125 0.08179
20.875 80.375 -0.96815
20.875 80.625 0.31608
20.875 80.875 0.62713
20.875 81.125 0.55112
20.875 81.375 -0.57704
20.875 81.625 1.0823
20.875 81.875 0.8368
20.875 82.125 0.84861
20.875 82.375 1.6439
NaN NaN NaN
NaN NaN NaN
NaN NaN NaN
NaN NaN NaN
NaN NaN NaN
NaN NaN NaN
NaN NaN NaN
NaN NaN NaN
NaN NaN NaN
20.875 84.875 1.2767
20.875 85.125 2.0586
20.875 85.375 1.5053
20.875 85.625 1.5985
20.875 85.875 1.8473
20.875 86.125 1.6054
20.875 86.375 1.5642
20.875 86.625 1.4469
21.125 70.375 0.5438
21.125 70.625 0.98533
21.125 70.875 0.68473
21.125 71.125 1.3539
21.125 71.375 1.7239
NaN NaN NaN
NaN NaN NaN
NaN NaN NaN
NaN NaN NaN
NaN NaN NaN
NaN NaN NaN
NaN NaN NaN
NaN NaN NaN
NaN NaN NaN
NaN NaN NaN
21.125 74.875 0.93856
21.125 75.125 0.25245
21.125 75.375 -0.5134
21.125 75.625 1.5558
21.125 75.875 1.6952
21.125 76.125 1.5159
21.125 76.375 -0.48713
21.125 76.625 -0.81821
21.125 76.875 -1.225
21.125 77.125 -0.9971
21.125 77.375 -0.78192
21.125 77.625 -0.87339
NaN NaN NaN
NaN NaN NaN
NaN NaN NaN
NaN NaN NaN
NaN NaN NaN
NaN NaN NaN
NaN NaN NaN
NaN NaN NaN
NaN NaN NaN
NaN NaN NaN
21.125 80.375 -1.568
21.125 80.625 -0.84658
21.125 80.875 -0.27606
21.125 81.125 -0.28488
21.125 81.375 1.1696
21.125 81.625 0.1002
21.125 81.875 0.67444
21.125 82.125 0.89182
21.125 82.375 0.96321
21.125 82.625 1.1253
21.125 82.875 0.85488
21.125 83.125 0.82154
NaN NaN NaN
NaN NaN NaN
NaN NaN NaN
NaN NaN NaN
NaN NaN NaN
NaN NaN NaN
NaN NaN NaN
NaN NaN NaN
NaN NaN NaN
21.125 85.625 1.4954
21.125 85.875 1.8235
21.125 86.125 1.292
21.125 86.375 1.1779
21.125 86.625 1.2568
21.375 70.125 -0.38825
21.375 70.375 -0.31349
21.375 70.625 1.1982
21.375 70.875 1.1624
21.375 71.125 0.98601
21.375 71.375 0.77195
21.375 71.625 0.29167
21.375 71.875 0.74831
NaN NaN NaN
NaN NaN NaN
NaN NaN NaN
NaN NaN NaN
NaN NaN NaN
NaN NaN NaN
NaN NaN NaN
NaN NaN NaN
NaN NaN NaN
21.375 75.125 1.3986
21.375 75.375 0.86843
21.375 75.625 1.8897
21.375 75.875 1.8581
21.375 76.125 1.6421
21.375 76.375 -0.45088
21.375 76.625 -0.95983
21.375 76.875 -1.1728
21.375 77.125 -1.095
21.375 77.375 -0.39888
21.375 77.625 -0.92839
21.375 77.875 -1.1048
21.375 78.125 -0.55331
NaN NaN NaN
NaN NaN NaN
NaN NaN NaN
NaN NaN NaN
NaN NaN NaN
NaN NaN NaN
NaN NaN NaN
NaN NaN NaN
NaN NaN NaN
NaN NaN NaN
21.375 80.875 -1.9987
21.375 81.125 -1.1219
21.375 81.375 0.55859
21.375 81.625 0.50351
21.375 81.875 1.0809
21.375 82.125 1.0288
21.375 82.375 0.72133
21.375 82.625 0.56165
21.375 82.875 0.52803
21.375 83.125 0.56747
21.375 83.375 1.1858
21.375 83.625 1.228
NaN NaN NaN
NaN NaN NaN
NaN NaN NaN
NaN NaN NaN
NaN NaN NaN
NaN NaN NaN
NaN NaN NaN
NaN NaN NaN
NaN NaN NaN
21.375 86.125 1.4663
21.375 86.375 1.507
21.375 86.625 1.1764
21.375 86.875 1.3312
21.625 69.875 -0.27151
21.625 70.125 -0.65617
21.625 70.375 0.3645
21.625 70.625 0.50433
21.625 70.875 1.1758
21.625 71.125 0.55647
21.625 71.375 1.134
21.625 71.625 1.0969
21.625 71.875 0.46107
NaN NaN NaN
NaN NaN NaN
NaN NaN NaN
NaN NaN NaN
NaN NaN NaN
NaN NaN NaN
NaN NaN NaN
NaN NaN NaN
NaN NaN NaN
NaN NaN NaN
21.625 75.125 1.3932
21.625 75.375 1.5262
21.625 75.625 1.362
21.625 75.875 1.1295
21.625 76.125 0.83697
21.625 76.375 -0.32655
21.625 76.625 -1.0647
21.625 76.875 -1.0267
21.625 77.125 -0.3639
21.625 77.375 -0.005127
21.625 77.625 -1.3388
21.625 77.875 -0.19213
NaN NaN NaN
NaN NaN NaN
NaN NaN NaN
NaN NaN NaN
NaN NaN NaN
NaN NaN NaN
NaN NaN NaN
NaN NaN NaN
NaN NaN NaN
NaN NaN NaN
21.625 80.625 -2.2794
21.625 80.875 -1.6104
21.625 81.125 -1.666
21.625 81.375 -0.50695
21.625 81.625 0.38038
21.625 81.875 0.61196
21.625 82.125 0.76517
21.625 82.375 0.84908
21.625 82.625 0.38347
21.625 82.875 -0.32526
21.625 83.125 0.27471
21.625 83.375 0.23624
NaN NaN NaN
NaN NaN NaN
NaN NaN NaN
NaN NaN NaN
NaN NaN NaN
NaN NaN NaN
NaN NaN NaN
NaN NaN NaN
NaN NaN NaN
NaN NaN NaN
21.625 86.125 1.6272
21.625 86.375 1.5839
21.625 86.625 0.85947
21.625 86.875 1.0907
21.625 87.125 1.2597
NaN NaN NaN
NaN NaN NaN
21.875 69.625 -0.80042
21.875 69.875 -0.073978
21.875 70.125 0.013695
21.875 70.375 0.93843
21.875 70.625 0.57806
NaN NaN NaN
NaN NaN NaN
NaN NaN NaN
NaN NaN NaN
NaN NaN NaN
NaN NaN NaN
NaN NaN NaN
NaN NaN NaN
NaN NaN NaN
NaN NaN NaN
21.875 73.625 0.31477
21.875 73.875 -0.47212
21.875 74.125 -1.2562
21.875 74.375 -1.1123
21.875 74.625 -0.0098462
21.875 74.875 0.90497
21.875 75.125 1.6747
21.875 75.375 1.6039
21.875 75.625 1.7205
21.875 75.875 0.74714
21.875 76.125 0.60946
21.875 76.375 -0.18713
NaN NaN NaN
NaN NaN NaN
NaN NaN NaN
NaN NaN NaN
NaN NaN NaN
NaN NaN NaN
NaN NaN NaN
NaN NaN NaN
NaN NaN NaN
NaN NaN NaN
21.875 79.125 -0.69992
21.875 79.375 -0.82984
21.875 79.625 -0.45282
21.875 79.875 -0.74679
21.875 80.125 -0.25323
21.875 80.375 0.10445
21.875 80.625 -0.31534
21.875 80.875 -1.6241
21.875 81.125 -1.1595
21.875 81.375 -0.00023961
21.875 81.625 0.45358
21.875 81.875 0.20908
NaN NaN NaN
NaN NaN NaN
NaN NaN NaN
NaN NaN NaN
NaN NaN NaN
NaN NaN NaN
NaN NaN NaN
NaN NaN NaN
NaN NaN NaN
21.875 84.375 2.0153
21.875 84.625 1.6516
21.875 84.875 1.5797
21.875 85.125 1.7145
21.875 85.375 1.5487
21.875 85.625 1.2878
21.875 85.875 1.4429
21.875 86.125 1.6069
21.875 86.375 1.6934
21.875 86.625 0.90259
21.875 86.875 1.0558
21.875 87.125 1.4804
21.875 87.375 1.1237
NaN NaN NaN
NaN NaN NaN
NaN NaN NaN
NaN NaN NaN
NaN NaN NaN
NaN NaN NaN
NaN NaN NaN
NaN NaN NaN
NaN NaN NaN
NaN NaN NaN
22.125 70.375 0.6116
22.125 70.625 0.66635
22.125 70.875 0.7533
22.125 71.125 -0.49241
22.125 71.375 1.2535
22.125 71.625 1.5163
22.125 71.875 0.97299
22.125 72.125 1.247
NaN NaN NaN
22.125 72.875 -0.065884
22.125 73.125 -0.30865
22.125 73.375 -0.0096767
NaN NaN NaN
NaN NaN NaN
NaN NaN NaN
NaN NaN NaN
NaN NaN NaN
NaN NaN NaN
NaN NaN NaN
NaN NaN NaN
NaN NaN NaN
NaN NaN NaN
22.125 76.125 -0.39652
22.125 76.375 -0.57878
22.125 76.625 -0.36522
22.125 76.875 -0.49646
22.125 77.125 -0.26451
22.125 77.375 -0.81488
22.125 77.625 -1.8473
22.125 77.875 -1.1379
22.125 78.125 -1.0698
22.125 78.375 -1.4249
22.125 78.625 -1.3633
22.125 78.875 -0.24439
NaN NaN NaN
NaN NaN NaN
NaN NaN NaN
NaN NaN NaN
NaN NaN NaN
NaN NaN NaN
NaN NaN NaN
NaN NaN NaN
NaN NaN NaN
22.125 81.375 0.69514
22.125 81.625 -0.29648
22.125 81.875 0.60559
22.125 82.125 0.56746
22.125 82.375 0.87801
22.125 82.625 -0.38381
22.125 82.875 -0.88333
22.125 83.125 0.19471
22.125 83.375 0.7577
22.125 83.625 1.2787
22.125 83.875 1.1205
22.125 84.125 1.5134
22.125 84.375 1.9317
NaN NaN NaN
NaN NaN NaN
NaN NaN NaN
NaN NaN NaN
NaN NaN NaN
NaN NaN NaN
NaN NaN NaN
NaN NaN NaN
NaN NaN NaN
22.125 86.875 1.387
22.125 87.125 1.4113
22.125 87.375 0.57087
22.125 87.625 0.77755
22.125 87.875 1.0189
22.125 88.125 1.0007
22.125 88.375 1.3719
NaN NaN NaN
22.375 69.125 -0.58442
22.375 69.875 -0.38915
22.375 70.125 -0.29095
22.375 70.375 -0.109
22.375 70.625 0.88236
NaN NaN NaN
NaN NaN NaN
NaN NaN NaN
NaN NaN NaN
NaN NaN NaN
NaN NaN NaN
NaN NaN NaN
NaN NaN NaN
NaN NaN NaN
NaN NaN NaN
22.375 73.625 1.2199
22.375 73.875 0.14797
22.375 74.125 -1.1918
22.375 74.375 -0.83953
22.375 74.625 -1.3246
22.375 74.875 -0.87807
22.375 75.125 -0.2847
22.375 75.375 0.61896
22.375 75.625 -0.20469
22.375 75.875 1.0196
22.375 76.125 0.79386
22.375 76.375 0.4505
NaN NaN NaN
NaN NaN NaN
NaN NaN NaN
NaN NaN NaN
NaN NaN NaN
NaN NaN NaN
NaN NaN NaN
NaN NaN NaN
NaN NaN NaN
NaN NaN NaN
22.375 79.125 -0.33249
22.375 79.375 -0.27549
22.375 79.625 -0.29026
22.375 79.875 -0.30802
22.375 80.125 -0.096058
22.375 80.375 -0.41887
22.375 80.625 -0.032861
22.375 80.875 -0.063469
22.375 81.125 -0.027407
22.375 81.375 1.5606
22.375 81.625 0.19784
22.375 81.875 0.35915
NaN NaN NaN
NaN NaN NaN
NaN NaN NaN
NaN NaN NaN
NaN NaN NaN
NaN NaN NaN
NaN NaN NaN
NaN NaN NaN
NaN NaN NaN
22.375 84.375 1.3525
22.375 84.625 1.6979
22.375 84.875 1.161
22.375 85.125 0.83625
22.375 85.375 1.1115
22.375 85.625 0.54575
22.375 85.875 -0.022465
22.375 86.125 0.87342
22.375 86.375 1.1114
22.375 86.625 1.0568
22.375 86.875 1.1389
22.375 87.125 1.6128
22.375 87.375 0.20909
NaN NaN NaN
NaN NaN NaN
NaN NaN NaN
NaN NaN NaN
NaN NaN NaN
NaN NaN NaN
NaN NaN NaN
NaN NaN NaN
NaN NaN NaN
NaN NaN NaN
22.625 71.125 1.3412
22.625 71.375 1.3873
22.625 71.625 0.853
22.625 71.875 0.832
22.625 72.125 0.91207
22.625 72.375 1.5027
22.625 72.625 2.2175
22.625 72.875 0.22039
22.625 73.125 -0.064229
22.625 73.375 0.75724
22.625 73.625 -0.63652
22.625 73.875 -0.49085
NaN NaN NaN
NaN NaN NaN
NaN NaN NaN
NaN NaN NaN
NaN NaN NaN
NaN NaN NaN
NaN NaN NaN
NaN NaN NaN
NaN NaN NaN
NaN NaN NaN
22.625 76.625 1.2617
22.625 76.875 0.65331
22.625 77.125 -0.21767
22.625 77.375 -0.49328
22.625 77.625 -0.46039
22.625 77.875 0.511
22.625 78.125 0.05916
22.625 78.375 -0.58081
22.625 78.625 -0.48431
22.625 78.875 0.052913
22.625 79.125 0.12619
22.625 79.375 -0.28217
NaN NaN NaN
NaN NaN NaN
NaN NaN NaN
NaN NaN NaN
NaN NaN NaN
NaN NaN NaN
NaN NaN NaN
NaN NaN NaN
NaN NaN NaN
NaN NaN NaN
22.625 82.125 0.025769
22.625 82.375 -0.78826
22.625 82.625 -1.4233
22.625 82.875 -1.8025
22.625 83.125 -2.2415
22.625 83.375 -0.14306
22.625 83.625 0.1552
22.625 83.875 -1.5589
22.625 84.125 0.21663
22.625 84.375 0.21817
22.625 84.625 1.3381
22.625 84.875 0.99964
NaN NaN NaN
NaN NaN NaN
NaN NaN NaN
NaN NaN NaN
NaN NaN NaN
NaN NaN NaN
NaN NaN NaN
NaN NaN NaN
NaN NaN NaN
NaN NaN NaN
22.625 87.625 0.88179
22.625 87.875 0.10362
22.625 88.125 1.0558
22.625 88.375 0.64588
22.625 88.625 0.62549
22.625 88.875 0.62236
22.625 92.625 0.028899
22.625 92.875 NaN
NaN NaN NaN
NaN NaN NaN
NaN NaN NaN
22.875 70.625 1.2827
NaN NaN NaN
NaN NaN NaN
NaN NaN NaN
NaN NaN NaN
NaN NaN NaN
NaN NaN NaN
NaN NaN NaN
NaN NaN NaN
NaN NaN NaN
22.875 73.125 1.3517
22.875 73.375 1.2488
22.875 73.625 -0.30546
22.875 73.875 -0.97269
22.875 74.125 -0.23885
22.875 74.375 -0.26003
22.875 74.625 -0.72335
22.875 74.875 -0.27233
22.875 75.125 0.34362
22.875 75.375 1.0603
22.875 75.625 0.76533
22.875 75.875 -0.22211
22.875 76.125 -0.33622
NaN NaN NaN
NaN NaN NaN
NaN NaN NaN
NaN NaN NaN
NaN NaN NaN
NaN NaN NaN
NaN NaN NaN
NaN NaN NaN
NaN NaN NaN
22.875 78.625 -0.30657
22.875 78.875 0.087536
22.875 79.125 -0.51467
22.875 79.375 -1.246
22.875 79.625 -1.9166
22.875 79.875 -0.026373
22.875 80.125 -0.9067
22.875 80.375 -0.79077
22.875 80.625 -0.36116
22.875 80.875 0.34204
22.875 81.125 0.66263
22.875 81.375 -0.49335
22.875 81.625 -0.14084
NaN NaN NaN
NaN NaN NaN
NaN NaN NaN
NaN NaN NaN
NaN NaN NaN
NaN NaN NaN
NaN NaN NaN
NaN NaN NaN
NaN NaN NaN
NaN NaN NaN
22.875 84.375 -0.61013
22.875 84.625 1.4784
22.875 84.875 0.98861
22.875 85.125 0.8121
22.875 85.375 1.4728
22.875 85.625 0.5514
22.875 85.875 0.20888
22.875 86.125 0.37541
22.875 86.375 0.21874
22.875 86.625 1.1112
22.875 86.875 1.3345
22.875 87.125 1.7483
NaN NaN NaN
NaN NaN NaN
NaN NaN NaN
NaN NaN NaN
NaN NaN NaN
NaN NaN NaN
NaN NaN NaN
NaN NaN NaN
NaN NaN NaN
NaN NaN NaN
23.125 69.375 0.31025
23.125 69.625 0.37816
23.125 69.875 0.16043
23.125 70.125 0.31792
23.125 70.875 1.6527
23.125 71.125 1.35
23.125 71.375 1.0399
23.125 71.625 1.8869
23.125 71.875 1.5086
23.125 72.125 1.1607
23.125 72.375 0.44645
23.125 72.625 1.4992
NaN NaN NaN
NaN NaN NaN
NaN NaN NaN
NaN NaN NaN
NaN NaN NaN
NaN NaN NaN
NaN NaN NaN
NaN NaN NaN
NaN NaN NaN
NaN NaN NaN
23.125 75.375 -0.66971
23.125 75.625 -0.16103
23.125 75.875 -0.090029
23.125 76.125 -0.33542
23.125 76.375 -0.059239
23.125 76.625 -0.099769
23.125 76.875 0.49171
23.125 77.125 0.6925
23.125 77.375 0.12042
23.125 77.625 0.18393
23.125 77.875 0.68985
23.125 78.125 -0.43901
NaN NaN NaN
NaN NaN NaN
NaN NaN NaN
NaN NaN NaN
NaN NaN NaN
NaN NaN NaN
NaN NaN NaN
NaN NaN NaN
NaN NaN NaN
NaN NaN NaN
23.125 80.875 0.6544
23.125 81.125 0.99996
23.125 81.375 0.87291
23.125 81.625 -0.11009
23.125 81.875 0.40234
23.125 82.125 -0.48396
23.125 82.375 -0.81748
23.125 82.625 0.11663
23.125 82.875 -1.383
23.125 83.125 -1.711
23.125 83.375 1.5914
23.125 83.625 2.0527
NaN NaN NaN
NaN NaN NaN
NaN NaN NaN
NaN NaN NaN
NaN NaN NaN
NaN NaN NaN
NaN NaN NaN
NaN NaN NaN
NaN NaN NaN
23.125 86.125 -0.43517
23.125 86.375 0.60511
23.125 86.625 0.99564
23.125 86.875 1.1437
23.125 87.125 1.5464
23.125 87.375 2.1348
23.125 87.625 -0.075192
23.125 87.875 -1.2849
23.125 88.125 -0.71711
23.125 88.375 -0.15723
23.125 88.625 0.17442
NaN NaN NaN
23.125 92.625 -0.6229
NaN NaN NaN
NaN NaN NaN
NaN NaN NaN
NaN NaN NaN
NaN NaN NaN
NaN NaN NaN
NaN NaN NaN
NaN NaN NaN
NaN NaN NaN
NaN NaN NaN
23.375 70.875 1.5039
23.375 71.125 1.5107
23.375 71.375 1.0615
23.375 71.625 0.50088
23.375 71.875 1.0357
23.375 72.125 0.58571
23.375 72.375 0.76584
23.375 72.625 0.79372
23.375 72.875 0.91495
23.375 73.125 0.53019
23.375 73.375 0.65354
23.375 73.625 0.37664
NaN NaN NaN
NaN NaN NaN
NaN NaN NaN
NaN NaN NaN
NaN NaN NaN
NaN NaN NaN
NaN NaN NaN
NaN NaN NaN
NaN NaN NaN
NaN NaN NaN
23.375 76.375 0.38713
23.375 76.625 -0.095868
23.375 76.875 0.1276
23.375 77.125 0.31288
23.375 77.375 -0.257
23.375 77.625 -1.1081
23.375 77.875 0.58384
23.375 78.125 -0.6598
23.375 78.375 -1.1044
23.375 78.625 -0.93233
23.375 78.875 -0.6567
23.375 79.125 -1.1017
NaN NaN NaN
NaN NaN NaN
NaN NaN NaN
NaN NaN NaN
NaN NaN NaN
NaN NaN NaN
NaN NaN NaN
NaN NaN NaN
NaN NaN NaN
NaN NaN NaN
23.375 81.875 0.11009
23.375 82.125 -0.25285
23.375 82.375 1.4426
23.375 82.625 0.8102
23.375 82.875 0.13574
23.375 83.125 1.1411
23.375 83.375 1.5628
23.375 83.625 1.7929
23.375 83.875 0.89043
23.375 84.125 -1.9481
23.375 84.375 -0.91279
23.375 84.625 -1.3019
NaN NaN NaN
NaN NaN NaN
NaN NaN NaN
NaN NaN NaN
NaN NaN NaN
NaN NaN NaN
NaN NaN NaN
NaN NaN NaN
NaN NaN NaN
NaN NaN NaN
23.375 87.375 -0.41125
23.375 87.625 -1.9001
23.375 87.875 -1.5424
23.375 88.125 -0.91113
23.375 88.375 -0.70024
23.375 88.625 -0.5794
23.375 91.375 -0.9131
23.375 91.625 -0.60335
23.375 92.625 -0.65054
23.375 92.875 -0.64363
23.375 93.125 -1.0943
23.625 68.625 0.11277
NaN NaN NaN
NaN NaN NaN
NaN NaN NaN
NaN NaN NaN
NaN NaN NaN
NaN NaN NaN
NaN NaN NaN
NaN NaN NaN
NaN NaN NaN
23.625 71.125 1.509
23.625 71.375 2.1352
23.625 71.625 0.40365
23.625 71.875 0.0059451
23.625 72.125 -0.20467
23.625 72.375 -0.27147
23.625 72.625 0.32738
23.625 72.875 0.22382
23.625 73.125 0.17775
23.625 73.375 -0.22593
23.625 73.625 0.062659
23.625 73.875 -0.12002
23.625 74.125 0.37708
NaN NaN NaN
NaN NaN NaN
NaN NaN NaN
NaN NaN NaN
NaN NaN NaN
NaN NaN NaN
NaN NaN NaN
NaN NaN NaN
NaN NaN NaN
23.625 76.625 0.25146
23.625 76.875 -0.73904
23.625 77.125 0.2465
23.625 77.375 -0.083323
23.625 77.625 -0.97658
23.625 77.875 -0.68404
23.625 78.125 -0.68119
23.625 78.375 -0.9978
23.625 78.625 -0.57133
23.625 78.875 -0.368
23.625 79.125 -0.62779
23.625 79.375 -0.42402
23.625 79.625 -0.45412
NaN NaN NaN
NaN NaN NaN
NaN NaN NaN
NaN NaN NaN
NaN NaN NaN
NaN NaN NaN
NaN NaN NaN
NaN NaN NaN
NaN NaN NaN
NaN NaN NaN
23.625 82.375 0.64834
23.625 82.625 1.3683
23.625 82.875 1.332
23.625 83.125 1.2419
23.625 83.375 1.028
23.625 83.625 0.88708
23.625 83.875 -0.24773
23.625 84.125 -0.31759
23.625 84.375 0.34428
23.625 84.625 0.64761
23.625 84.875 -0.087333
23.625 85.125 -0.9286
NaN NaN NaN
NaN NaN NaN
NaN NaN NaN
NaN NaN NaN
NaN NaN NaN
NaN NaN NaN
NaN NaN NaN
NaN NaN NaN
NaN NaN NaN
23.625 87.625 -1.2212
23.625 87.875 -1.6549
23.625 88.125 -1.4966
23.625 88.375 -1.2352
23.625 91.375 -0.94007
23.625 91.625 -0.89101
NaN NaN NaN
23.625 92.375 -1.1922
23.625 92.625 -0.49003
23.625 92.875 -0.83266
23.625 93.125 -1.6184
23.875 68.875 0.22083
23.875 69.125 0.30935
NaN NaN NaN
NaN NaN NaN
NaN NaN NaN
NaN NaN NaN
NaN NaN NaN
NaN NaN NaN
NaN NaN NaN
NaN NaN NaN
NaN NaN NaN
NaN NaN NaN
23.875 71.875 0.91027
23.875 72.125 0.3435
23.875 72.375 0.14309
23.875 72.625 -0.12941
23.875 72.875 -0.12437
23.875 73.125 0.19936
23.875 73.375 -0.27499
23.875 73.625 -0.0627
23.875 73.875 0.3654
23.875 74.125 0.47394
23.875 74.375 0.40967
23.875 74.625 0.33486
NaN NaN NaN
NaN NaN NaN
NaN NaN NaN
NaN NaN NaN
NaN NaN NaN
NaN NaN NaN
NaN NaN NaN
NaN NaN NaN
NaN NaN NaN
23.875 77.125 0.92881
23.875 77.375 0.61997
23.875 77.625 0.14511
23.875 77.875 -0.12396
23.875 78.125 -0.53304
23.875 78.375 -0.89043
23.875 78.625 -0.90926
23.875 78.875 -0.5329
23.875 79.125 -0.48319
23.875 79.375 0.44108
23.875 79.625 -0.43836
23.875 79.875 -1.4138
23.875 80.125 -1.3033
NaN NaN NaN
NaN NaN NaN
NaN NaN NaN
NaN NaN NaN
NaN NaN NaN
NaN NaN NaN
NaN NaN NaN
NaN NaN NaN
NaN NaN NaN
NaN NaN NaN
23.875 82.875 0.19869
23.875 83.125 -0.77712
23.875 83.375 -0.47101
23.875 83.625 -0.14389
23.875 83.875 -0.16238
23.875 84.125 -0.81341
23.875 84.375 -0.68114
23.875 84.625 -1.1664
23.875 84.875 -1.3161
23.875 85.125 -1.5187
23.875 85.375 -1.5747
23.875 85.625 -0.89521
NaN NaN NaN
NaN NaN NaN
NaN NaN NaN
NaN NaN NaN
NaN NaN NaN
NaN NaN NaN
NaN NaN NaN
NaN NaN NaN
NaN NaN NaN
23.875 88.125 -1.5672
23.875 88.375 -1.5765
23.875 91.375 -1.0649
23.875 91.625 -0.58662
23.875 91.875 -0.436
23.875 92.125 -0.8627
23.875 92.375 -0.6803
23.875 92.625 -0.35725
23.875 92.875 -1.5022
23.875 93.125 -1.9779
23.875 93.375 -1.6267
24.125 68.875 0.28797
24.125 69.125 0.33481
NaN NaN NaN
NaN NaN NaN
NaN NaN NaN
NaN NaN NaN
NaN NaN NaN
NaN NaN NaN
NaN NaN NaN
NaN NaN NaN
NaN NaN NaN
NaN NaN NaN
24.125 71.875 0.69605
24.125 72.125 0.69374
24.125 72.375 0.35077
24.125 72.625 0.20429
24.125 72.875 0.31661
24.125 73.125 0.41647
24.125 73.375 -0.21439
24.125 73.625 0.40643
24.125 73.875 0.64569
24.125 74.125 0.16235
24.125 74.375 0.048164
24.125 74.625 0.31017
NaN NaN NaN
NaN NaN NaN
NaN NaN NaN
NaN NaN NaN
NaN NaN NaN
NaN NaN NaN
NaN NaN NaN
NaN NaN NaN
NaN NaN NaN
NaN NaN NaN
24.125 77.375 0.72327
24.125 77.625 0.084742
24.125 77.875 0.063225
24.125 78.125 -0.33088
24.125 78.375 -0.75625
24.125 78.625 -1.0467
24.125 78.875 -0.98362
24.125 79.125 -0.9061
24.125 79.375 -0.17978
24.125 79.625 -0.96161
24.125 79.875 -0.1167
24.125 80.125 -1.0374
NaN NaN NaN
NaN NaN NaN
NaN NaN NaN
NaN NaN NaN
NaN NaN NaN
NaN NaN NaN
NaN NaN NaN
NaN NaN NaN
NaN NaN NaN
NaN NaN NaN
NaN NaN NaN
NaN NaN NaN
NaN NaN NaN
NaN NaN NaN
NaN NaN NaN
NaN NaN NaN
NaN NaN NaN
NaN NaN NaN
NaN NaN NaN
NaN NaN NaN
NaN NaN NaN
NaN NaN NaN
NaN NaN NaN
NaN NaN NaN
NaN NaN NaN
NaN NaN NaN
NaN NaN NaN
NaN NaN NaN
NaN NaN NaN
NaN NaN NaN
NaN NaN NaN
NaN NaN NaN
NaN NaN NaN
NaN NaN NaN
NaN NaN NaN
NaN NaN NaN
NaN NaN NaN
NaN NaN NaN
NaN NaN NaN
NaN NaN NaN
NaN NaN NaN
NaN NaN NaN
NaN NaN NaN
NaN NaN NaN
NaN NaN NaN
NaN NaN NaN
NaN NaN NaN
NaN NaN NaN
NaN NaN NaN
NaN NaN NaN
NaN NaN NaN
NaN NaN NaN
NaN NaN NaN
NaN NaN NaN
NaN NaN NaN
NaN NaN NaN
NaN NaN NaN
NaN NaN NaN
NaN NaN NaN
NaN NaN NaN
NaN NaN NaN
NaN NaN NaN
NaN NaN NaN
NaN NaN NaN
NaN NaN NaN
NaN NaN NaN
NaN NaN NaN
NaN NaN NaN
NaN NaN NaN
NaN NaN NaN
NaN NaN NaN
NaN NaN NaN
NaN NaN NaN
NaN NaN NaN
NaN NaN NaN
NaN NaN NaN
NaN NaN NaN
NaN NaN NaN
NaN NaN NaN
NaN NaN NaN
NaN NaN NaN
NaN NaN NaN
NaN NaN NaN
NaN NaN NaN
NaN NaN NaN
NaN NaN NaN
NaN NaN NaN
NaN NaN NaN
NaN NaN NaN
NaN NaN NaN
NaN NaN NaN
NaN NaN NaN
NaN NaN NaN
NaN NaN NaN
NaN NaN NaN
NaN NaN NaN
NaN NaN NaN
NaN NaN NaN
NaN NaN NaN
NaN NaN NaN
NaN NaN NaN
NaN NaN NaN
NaN NaN NaN
NaN NaN NaN
NaN NaN NaN
NaN NaN NaN
NaN NaN NaN
NaN NaN NaN
NaN NaN NaN
NaN NaN NaN
NaN NaN NaN
NaN NaN NaN
NaN NaN NaN
NaN NaN NaN
NaN NaN NaN
NaN NaN NaN
NaN NaN NaN
NaN NaN NaN
NaN NaN NaN
NaN NaN NaN
NaN NaN NaN
NaN NaN NaN
NaN NaN NaN
NaN NaN NaN
NaN NaN NaN
NaN NaN NaN
NaN NaN NaN
NaN NaN NaN
NaN NaN NaN
NaN NaN NaN
NaN NaN NaN
NaN NaN NaN
NaN NaN NaN
NaN NaN NaN
NaN NaN NaN
NaN NaN NaN
NaN NaN NaN
NaN NaN NaN
NaN NaN NaN
NaN NaN NaN
NaN NaN NaN
NaN NaN NaN
NaN NaN NaN
NaN NaN NaN
NaN NaN NaN
NaN NaN NaN
NaN NaN NaN
NaN NaN NaN
NaN NaN NaN
NaN NaN NaN
NaN NaN NaN
NaN NaN NaN
NaN NaN NaN
NaN NaN NaN
NaN NaN NaN
NaN NaN NaN
NaN NaN NaN
NaN NaN NaN
NaN NaN NaN
NaN NaN NaN
NaN NaN NaN
NaN NaN NaN
NaN NaN NaN
NaN NaN NaN
NaN NaN NaN
NaN NaN NaN
NaN NaN NaN
NaN NaN NaN
NaN NaN NaN
NaN NaN NaN
NaN NaN NaN
NaN NaN NaN
NaN NaN NaN
NaN NaN NaN
NaN NaN NaN
NaN NaN NaN
NaN NaN NaN
NaN NaN NaN
NaN NaN NaN
NaN NaN NaN
NaN NaN NaN
NaN NaN NaN
NaN NaN NaN
NaN NaN NaN
NaN NaN NaN
NaN NaN NaN
NaN NaN NaN
NaN NaN NaN
NaN NaN NaN
NaN NaN NaN
NaN NaN NaN
NaN NaN NaN
NaN NaN NaN
NaN NaN NaN
NaN NaN NaN
NaN NaN NaN
NaN NaN NaN
NaN NaN NaN
NaN NaN NaN
NaN NaN NaN
NaN NaN NaN
NaN NaN NaN
NaN NaN NaN
NaN NaN NaN
NaN NaN NaN
NaN NaN NaN
NaN NaN NaN
NaN NaN NaN
NaN NaN NaN
NaN NaN NaN
NaN NaN NaN
NaN NaN NaN
NaN NaN NaN
NaN NaN NaN
NaN NaN NaN
NaN NaN NaN
NaN NaN NaN
NaN NaN NaN
NaN NaN NaN
NaN NaN NaN
NaN NaN NaN
NaN NaN NaN
NaN NaN NaN
NaN NaN NaN
NaN NaN NaN
NaN NaN NaN
NaN NaN NaN
NaN NaN NaN
NaN NaN NaN
NaN NaN NaN
NaN NaN NaN
NaN NaN NaN
NaN NaN NaN
NaN NaN NaN
NaN NaN NaN
NaN NaN NaN
NaN NaN NaN
NaN NaN NaN
NaN NaN NaN
NaN NaN NaN
NaN NaN NaN
NaN NaN NaN
NaN NaN NaN
NaN NaN NaN
NaN NaN NaN
NaN NaN NaN
NaN NaN NaN
NaN NaN NaN
NaN NaN NaN
NaN NaN NaN
NaN NaN NaN
NaN NaN NaN
NaN NaN NaN
NaN NaN NaN
NaN NaN NaN
NaN NaN NaN
NaN NaN NaN
NaN NaN NaN
NaN NaN NaN
NaN NaN NaN
NaN NaN NaN
NaN NaN NaN
NaN NaN NaN
NaN NaN NaN
NaN NaN NaN
NaN NaN NaN
NaN NaN NaN
NaN NaN NaN
NaN NaN NaN
NaN NaN NaN
NaN NaN NaN
NaN NaN NaN
NaN NaN NaN
NaN NaN NaN
NaN NaN NaN
NaN NaN NaN
NaN NaN NaN
NaN NaN NaN
NaN NaN NaN
NaN NaN NaN
NaN NaN NaN
NaN NaN NaN
NaN NaN NaN
NaN NaN NaN
NaN NaN NaN
NaN NaN NaN
NaN NaN NaN
NaN NaN NaN
NaN NaN NaN
NaN NaN NaN
NaN NaN NaN
NaN NaN NaN
NaN NaN NaN
NaN NaN NaN
NaN NaN NaN
NaN NaN NaN
NaN NaN NaN
NaN NaN NaN
NaN NaN NaN
NaN NaN NaN
NaN NaN NaN
NaN NaN NaN
NaN NaN NaN
NaN NaN NaN
NaN NaN NaN
NaN NaN NaN
NaN NaN NaN
NaN NaN NaN
NaN NaN NaN
NaN NaN NaN
NaN NaN NaN
NaN NaN NaN
NaN NaN NaN
NaN NaN NaN
NaN NaN NaN
NaN NaN NaN
NaN NaN NaN
NaN NaN NaN
NaN NaN NaN
NaN NaN NaN
NaN NaN NaN
NaN NaN NaN
NaN NaN NaN
NaN NaN NaN
NaN NaN NaN
NaN NaN NaN
NaN NaN NaN
NaN NaN NaN
NaN NaN NaN
NaN NaN NaN
NaN NaN NaN
NaN NaN NaN
NaN NaN NaN
NaN NaN NaN
NaN NaN NaN
NaN NaN NaN
NaN NaN NaN
NaN NaN NaN
NaN NaN NaN
NaN NaN NaN
NaN NaN NaN
NaN NaN NaN
NaN NaN NaN
NaN NaN NaN
NaN NaN NaN
NaN NaN NaN
NaN NaN NaN
NaN NaN NaN
NaN NaN NaN
NaN NaN NaN
NaN NaN NaN
NaN NaN NaN
NaN NaN NaN
NaN NaN NaN
NaN NaN NaN
NaN NaN NaN
NaN NaN NaN
NaN NaN NaN
NaN NaN NaN
NaN NaN NaN
NaN NaN NaN
NaN NaN NaN
NaN NaN NaN
NaN NaN NaN
NaN NaN NaN
NaN NaN NaN
NaN NaN NaN
NaN NaN NaN
NaN NaN NaN
NaN NaN NaN
NaN NaN NaN
NaN NaN NaN
NaN NaN NaN
NaN NaN NaN
NaN NaN NaN
NaN NaN NaN
NaN NaN NaN
NaN NaN NaN
NaN NaN NaN
NaN NaN NaN
NaN NaN NaN
NaN NaN NaN
NaN NaN NaN
NaN NaN NaN
NaN NaN NaN
NaN NaN NaN
NaN NaN NaN
NaN NaN NaN
NaN NaN NaN
NaN NaN NaN
NaN NaN NaN
NaN NaN NaN
NaN NaN NaN
NaN NaN NaN
NaN NaN NaN
NaN NaN NaN
NaN NaN NaN
NaN NaN NaN
NaN NaN NaN
NaN NaN NaN
NaN NaN NaN
NaN NaN NaN
NaN NaN NaN
NaN NaN NaN
NaN NaN NaN
NaN NaN NaN
NaN NaN NaN
NaN NaN NaN
NaN NaN NaN
NaN NaN NaN
NaN NaN NaN
NaN NaN NaN
NaN NaN NaN
NaN NaN NaN
NaN NaN NaN
NaN NaN NaN
NaN NaN NaN
NaN NaN NaN
NaN NaN NaN
NaN NaN NaN
NaN NaN NaN
NaN NaN NaN
NaN NaN NaN
NaN NaN NaN
NaN NaN NaN
NaN NaN NaN
NaN NaN NaN
NaN NaN NaN
NaN NaN NaN
NaN NaN NaN
NaN NaN NaN
NaN NaN NaN
NaN NaN NaN
NaN NaN NaN
NaN NaN NaN
NaN NaN NaN
NaN NaN NaN
NaN NaN NaN
NaN NaN NaN
NaN NaN NaN
NaN NaN NaN
NaN NaN NaN
NaN NaN NaN
NaN NaN NaN
NaN NaN NaN
NaN NaN NaN
NaN NaN NaN
NaN NaN NaN
NaN NaN NaN
NaN NaN NaN
NaN NaN NaN
NaN NaN NaN
NaN NaN NaN
NaN NaN NaN
NaN NaN NaN
NaN NaN NaN
NaN NaN NaN
NaN NaN NaN
NaN NaN NaN
NaN NaN NaN
NaN NaN NaN
NaN NaN NaN
NaN NaN NaN
NaN NaN NaN
NaN NaN NaN
NaN NaN NaN
NaN NaN NaN
NaN NaN NaN
NaN NaN NaN
NaN NaN NaN
NaN NaN NaN
NaN NaN NaN
NaN NaN NaN
NaN NaN NaN
NaN NaN NaN
NaN NaN NaN
NaN NaN NaN
NaN NaN NaN
NaN NaN NaN
NaN NaN NaN
NaN NaN NaN
NaN NaN NaN
NaN NaN NaN
NaN NaN NaN
NaN NaN NaN
NaN NaN NaN
NaN NaN NaN
NaN NaN NaN
NaN NaN NaN
NaN NaN NaN
NaN NaN NaN
NaN NaN NaN
NaN NaN NaN
NaN NaN NaN
NaN NaN NaN
NaN NaN NaN
NaN NaN NaN
NaN NaN NaN
NaN NaN NaN
NaN NaN NaN
NaN NaN NaN
NaN NaN NaN
NaN NaN NaN
NaN NaN NaN
NaN NaN NaN
NaN NaN NaN
NaN NaN NaN
NaN NaN NaN
NaN NaN NaN
NaN NaN NaN
NaN NaN NaN
NaN NaN NaN
NaN NaN NaN
NaN NaN NaN
NaN NaN NaN
NaN NaN NaN
NaN NaN NaN
NaN NaN NaN
NaN NaN NaN
NaN NaN NaN
NaN NaN NaN
NaN NaN NaN
NaN NaN NaN
NaN NaN NaN
NaN NaN NaN
NaN NaN NaN
NaN NaN NaN
NaN NaN NaN
NaN NaN NaN
NaN NaN NaN
NaN NaN NaN
NaN NaN NaN
NaN NaN NaN
NaN NaN NaN
NaN NaN NaN
NaN NaN NaN
NaN NaN NaN
NaN NaN NaN
NaN NaN NaN
NaN NaN NaN
NaN NaN NaN
NaN NaN NaN
NaN NaN NaN
NaN NaN NaN
NaN NaN NaN
NaN NaN NaN
NaN NaN NaN
NaN NaN NaN
NaN NaN NaN
NaN NaN NaN
NaN NaN NaN
NaN NaN NaN
NaN NaN NaN
NaN NaN NaN
NaN NaN NaN
NaN NaN NaN
NaN NaN NaN
NaN NaN NaN
NaN NaN NaN
NaN NaN NaN
NaN NaN NaN
NaN NaN NaN
NaN NaN NaN
NaN NaN NaN
NaN NaN NaN
NaN NaN NaN
NaN NaN NaN
NaN NaN NaN
NaN NaN NaN
NaN NaN NaN
NaN NaN NaN
NaN NaN NaN
NaN NaN NaN
NaN NaN NaN
NaN NaN NaN
NaN NaN NaN
NaN NaN NaN
NaN NaN NaN
NaN NaN NaN
NaN NaN NaN
NaN NaN NaN
NaN NaN NaN
NaN NaN NaN
NaN NaN NaN
NaN NaN NaN
NaN NaN NaN
NaN NaN NaN
NaN NaN NaN
NaN NaN NaN
NaN NaN NaN
NaN NaN NaN
NaN NaN NaN
NaN NaN NaN
NaN NaN NaN
NaN NaN NaN
NaN NaN NaN
NaN NaN NaN
NaN NaN NaN
NaN NaN NaN
NaN NaN NaN
NaN NaN NaN
NaN NaN NaN
NaN NaN NaN
NaN NaN NaN
NaN NaN NaN
NaN NaN NaN
NaN NaN NaN
NaN NaN NaN
NaN NaN NaN
NaN NaN NaN
NaN NaN NaN
NaN NaN NaN
NaN NaN NaN
NaN NaN NaN
NaN NaN NaN
NaN NaN NaN
NaN NaN NaN
NaN NaN NaN
NaN NaN NaN
NaN NaN NaN
NaN NaN NaN
NaN NaN NaN
NaN NaN NaN
NaN NaN NaN
NaN NaN NaN
NaN NaN NaN
NaN NaN NaN
NaN NaN NaN
NaN NaN NaN
NaN NaN NaN
NaN NaN NaN
NaN NaN NaN
NaN NaN NaN
NaN NaN NaN
NaN NaN NaN
NaN NaN NaN
NaN NaN NaN
NaN NaN NaN
NaN NaN NaN
NaN NaN NaN
NaN NaN NaN
NaN NaN NaN
NaN NaN NaN
NaN NaN NaN
NaN NaN NaN
NaN NaN NaN
NaN NaN NaN
NaN NaN NaN
NaN NaN NaN
NaN NaN NaN
NaN NaN NaN
NaN NaN NaN
NaN NaN NaN
NaN NaN NaN
NaN NaN NaN
NaN NaN NaN
NaN NaN NaN
NaN NaN NaN
NaN NaN NaN
NaN NaN NaN
NaN NaN NaN
NaN NaN NaN
NaN NaN NaN
NaN NaN NaN
NaN NaN NaN
NaN NaN NaN
NaN NaN NaN
NaN NaN NaN
NaN NaN NaN
NaN NaN NaN
NaN NaN NaN
NaN NaN NaN
NaN NaN NaN
NaN NaN NaN
NaN NaN NaN
NaN NaN NaN
NaN NaN NaN
NaN NaN NaN
NaN NaN NaN
NaN NaN NaN
NaN NaN NaN
NaN NaN NaN
NaN NaN NaN
NaN NaN NaN
NaN NaN NaN
NaN NaN NaN
NaN NaN NaN
NaN NaN NaN
NaN NaN NaN
NaN NaN NaN
NaN NaN NaN
NaN NaN NaN
NaN NaN NaN
NaN NaN NaN
NaN NaN NaN
NaN NaN NaN
NaN NaN NaN
NaN NaN NaN
NaN NaN NaN
NaN NaN NaN
NaN NaN NaN
NaN NaN NaN
NaN NaN NaN
NaN NaN NaN
NaN NaN NaN
NaN NaN NaN
NaN NaN NaN
NaN NaN NaN
NaN NaN NaN
NaN NaN NaN
NaN NaN NaN
NaN NaN NaN
NaN NaN NaN
NaN NaN NaN
NaN NaN NaN
NaN NaN NaN
NaN NaN NaN
NaN NaN NaN
NaN NaN NaN
NaN NaN NaN
NaN NaN NaN
NaN NaN NaN
NaN NaN NaN
NaN NaN NaN
NaN NaN NaN
NaN NaN NaN
NaN NaN NaN
NaN NaN NaN
NaN NaN NaN
NaN NaN NaN
NaN NaN NaN
NaN NaN NaN
NaN NaN NaN
NaN NaN NaN
NaN NaN NaN
NaN NaN NaN
NaN NaN NaN
NaN NaN NaN
NaN NaN NaN
NaN NaN NaN
NaN NaN NaN
NaN NaN NaN
NaN NaN NaN
NaN NaN NaN
NaN NaN NaN
NaN NaN NaN
NaN NaN NaN
NaN NaN NaN
NaN NaN NaN
NaN NaN NaN
NaN NaN NaN
NaN NaN NaN
NaN NaN NaN
NaN NaN NaN
NaN NaN NaN
NaN NaN NaN
NaN NaN NaN
NaN NaN NaN
NaN NaN NaN
NaN NaN NaN
NaN NaN NaN
NaN NaN NaN
NaN NaN NaN
NaN NaN NaN
NaN NaN NaN
NaN NaN NaN
NaN NaN NaN
NaN NaN NaN
NaN NaN NaN
NaN NaN NaN
NaN NaN NaN
NaN NaN NaN
NaN NaN NaN
NaN NaN NaN
NaN NaN NaN
NaN NaN NaN
NaN NaN NaN
NaN NaN NaN
NaN NaN NaN
NaN NaN NaN
NaN NaN NaN
NaN NaN NaN
NaN NaN NaN
NaN NaN NaN
NaN NaN NaN
NaN NaN NaN
NaN NaN NaN
NaN NaN NaN
NaN NaN NaN
NaN NaN NaN
NaN NaN NaN
NaN NaN NaN
NaN NaN NaN
NaN NaN NaN
NaN NaN NaN
NaN NaN NaN
NaN NaN NaN
NaN NaN NaN
NaN NaN NaN
NaN NaN NaN
NaN NaN NaN
NaN NaN NaN
NaN NaN NaN
NaN NaN NaN
NaN NaN NaN
NaN NaN NaN
NaN NaN NaN
NaN NaN NaN
NaN NaN NaN
NaN NaN NaN
NaN NaN NaN
NaN NaN NaN
NaN NaN NaN
NaN NaN NaN
NaN NaN NaN
NaN NaN NaN
NaN NaN NaN
NaN NaN NaN
NaN NaN NaN
NaN NaN NaN
NaN NaN NaN
NaN NaN NaN
NaN NaN NaN
NaN NaN NaN
NaN NaN NaN
NaN NaN NaN
NaN NaN NaN
NaN NaN NaN
NaN NaN NaN
NaN NaN NaN
NaN NaN NaN
NaN NaN NaN
NaN NaN NaN
NaN NaN NaN
NaN NaN NaN
NaN NaN NaN
NaN NaN NaN
NaN NaN NaN
NaN NaN NaN
NaN NaN NaN
NaN NaN NaN
NaN NaN NaN
NaN NaN NaN
NaN NaN NaN
NaN NaN NaN
NaN NaN NaN
NaN NaN NaN
NaN NaN NaN
NaN NaN NaN
NaN NaN NaN
NaN NaN NaN
NaN NaN NaN
NaN NaN NaN
NaN NaN NaN
NaN NaN NaN
NaN NaN NaN
NaN NaN NaN
NaN NaN NaN
NaN NaN NaN
NaN NaN NaN
NaN NaN NaN
NaN NaN NaN
NaN NaN NaN
NaN NaN NaN
NaN NaN NaN
NaN NaN NaN
NaN NaN NaN
NaN NaN NaN
NaN NaN NaN
NaN NaN NaN
NaN NaN NaN
NaN NaN NaN
NaN NaN NaN
NaN NaN NaN
NaN NaN NaN
NaN NaN NaN
NaN NaN NaN
NaN NaN NaN
NaN NaN NaN
NaN NaN NaN
NaN NaN NaN
NaN NaN NaN
NaN NaN NaN
NaN NaN NaN
NaN NaN NaN
NaN NaN NaN
NaN NaN NaN
NaN NaN NaN
NaN NaN NaN
NaN NaN NaN
NaN NaN NaN
NaN NaN NaN
NaN NaN NaN
NaN NaN NaN
NaN NaN NaN
NaN NaN NaN
NaN NaN NaN
NaN NaN NaN
NaN NaN NaN
NaN NaN NaN
NaN NaN NaN
NaN NaN NaN
NaN NaN NaN
NaN NaN NaN
NaN NaN NaN
NaN NaN NaN
NaN NaN NaN
NaN NaN NaN
NaN NaN NaN
NaN NaN NaN
NaN NaN NaN
NaN NaN NaN
NaN NaN NaN
NaN NaN NaN
NaN NaN NaN
NaN NaN NaN
NaN NaN NaN
NaN NaN NaN
NaN NaN NaN
NaN NaN NaN
NaN NaN NaN
NaN NaN NaN
NaN NaN NaN
NaN NaN NaN
NaN NaN NaN
NaN NaN NaN
NaN NaN NaN
NaN NaN NaN
NaN NaN NaN
NaN NaN NaN
NaN NaN NaN
NaN NaN NaN
NaN NaN NaN
NaN NaN NaN
NaN NaN NaN
NaN NaN NaN
NaN NaN NaN
NaN NaN NaN
NaN NaN NaN
NaN NaN NaN
NaN NaN NaN
NaN NaN NaN
NaN NaN NaN
NaN NaN NaN
NaN NaN NaN
NaN NaN NaN
NaN NaN NaN
NaN NaN NaN
NaN NaN NaN
NaN NaN NaN
NaN NaN NaN
NaN NaN NaN
NaN NaN NaN
NaN NaN NaN
NaN NaN NaN
NaN NaN NaN
NaN NaN NaN
NaN NaN NaN
NaN NaN NaN
NaN NaN NaN
NaN NaN NaN
NaN NaN NaN
NaN NaN NaN
NaN NaN NaN
NaN NaN NaN
NaN NaN NaN
NaN NaN NaN
NaN NaN NaN
NaN NaN NaN
NaN NaN NaN
NaN NaN NaN
NaN NaN NaN
NaN NaN NaN
NaN NaN NaN
NaN NaN NaN
NaN NaN NaN
NaN NaN NaN
NaN NaN NaN
NaN NaN NaN
NaN NaN NaN
NaN NaN NaN
NaN NaN NaN
NaN NaN NaN
NaN NaN NaN
NaN NaN NaN
NaN NaN NaN
NaN NaN NaN
NaN NaN NaN
NaN NaN NaN
NaN NaN NaN
NaN NaN NaN
NaN NaN NaN
NaN NaN NaN
NaN NaN NaN
NaN NaN NaN
NaN NaN NaN
NaN NaN NaN
NaN NaN NaN
NaN NaN NaN
NaN NaN NaN
NaN NaN NaN
NaN NaN NaN
NaN NaN NaN
NaN NaN NaN
NaN NaN NaN
NaN NaN NaN
NaN NaN NaN
NaN NaN NaN
NaN NaN NaN
NaN NaN NaN
NaN NaN NaN
NaN NaN NaN
NaN NaN NaN
NaN NaN NaN
NaN NaN NaN
NaN NaN NaN
NaN NaN NaN
NaN NaN NaN
NaN NaN NaN
NaN NaN NaN
NaN NaN NaN
NaN NaN NaN
NaN NaN NaN
NaN NaN NaN
NaN NaN NaN
NaN NaN NaN
NaN NaN NaN
NaN NaN NaN
NaN NaN NaN
NaN NaN NaN
NaN NaN NaN
NaN NaN NaN
NaN NaN NaN
NaN NaN NaN
NaN NaN NaN
NaN NaN NaN
NaN NaN NaN
NaN NaN NaN
NaN NaN NaN
NaN NaN NaN
NaN NaN NaN
NaN NaN NaN
NaN NaN NaN
NaN NaN NaN
NaN NaN NaN
NaN NaN NaN
NaN NaN NaN
NaN NaN NaN
NaN NaN NaN
NaN NaN NaN
NaN NaN NaN
NaN NaN NaN
NaN NaN NaN
NaN NaN NaN
NaN NaN NaN
NaN NaN NaN
NaN NaN NaN
NaN NaN NaN
NaN NaN NaN
NaN NaN NaN
NaN NaN NaN
NaN NaN NaN
NaN NaN NaN
NaN NaN NaN
NaN NaN NaN
NaN NaN NaN
NaN NaN NaN
NaN NaN NaN
NaN NaN NaN
NaN NaN NaN
NaN NaN NaN
NaN NaN NaN
NaN NaN NaN
NaN NaN NaN
NaN NaN NaN
NaN NaN NaN
NaN NaN NaN
NaN NaN NaN
NaN NaN NaN
NaN NaN NaN
NaN NaN NaN
NaN NaN NaN
NaN NaN NaN
NaN NaN NaN
NaN NaN NaN
NaN NaN NaN
NaN NaN NaN
NaN NaN NaN
NaN NaN NaN
NaN NaN NaN
NaN NaN NaN
NaN NaN NaN
NaN NaN NaN
NaN NaN NaN
NaN NaN NaN
NaN NaN NaN
NaN NaN NaN
NaN NaN NaN
NaN NaN NaN
NaN NaN NaN
NaN NaN NaN
NaN NaN NaN
NaN NaN NaN
NaN NaN NaN
NaN NaN NaN
NaN NaN NaN
NaN NaN NaN
NaN NaN NaN
NaN NaN NaN
NaN NaN NaN
NaN NaN NaN
NaN NaN NaN
NaN NaN NaN
NaN NaN NaN
NaN NaN NaN
NaN NaN NaN
NaN NaN NaN
NaN NaN NaN
NaN NaN NaN
NaN NaN NaN
NaN NaN NaN
NaN NaN NaN
NaN NaN NaN
NaN NaN NaN
NaN NaN NaN
NaN NaN NaN
NaN NaN NaN
NaN NaN NaN
NaN NaN NaN
NaN NaN NaN
NaN NaN NaN
NaN NaN NaN
NaN NaN NaN
NaN NaN NaN
NaN NaN NaN
NaN NaN NaN
NaN NaN NaN
NaN NaN NaN
NaN NaN NaN
NaN NaN NaN
NaN NaN NaN
NaN NaN NaN
NaN NaN NaN
NaN NaN NaN
NaN NaN NaN
NaN NaN NaN
NaN NaN NaN
NaN NaN NaN
NaN NaN NaN
NaN NaN NaN
NaN NaN NaN
NaN NaN NaN
NaN NaN NaN
NaN NaN NaN
NaN NaN NaN
NaN NaN NaN
NaN NaN NaN
NaN NaN NaN
NaN NaN NaN
NaN NaN NaN
NaN NaN NaN
NaN NaN NaN
NaN NaN NaN
NaN NaN NaN
NaN NaN NaN
NaN NaN NaN
NaN NaN NaN
NaN NaN NaN
NaN NaN NaN
NaN NaN NaN
NaN NaN NaN
NaN NaN NaN
NaN NaN NaN
NaN NaN NaN
NaN NaN NaN
NaN NaN NaN
NaN NaN NaN
NaN NaN NaN
NaN NaN NaN
NaN NaN NaN
NaN NaN NaN
NaN NaN NaN
NaN NaN NaN
NaN NaN NaN
NaN NaN NaN
NaN NaN NaN
NaN NaN NaN
NaN NaN NaN
NaN NaN NaN
NaN NaN NaN
NaN NaN NaN
NaN NaN NaN
NaN NaN NaN
NaN NaN NaN
NaN NaN NaN
NaN NaN NaN
NaN NaN NaN
NaN NaN NaN
NaN NaN NaN
NaN NaN NaN
NaN NaN NaN
NaN NaN NaN
NaN NaN NaN
NaN NaN NaN
NaN NaN NaN
NaN NaN NaN
NaN NaN NaN
NaN NaN NaN
NaN NaN NaN
NaN NaN NaN
NaN NaN NaN
NaN NaN NaN
NaN NaN NaN
NaN NaN NaN
NaN NaN NaN
NaN NaN NaN
NaN NaN NaN
NaN NaN NaN
NaN NaN NaN
NaN NaN NaN
NaN NaN NaN
NaN NaN NaN
NaN NaN NaN
NaN NaN NaN
NaN NaN NaN
NaN NaN NaN
NaN NaN NaN
NaN NaN NaN
NaN NaN NaN
NaN NaN NaN
NaN NaN NaN
NaN NaN NaN
NaN NaN NaN
NaN NaN NaN
NaN NaN NaN
NaN NaN NaN
NaN NaN NaN
NaN NaN NaN
NaN NaN NaN
NaN NaN NaN
NaN NaN NaN
NaN NaN NaN
NaN NaN NaN
NaN NaN NaN
NaN NaN NaN
NaN NaN NaN
NaN NaN NaN
NaN NaN NaN
NaN NaN NaN
NaN NaN NaN
NaN NaN NaN
NaN NaN NaN
NaN NaN NaN
NaN NaN NaN
NaN NaN NaN
NaN NaN NaN
NaN NaN NaN
NaN NaN NaN
NaN NaN NaN
NaN NaN NaN
NaN NaN NaN
NaN NaN NaN
NaN NaN NaN
NaN NaN NaN
NaN NaN NaN
NaN NaN NaN
NaN NaN NaN
NaN NaN NaN
NaN NaN NaN
NaN NaN NaN
NaN NaN NaN
NaN NaN NaN
NaN NaN NaN
NaN NaN NaN
NaN NaN NaN
NaN NaN NaN
NaN NaN NaN
NaN NaN NaN
NaN NaN NaN
NaN NaN NaN
NaN NaN NaN
NaN NaN NaN
NaN NaN NaN
NaN NaN NaN
NaN NaN NaN
NaN NaN NaN
NaN NaN NaN
NaN NaN NaN
NaN NaN NaN
NaN NaN NaN
NaN NaN NaN
NaN NaN NaN
NaN NaN NaN
NaN NaN NaN
NaN NaN NaN
NaN NaN NaN
NaN NaN NaN
NaN NaN NaN
NaN NaN NaN
NaN NaN NaN
NaN NaN NaN
NaN NaN NaN
NaN NaN NaN
NaN NaN NaN
NaN NaN NaN
NaN NaN NaN
NaN NaN NaN
NaN NaN NaN
NaN NaN NaN
NaN NaN NaN
NaN NaN NaN
NaN NaN NaN
NaN NaN NaN
NaN NaN NaN
NaN NaN NaN
NaN NaN NaN
NaN NaN NaN
NaN NaN NaN
NaN NaN NaN
NaN NaN NaN
NaN NaN NaN
NaN NaN NaN
NaN NaN NaN
NaN NaN NaN
NaN NaN NaN
NaN NaN NaN
NaN NaN NaN
NaN NaN NaN
NaN NaN NaN
NaN NaN NaN
NaN NaN NaN
NaN NaN NaN
NaN NaN NaN
NaN NaN NaN
NaN NaN NaN
NaN NaN NaN
NaN NaN NaN
NaN NaN NaN
NaN NaN NaN
NaN NaN NaN
NaN NaN NaN
NaN NaN NaN
NaN NaN NaN
NaN NaN NaN
NaN NaN NaN
NaN NaN NaN
NaN NaN NaN
NaN NaN NaN
NaN NaN NaN
NaN NaN NaN
NaN NaN NaN
NaN NaN NaN
NaN NaN NaN
NaN NaN NaN
NaN NaN NaN
NaN NaN NaN
NaN NaN NaN
NaN NaN NaN
NaN NaN NaN
NaN NaN NaN
NaN NaN NaN
NaN NaN NaN
NaN NaN NaN
NaN NaN NaN
NaN NaN NaN
NaN NaN NaN
NaN NaN NaN
NaN NaN NaN
NaN NaN NaN
NaN NaN NaN
NaN NaN NaN
NaN NaN NaN
NaN NaN NaN
NaN NaN NaN
NaN NaN NaN
NaN NaN NaN
NaN NaN NaN
NaN NaN NaN
NaN NaN NaN
NaN NaN NaN
NaN NaN NaN
NaN NaN NaN
NaN NaN NaN
NaN NaN NaN
NaN NaN NaN
NaN NaN NaN
NaN NaN NaN
NaN NaN NaN
NaN NaN NaN
NaN NaN NaN
NaN NaN NaN
NaN NaN NaN
NaN NaN NaN
NaN NaN NaN
NaN NaN NaN
NaN NaN NaN
NaN NaN NaN
NaN NaN NaN
NaN NaN NaN
NaN NaN NaN
NaN NaN NaN
NaN NaN NaN
NaN NaN NaN
NaN NaN NaN
NaN NaN NaN
NaN NaN NaN
NaN NaN NaN
NaN NaN NaN
NaN NaN NaN
NaN NaN NaN
NaN NaN NaN
NaN NaN NaN
NaN NaN NaN
NaN NaN NaN
NaN NaN NaN
NaN NaN NaN
NaN NaN NaN
NaN NaN NaN
NaN NaN NaN
NaN NaN NaN
NaN NaN NaN
NaN NaN NaN
NaN NaN NaN
NaN NaN NaN
NaN NaN NaN
NaN NaN NaN
NaN NaN NaN
NaN NaN NaN
NaN NaN NaN
NaN NaN NaN
NaN NaN NaN
NaN NaN NaN
NaN NaN NaN
NaN NaN NaN
NaN NaN NaN
NaN NaN NaN
NaN NaN NaN
NaN NaN NaN
NaN NaN NaN
NaN NaN NaN
NaN NaN NaN
NaN NaN NaN
NaN NaN NaN
NaN NaN NaN
NaN NaN NaN
NaN NaN NaN
NaN NaN NaN
NaN NaN NaN
NaN NaN NaN
NaN NaN NaN
NaN NaN NaN
NaN NaN NaN
NaN NaN NaN
NaN NaN NaN
NaN NaN NaN
NaN NaN NaN
NaN NaN NaN
NaN NaN NaN
NaN NaN NaN
NaN NaN NaN
NaN NaN NaN
NaN NaN NaN
NaN NaN NaN
NaN NaN NaN
NaN NaN NaN
NaN NaN NaN
NaN NaN NaN
NaN NaN NaN
NaN NaN NaN
NaN NaN NaN
NaN NaN NaN
NaN NaN NaN
NaN NaN NaN
NaN NaN NaN
NaN NaN NaN
NaN NaN NaN
NaN NaN NaN
NaN NaN NaN
NaN NaN NaN
NaN NaN NaN
NaN NaN NaN
NaN NaN NaN
NaN NaN NaN
NaN NaN NaN
NaN NaN NaN
NaN NaN NaN
NaN NaN NaN
NaN NaN NaN
NaN NaN NaN
NaN NaN NaN
NaN NaN NaN
NaN NaN NaN
NaN NaN NaN
NaN NaN NaN
NaN NaN NaN
NaN NaN NaN
NaN NaN NaN
NaN NaN NaN
NaN NaN NaN
NaN NaN NaN
NaN NaN NaN
NaN NaN NaN
NaN NaN NaN
NaN NaN NaN
NaN NaN NaN
NaN NaN NaN
NaN NaN NaN
NaN NaN NaN
NaN NaN NaN
NaN NaN NaN
NaN NaN NaN
NaN NaN NaN
NaN NaN NaN
NaN NaN NaN
NaN NaN NaN
NaN NaN NaN
NaN NaN NaN
NaN NaN NaN
NaN NaN NaN
NaN NaN NaN
NaN NaN NaN
NaN NaN NaN
NaN NaN NaN
NaN NaN NaN
NaN NaN NaN
NaN NaN NaN
NaN NaN NaN
NaN NaN NaN
NaN NaN NaN
NaN NaN NaN
NaN NaN NaN
NaN NaN NaN
NaN NaN NaN
NaN NaN NaN
NaN NaN NaN
NaN NaN NaN
NaN NaN NaN
NaN NaN NaN
NaN NaN NaN
NaN NaN NaN
NaN NaN NaN
NaN NaN NaN
NaN NaN NaN
NaN NaN NaN
NaN NaN NaN
NaN NaN NaN
NaN NaN NaN
NaN NaN NaN
NaN NaN NaN
NaN NaN NaN
NaN NaN NaN
NaN NaN NaN
NaN NaN NaN
NaN NaN NaN
NaN NaN NaN
NaN NaN NaN
NaN NaN NaN
NaN NaN NaN
NaN NaN NaN
NaN NaN NaN
NaN NaN NaN
NaN NaN NaN
NaN NaN NaN
NaN NaN NaN
NaN NaN NaN
NaN NaN NaN
NaN NaN NaN
NaN NaN NaN
NaN NaN NaN
NaN NaN NaN
NaN NaN NaN
NaN NaN NaN
NaN NaN NaN
NaN NaN NaN
NaN NaN NaN
NaN NaN NaN
NaN NaN NaN
NaN NaN NaN
NaN NaN NaN
NaN NaN NaN
NaN NaN NaN
NaN NaN NaN
NaN NaN NaN
NaN NaN NaN
NaN NaN NaN
NaN NaN NaN
NaN NaN NaN
NaN NaN NaN
NaN NaN NaN
NaN NaN NaN
NaN NaN NaN
NaN NaN NaN
NaN NaN NaN
NaN NaN NaN
NaN NaN NaN
NaN NaN NaN
NaN NaN NaN
NaN NaN NaN
NaN NaN NaN
NaN NaN NaN
NaN NaN NaN
NaN NaN NaN
NaN NaN NaN
NaN NaN NaN
NaN NaN NaN
NaN NaN NaN
NaN NaN NaN
NaN NaN NaN
NaN NaN NaN
NaN NaN NaN
NaN NaN NaN
NaN NaN NaN
NaN NaN NaN
NaN NaN NaN
NaN NaN NaN
NaN NaN NaN
NaN NaN NaN
NaN NaN NaN
NaN NaN NaN
NaN NaN NaN
NaN NaN NaN
NaN NaN NaN
NaN NaN NaN
NaN NaN NaN
NaN NaN NaN
NaN NaN NaN
NaN NaN NaN
NaN NaN NaN
NaN NaN NaN
NaN NaN NaN
NaN NaN NaN
NaN NaN NaN
NaN NaN NaN
NaN NaN NaN
NaN NaN NaN
NaN NaN NaN
NaN NaN NaN
NaN NaN NaN
NaN NaN NaN
NaN NaN NaN
NaN NaN NaN
NaN NaN NaN
NaN NaN NaN
NaN NaN NaN
NaN NaN NaN
NaN NaN NaN
NaN NaN NaN
NaN NaN NaN
NaN NaN NaN
NaN NaN NaN
NaN NaN NaN
NaN NaN NaN
NaN NaN NaN
NaN NaN NaN
NaN NaN NaN
NaN NaN NaN
NaN NaN NaN
NaN NaN NaN
NaN NaN NaN
NaN NaN NaN
NaN NaN NaN
NaN NaN NaN
NaN NaN NaN
NaN NaN NaN
NaN NaN NaN
NaN NaN NaN
NaN NaN NaN
NaN NaN NaN
NaN NaN NaN
NaN NaN NaN
NaN NaN NaN
NaN NaN NaN
NaN NaN NaN
NaN NaN NaN
NaN NaN NaN
NaN NaN NaN
NaN NaN NaN
NaN NaN NaN
NaN NaN NaN
NaN NaN NaN
NaN NaN NaN
NaN NaN NaN
NaN NaN NaN
NaN NaN NaN
NaN NaN NaN
NaN NaN NaN
NaN NaN NaN
NaN NaN NaN
NaN NaN NaN
NaN NaN NaN
NaN NaN NaN
NaN NaN NaN
NaN NaN NaN
NaN NaN NaN
NaN NaN NaN
NaN NaN NaN
NaN NaN NaN
NaN NaN NaN
NaN NaN NaN
NaN NaN NaN
NaN NaN NaN
NaN NaN NaN
NaN NaN NaN
NaN NaN NaN
NaN NaN NaN
NaN NaN NaN
NaN NaN NaN
NaN NaN NaN
NaN NaN NaN
NaN NaN NaN
NaN NaN NaN
NaN NaN NaN
NaN NaN NaN
NaN NaN NaN
NaN NaN NaN
NaN NaN NaN
NaN NaN NaN
NaN NaN NaN
NaN NaN NaN
NaN NaN NaN
NaN NaN NaN
NaN NaN NaN
NaN NaN NaN
NaN NaN NaN
NaN NaN NaN
NaN NaN NaN
NaN NaN NaN
NaN NaN NaN
NaN NaN NaN
NaN NaN NaN
NaN NaN NaN
NaN NaN NaN
NaN NaN NaN
NaN NaN NaN
NaN NaN NaN
NaN NaN NaN
NaN NaN NaN
NaN NaN NaN
NaN NaN NaN
NaN NaN NaN
NaN NaN NaN
NaN NaN NaN
NaN NaN NaN
NaN NaN NaN
NaN NaN NaN
NaN NaN NaN
NaN NaN NaN
NaN NaN NaN
NaN NaN NaN
NaN NaN NaN
NaN NaN NaN
NaN NaN NaN
NaN NaN NaN
NaN NaN NaN
NaN NaN NaN
NaN NaN NaN
NaN NaN NaN
NaN NaN NaN
NaN NaN NaN
NaN NaN NaN
NaN NaN NaN
NaN NaN NaN
NaN NaN NaN
NaN NaN NaN
NaN NaN NaN
NaN NaN NaN
NaN NaN NaN
NaN NaN NaN
NaN NaN NaN
NaN NaN NaN
NaN NaN NaN
NaN NaN NaN
NaN NaN NaN
NaN NaN NaN
NaN NaN NaN
NaN NaN NaN
NaN NaN NaN
NaN NaN NaN
NaN NaN NaN
NaN NaN NaN
NaN NaN NaN
NaN NaN NaN
NaN NaN NaN
NaN NaN NaN
NaN NaN NaN
NaN NaN NaN
NaN NaN NaN
NaN NaN NaN
NaN NaN NaN
NaN NaN NaN
NaN NaN NaN
NaN NaN NaN
NaN NaN NaN
NaN NaN NaN
NaN NaN NaN
NaN NaN NaN
NaN NaN NaN
NaN NaN NaN
NaN NaN NaN
NaN NaN NaN
NaN NaN NaN
NaN NaN NaN
NaN NaN NaN
NaN NaN NaN
NaN NaN NaN
NaN NaN NaN
NaN NaN NaN
NaN NaN NaN
NaN NaN NaN
NaN NaN NaN
NaN NaN NaN
NaN NaN NaN
NaN NaN NaN
NaN NaN NaN
NaN NaN NaN
NaN NaN NaN
NaN NaN NaN
NaN NaN NaN
NaN NaN NaN
NaN NaN NaN
NaN NaN NaN
NaN NaN NaN
NaN NaN NaN
NaN NaN NaN
NaN NaN NaN
NaN NaN NaN
NaN NaN NaN
NaN NaN NaN
NaN NaN NaN
NaN NaN NaN
NaN NaN NaN
NaN NaN NaN
NaN NaN NaN
NaN NaN NaN
NaN NaN NaN
NaN NaN NaN
NaN NaN NaN
NaN NaN NaN
NaN NaN NaN
NaN NaN NaN
NaN NaN NaN
NaN NaN NaN
NaN NaN NaN
NaN NaN NaN
NaN NaN NaN
NaN NaN NaN
NaN NaN NaN
NaN NaN NaN
NaN NaN NaN
NaN NaN NaN
NaN NaN NaN
NaN NaN NaN
NaN NaN NaN
NaN NaN NaN
NaN NaN NaN
NaN NaN NaN
NaN NaN NaN
NaN NaN NaN
NaN NaN NaN
NaN NaN NaN
NaN NaN NaN
NaN NaN NaN
NaN NaN NaN
NaN NaN NaN
NaN NaN NaN
NaN NaN NaN
NaN NaN NaN
NaN NaN NaN
NaN NaN NaN
NaN NaN NaN
NaN NaN NaN
NaN NaN NaN
NaN NaN NaN
NaN NaN NaN
NaN NaN NaN
NaN NaN NaN
NaN NaN NaN
NaN NaN NaN
NaN NaN NaN
NaN NaN NaN
NaN NaN NaN
NaN NaN NaN
NaN NaN NaN
NaN NaN NaN
NaN NaN NaN
NaN NaN NaN
NaN NaN NaN
NaN NaN NaN
NaN NaN NaN
NaN NaN NaN
NaN NaN NaN
NaN NaN NaN
NaN NaN NaN
NaN NaN NaN
NaN NaN NaN
NaN NaN NaN
NaN NaN NaN
NaN NaN NaN
NaN NaN NaN
NaN NaN NaN
NaN NaN NaN
NaN NaN NaN
NaN NaN NaN
NaN NaN NaN
NaN NaN NaN
NaN NaN NaN
NaN NaN NaN
NaN NaN NaN
NaN NaN NaN
NaN NaN NaN
NaN NaN NaN
NaN NaN NaN
NaN NaN NaN
NaN NaN NaN
NaN NaN NaN
NaN NaN NaN
NaN NaN NaN
NaN NaN NaN
NaN NaN NaN
NaN NaN NaN
NaN NaN NaN
NaN NaN NaN
NaN NaN NaN
NaN NaN NaN
NaN NaN NaN
NaN NaN NaN
NaN NaN NaN
NaN NaN NaN
NaN NaN NaN
NaN NaN NaN
NaN NaN NaN
NaN NaN NaN
NaN NaN NaN
NaN NaN NaN
NaN NaN NaN
NaN NaN NaN
NaN NaN NaN
NaN NaN NaN
NaN NaN NaN
NaN NaN NaN
NaN NaN NaN
NaN NaN NaN
NaN NaN NaN
NaN NaN NaN
NaN NaN NaN
NaN NaN NaN
NaN NaN NaN
NaN NaN NaN
NaN NaN NaN
NaN NaN NaN
NaN NaN NaN
NaN NaN NaN
NaN NaN NaN
NaN NaN NaN
NaN NaN NaN
NaN NaN NaN
NaN NaN NaN
NaN NaN NaN
NaN NaN NaN
NaN NaN NaN
NaN NaN NaN
NaN NaN NaN
NaN NaN NaN
NaN NaN NaN
NaN NaN NaN
NaN NaN NaN
NaN NaN NaN
NaN NaN NaN
NaN NaN NaN
NaN NaN NaN
NaN NaN NaN
NaN NaN NaN
NaN NaN NaN
NaN NaN NaN
NaN NaN NaN
NaN NaN NaN
NaN NaN NaN
NaN NaN NaN
NaN NaN NaN
NaN NaN NaN
NaN NaN NaN
NaN NaN NaN
NaN NaN NaN
NaN NaN NaN
NaN NaN NaN
NaN NaN NaN
NaN NaN NaN
NaN NaN NaN
NaN NaN NaN
NaN NaN NaN
NaN NaN NaN
NaN NaN NaN
NaN NaN NaN
NaN NaN NaN
NaN NaN NaN
NaN NaN NaN
NaN NaN NaN
NaN NaN NaN
NaN NaN NaN
NaN NaN NaN
NaN NaN NaN
NaN NaN NaN
NaN NaN NaN
NaN NaN NaN
NaN NaN NaN
NaN NaN NaN
NaN NaN NaN
NaN NaN NaN
NaN NaN NaN
NaN NaN NaN
NaN NaN NaN
NaN NaN NaN
NaN NaN NaN
NaN NaN NaN
NaN NaN NaN
NaN NaN NaN
NaN NaN NaN
NaN NaN NaN
NaN NaN NaN
NaN NaN NaN
NaN NaN NaN
NaN NaN NaN
NaN NaN NaN
NaN NaN NaN
NaN NaN NaN
NaN NaN NaN
NaN NaN NaN
NaN NaN NaN
NaN NaN NaN
NaN NaN NaN
NaN NaN NaN
NaN NaN NaN
NaN NaN NaN
NaN NaN NaN
NaN NaN NaN
NaN NaN NaN
NaN NaN NaN
NaN NaN NaN
NaN NaN NaN
NaN NaN NaN
NaN NaN NaN
NaN NaN NaN
NaN NaN NaN
NaN NaN NaN
NaN NaN NaN
NaN NaN NaN
NaN NaN NaN
NaN NaN NaN
NaN NaN NaN
NaN NaN NaN
NaN NaN NaN
NaN NaN NaN
NaN NaN NaN
NaN NaN NaN
NaN NaN NaN
NaN NaN NaN
NaN NaN NaN
NaN NaN NaN
NaN NaN NaN
NaN NaN NaN
NaN NaN NaN
NaN NaN NaN
NaN NaN NaN
NaN NaN NaN
NaN NaN NaN
NaN NaN NaN
NaN NaN NaN
NaN NaN NaN
NaN NaN NaN
NaN NaN NaN
NaN NaN NaN
NaN NaN NaN
NaN NaN NaN
NaN NaN NaN
NaN NaN NaN
NaN NaN NaN
NaN NaN NaN
NaN NaN NaN
NaN NaN NaN
NaN NaN NaN
NaN NaN NaN
NaN NaN NaN
NaN NaN NaN
NaN NaN NaN
NaN NaN NaN
NaN NaN NaN
NaN NaN NaN
NaN NaN NaN
NaN NaN NaN
NaN NaN NaN
NaN NaN NaN
NaN NaN NaN
NaN NaN NaN
NaN NaN NaN
NaN NaN NaN
NaN NaN NaN
NaN NaN NaN
NaN NaN NaN
NaN NaN NaN
NaN NaN NaN
NaN NaN NaN
NaN NaN NaN
NaN NaN NaN
NaN NaN NaN
NaN NaN NaN
NaN NaN NaN
NaN NaN NaN
NaN NaN NaN
NaN NaN NaN
NaN NaN NaN
NaN NaN NaN
NaN NaN NaN
NaN NaN NaN
NaN NaN NaN
NaN NaN NaN
NaN NaN NaN
NaN NaN NaN
NaN NaN NaN
NaN NaN NaN
NaN NaN NaN
NaN NaN NaN
NaN NaN NaN
NaN NaN NaN
NaN NaN NaN
NaN NaN NaN
NaN NaN NaN
NaN NaN NaN
NaN NaN NaN
NaN NaN NaN
NaN NaN NaN
NaN NaN NaN
NaN NaN NaN
NaN NaN NaN
NaN NaN NaN
NaN NaN NaN
NaN NaN NaN
NaN NaN NaN
