8.125 77.375 1.2613
8.375 77.125 0.20871
8.375 77.375 1.2296
8.375 77.625 1.8858
8.375 77.875 1.2818
8.625 76.875 -0.15613
8.625 77.125 0.91934
8.625 77.375 1.0901
8.625 77.625 0.49403
8.625 77.875 1.6039
8.875 76.875 -0.21985
8.875 77.125 1.5983
8.875 77.375 -0.64766
8.875 77.625 -0.52664
8.875 77.875 -1.0637
9.125 76.625 0.54938
9.125 76.875 0.87889
9.125 77.125 0.35558
9.125 77.375 0.019184
9.125 77.625 -0.15269
9.125 77.875 -0.94219
9.125 78.125 0.023
NaN NaN NaN
9.375 76.625 0.064511
9.375 76.875 0.30716
9.375 77.125 0.60997
9.375 77.375 0.72546
9.375 77.625 -0.21442
9.375 77.875 -0.35885
9.375 78.125 -0.18314
9.375 78.375 -0.00037168
9.375 78.625 -0.53047
NaN NaN NaN
9.625 76.375 -0.56528
9.625 76.625 -0.084555
9.625 76.875 0.60512
9.625 77.125 1.2727
9.625 77.375 0.34438
9.625 77.625 -0.46249
9.625 77.875 0.53458
9.625 78.125 -0.45593
9.625 78.375 -0.0034035
9.625 78.625 0.13709
9.875 76.625 0.011951
9.875 76.875 -0.053111
9.875 77.125 1.4702
9.875 77.375 -0.20036
9.875 77.625 0.45927
9.875 77.875 0.59911
9.875 78.125 -1.0481
9.875 78.375 0.28738
9.875 78.625 0.29496
9.875 78.875 0.24005
10.125 76.375 -0.43567
10.125 76.625 1.0235
10.125 76.875 2.3549
10.125 77.125 -0.35911
10.125 77.375 -0.20423
10.125 77.625 0.26103
10.125 77.875 0.50126
10.125 78.125 -0.012381
10.125 78.375 0.71405
10.125 78.625 -0.26661
10.125 78.875 -0.73979
10.125 79.125 0.61951
10.375 76.375 -0.85049
10.375 76.625 -0.15606
10.375 76.875 0.82661
10.375 77.125 0.96414
10.375 77.375 0.59866
10.375 77.625 0.3702
10.375 77.875 -0.80157
10.375 78.125 -0.1142
10.375 78.375 -0.55586
10.375 78.625 0.0368
10.375 78.875 -0.31228
10.375 79.125 1.0891
NaN NaN NaN
NaN NaN NaN
10.625 76.125 -0.34409
10.625 76.375 0.3521
10.625 76.625 0.01286
10.625 76.875 0.58012
10.625 77.125 0.32879
10.625 77.375 -0.21518
10.625 77.625 0.49043
10.625 77.875 0.24337
10.625 78.125 -0.58951
10.625 78.375 -0.68693
10.625 78.625 0.093137
10.625 78.875 -0.38288
10.625 79.125 0.51174
10.625 79.375 1.2919
10.625 79.625 1.023
10.875 76.125 0.63326
10.875 76.375 1.4308
10.875 76.625 0.54234
10.875 76.875 0.06679
10.875 77.125 0.74382
10.875 77.375 0.56597
10.875 77.625 0.15593
10.875 77.875 -0.51418
10.875 78.125 -1.1328
10.875 78.375 0.56834
10.875 78.625 1.8414
10.875 78.875 1.0789
10.875 79.125 -0.98595
10.875 79.375 0.05024
10.875 79.625 0.70934
11.125 76.125 0.19751
11.125 76.375 0.8225
11.125 76.625 1.5605
11.125 76.875 -0.52195
11.125 77.125 0.63595
11.125 77.375 0.65757
11.125 77.625 0.58256
11.125 77.875 0.6023
11.125 78.125 -0.77349
11.125 78.375 1.2221
11.125 78.625 0.23856
11.125 78.875 0.9397
11.125 79.125 0.83728
11.125 79.375 0.6433
11.125 79.625 0.73358
11.375 75.875 -0.37427
11.375 76.125 -0.32873
11.375 76.375 0.56451
11.375 76.625 -0.089163
11.375 76.875 1.0683
11.375 77.125 0.1663
11.375 77.375 0.33015
11.375 77.625 0.8938
11.375 77.875 0.060715
11.375 78.125 0.34256
11.375 78.375 -0.20202
11.375 78.625 -0.72518
11.375 78.875 0.33633
11.375 79.125 0.64071
11.375 79.375 1.0767
11.375 79.625 1.0248
11.625 75.875 -0.11991
11.625 76.125 0.70928
11.625 76.375 -0.41186
11.625 76.625 1.0287
11.625 76.875 0.43892
11.625 77.125 0.032089
11.625 77.375 1.1583
11.625 77.625 0.61297
11.625 77.875 -0.7331
11.625 78.125 -0.1376
11.625 78.375 -0.29163
11.625 78.625 0.13668
11.625 78.875 0.39355
11.625 79.125 1.1582
11.625 79.375 0.21219
NaN NaN NaN
NaN NaN NaN
11.875 75.875 -0.58133
11.875 76.125 0.20762
11.875 76.375 0.2374
11.875 76.625 0.58131
11.875 76.875 -0.88093
11.875 77.125 0.7456
11.875 77.375 0.87049
11.875 77.625 0.24119
11.875 77.875 0.41049
11.875 78.125 0.018857
11.875 78.375 0.14725
11.875 78.625 0.64218
11.875 78.875 -0.23281
11.875 79.125 0.56784
11.875 79.375 -0.19423
11.875 79.625 -0.054961
12.125 75.375 -1.4448
12.125 75.625 -0.49101
12.125 75.875 0.37541
12.125 76.125 0.025549
12.125 76.375 -0.55369
12.125 76.625 -0.21054
12.125 76.875 -0.52382
12.125 77.125 0.48511
12.125 77.375 0.2268
12.125 77.625 -0.30071
12.125 77.875 -0.071873
12.125 78.125 0.4886
12.125 78.375 1.4691
12.125 78.625 0.704
12.125 78.875 -0.077371
12.125 79.125 0.90081
12.125 79.375 -0.36522
12.125 79.625 -0.31636
12.375 75.125 -1.117
12.375 75.375 -0.79391
12.375 75.625 0.039612
12.375 75.875 0.71318
12.375 76.125 0.43134
12.375 76.375 0.072406
12.375 76.625 0.65342
12.375 76.875 -0.050032
12.375 77.125 -1.2188
12.375 77.375 -0.64559
12.375 77.625 -0.55009
12.375 77.875 0.19818
12.375 78.125 0.59068
12.375 78.375 0.31607
12.375 78.625 0.65168
12.375 78.875 0.023303
12.375 79.125 0.24363
12.375 79.375 0.081761
12.375 79.625 -0.61116
12.375 79.875 -0.53473
12.625 75.125 -1.7037
12.625 75.375 -1.1105
12.625 75.625 0.0017875
12.625 75.875 -0.30558
12.625 76.125 -0.12308
12.625 76.375 1.1278
12.625 76.625 1.1423
12.625 76.875 0.43125
12.625 77.125 -0.9063
12.625 77.375 -0.82794
12.625 77.625 0.57676
12.625 77.875 -0.073903
12.625 78.125 -0.19498
12.625 78.375 1.6578
12.625 78.625 1.1229
12.625 78.875 -0.085089
12.625 79.125 0.47526
12.625 79.375 -0.67972
12.625 79.625 -1.2035
12.625 79.875 -1.3607
12.875 75.125 -1.1731
12.875 75.375 0.01809
12.875 75.625 -0.5898
12.875 75.875 0.2129
12.875 76.125 0.28943
12.875 76.375 1.1948
12.875 76.625 0.6266
12.875 76.875 -0.11815
12.875 77.125 0.80006
12.875 77.375 0.67969
12.875 77.625 -0.17585
12.875 77.875 -1.2464
12.875 78.125 -0.036417
12.875 78.375 1.0682
12.875 78.625 0.46502
12.875 78.875 -0.47693
12.875 79.125 0.37275
12.875 79.375 0.2111
12.875 79.625 -0.26461
12.875 79.875 -0.76388
NaN NaN NaN
13.125 75.125 -0.62967
13.125 75.375 -0.51721
13.125 75.625 0.58592
13.125 75.875 0.55886
13.125 76.125 1.2449
13.125 76.375 1.7476
13.125 76.625 2.0739
13.125 76.875 1.0166
13.125 77.125 0.92048
13.125 77.375 0.72
13.125 77.625 0.42875
13.125 77.875 -0.11411
13.125 78.125 -0.10391
13.125 78.375 0.072106
13.125 78.625 -0.54811
13.125 78.875 -0.34447
13.125 79.125 1.0197
13.125 79.375 0.57978
13.125 79.625 0.86115
13.125 79.875 0.12414
13.125 80.125 -0.11281
NaN NaN NaN
13.375 75.125 -0.34072
13.375 75.375 -0.33676
13.375 75.625 -0.32104
13.375 75.875 0.32702
13.375 76.125 1.4436
13.375 76.375 1.2053
13.375 76.625 1.1128
13.375 76.875 0.67727
13.375 77.125 1.8375
13.375 77.375 0.91442
13.375 77.625 0.6971
13.375 77.875 0.94726
13.375 78.125 -0.22776
13.375 78.375 -0.18266
13.375 78.625 -0.066732
13.375 78.875 -0.93188
13.375 79.125 0.042342
13.375 79.375 0.30935
13.375 79.625 0.035443
13.375 79.875 0.44742
13.375 80.125 0.38013
13.625 74.875 -1.0063
13.625 75.125 0.17098
13.625 75.375 0.49789
13.625 75.625 0.18204
13.625 75.875 0.49359
13.625 76.125 0.27562
13.625 76.375 -0.443
13.625 76.625 -0.25805
13.625 76.875 -0.66329
13.625 77.125 0.10191
13.625 77.375 0.59051
13.625 77.625 1.206
13.625 77.875 0.98254
13.625 78.125 -0.30933
13.625 78.375 0.84523
13.625 78.625 0.74173
13.625 78.875 -0.59923
13.625 79.125 -0.33376
13.625 79.375 0.37029
13.625 79.625 0.093892
13.625 79.875 0.51903
13.625 80.125 0.42973
13.875 74.875 0.23852
13.875 75.125 1.0905
13.875 75.375 0.7493
13.875 75.625 -0.021523
13.875 75.875 0.0034058
13.875 76.125 0.01559
13.875 76.375 -0.28669
13.875 76.625 0.53951
13.875 76.875 -1.0228
13.875 77.125 -0.42103
13.875 77.375 0.32413
13.875 77.625 0.93556
13.875 77.875 0.91215
13.875 78.125 -0.11493
13.875 78.375 0.79766
13.875 78.625 0.56332
13.875 78.875 -0.35044
13.875 79.125 -0.83933
13.875 79.375 -0.013355
13.875 79.625 0.069663
13.875 79.875 0.48236
14.125 74.625 0.0032766
14.125 74.875 0.39964
14.125 75.125 0.52908
14.125 75.375 0.38921
14.125 75.625 0.26156
14.125 75.875 0.038108
14.125 76.125 0.57009
14.125 76.375 1.0074
14.125 76.625 0.41733
14.125 76.875 0.76889
14.125 77.125 0.5116
14.125 77.375 0.6718
14.125 77.625 1.0804
14.125 77.875 1.2015
14.125 78.125 -0.52294
14.125 78.375 0.67164
14.125 78.625 -0.20361
14.125 78.875 -0.61214
14.125 79.125 -0.20934
14.125 79.375 -0.043527
14.125 79.625 0.58722
14.125 79.875 0.72727
14.375 74.625 -0.89285
14.375 74.875 -0.4742
14.375 75.125 -0.18591
14.375 75.375 -0.22392
14.375 75.625 0.65892
14.375 75.875 0.55859
14.375 76.125 1.1545
14.375 76.375 1.4486
14.375 76.625 0.68973
14.375 76.875 -0.59668
14.375 77.125 1.3204
14.375 77.375 1.1264
14.375 77.625 1.1101
14.375 77.875 0.039559
14.375 78.125 -0.54981
14.375 78.375 -0.081237
14.375 78.625 0.36068
14.375 78.875 -0.11564
14.375 79.125 0.26707
14.375 79.375 0.93972
14.375 79.625 0.76333
14.375 79.875 0.96533
NaN NaN NaN
14.625 74.625 -0.68084
14.625 74.875 -0.57341
14.625 75.125 -0.26261
14.625 75.375 0.18433
14.625 75.625 -0.34717
14.625 75.875 0.23854
14.625 76.125 0.70137
14.625 76.375 0.23493
14.625 76.625 0.13408
14.625 76.875 0.94634
14.625 77.125 1.0687
14.625 77.375 0.8269
14.625 77.625 0.90883
14.625 77.875 1.0451
14.625 78.125 0.81476
14.625 78.375 0.88519
14.625 78.625 -0.55482
14.625 78.875 -0.081675
14.625 79.125 0.73938
14.625 79.375 0.48663
14.625 79.625 -0.21682
14.625 79.875 -0.014968
14.875 74.375 0.10405
14.875 74.625 -0.52347
14.875 74.875 -0.66454
14.875 75.125 -0.24989
14.875 75.375 -0.20427
14.875 75.625 -0.10405
14.875 75.875 -0.50006
14.875 76.125 -0.27589
14.875 76.375 -0.57454
14.875 76.625 0.79792
14.875 76.875 0.95688
14.875 77.125 0.43838
14.875 77.375 0.27675
14.875 77.625 0.12024
14.875 77.875 0.14705
14.875 78.125 0.76409
14.875 78.375 1.7082
14.875 78.625 -0.59983
14.875 78.875 0.065363
14.875 79.125 0.41562
14.875 79.375 -0.9853
14.875 79.625 -0.37502
14.875 79.875 -0.34631
15.125 74.125 -1.2308
15.125 74.375 -0.70108
15.125 74.625 1.1579
15.125 74.875 1.2021
15.125 75.125 0.68732
15.125 75.375 0.78518
15.125 75.625 0.067962
15.125 75.875 -0.55292
15.125 76.125 -0.37296
15.125 76.375 -0.024207
15.125 76.625 -0.41345
15.125 76.875 0.52805
15.125 77.125 -0.055632
15.125 77.375 -0.44307
15.125 77.625 -0.45053
15.125 77.875 -0.66241
15.125 78.125 0.24292
15.125 78.375 1.1654
15.125 78.625 1.0205
15.125 78.875 0.4138
15.125 79.125 0.32706
15.125 79.375 0.11691
15.125 79.625 0.43537
15.125 79.875 0.18592
15.375 73.875 -1.8369
15.375 74.125 -1.2795
15.375 74.375 -0.46867
15.375 74.625 1.2836
15.375 74.875 1.3556
15.375 75.125 1.1192
15.375 75.375 1.8438
15.375 75.625 1.2611
15.375 75.875 0.030279
15.375 76.125 0.52684
15.375 76.375 1.045
15.375 76.625 0.59666
15.375 76.875 0.69044
15.375 77.125 0.57151
15.375 77.375 0.38331
15.375 77.625 -0.34597
15.375 77.875 -0.81563
15.375 78.125 -0.033987
15.375 78.375 0.74315
15.375 78.625 1.6208
15.375 78.875 0.55732
15.375 79.125 0.30164
15.375 79.375 0.047561
15.375 79.625 0.08435
15.375 79.875 -0.017367
15.625 73.875 -1.4454
15.625 74.125 -1.2563
15.625 74.375 -0.2967
15.625 74.625 0.65017
15.625 74.875 0.29556
15.625 75.125 0.70151
15.625 75.375 0.63443
15.625 75.625 0.60249
15.625 75.875 0.79928
15.625 76.125 1.8067
15.625 76.375 0.79003
15.625 76.625 0.70566
15.625 76.875 0.74764
15.625 77.125 0.60436
15.625 77.375 0.46256
15.625 77.625 0.23408
15.625 77.875 -0.12088
15.625 78.125 0.34934
15.625 78.375 -0.061354
15.625 78.625 -0.44259
15.625 78.875 0.78704
15.625 79.125 0.024306
15.625 79.375 0.075165
15.625 79.625 -0.33914
15.625 79.875 -0.040066
15.625 80.125 0.032828
15.875 73.875 -1.2896
15.875 74.125 -1.4352
15.875 74.375 -0.10628
15.875 74.625 0.4478
15.875 74.875 0.46281
15.875 75.125 -0.20575
15.875 75.375 -0.28907
15.875 75.625 0.57896
15.875 75.875 0.61146
15.875 76.125 0.75688
15.875 76.375 1.1141
15.875 76.625 0.77696
15.875 76.875 0.90691
15.875 77.125 0.90689
15.875 77.375 0.93858
15.875 77.625 0.098194
15.875 77.875 1.4067
15.875 78.125 0.40253
15.875 78.375 0.3521
15.875 78.625 0.40611
15.875 78.875 0.82089
15.875 79.125 0.87482
15.875 79.375 0.25466
15.875 79.625 -0.60562
15.875 79.875 -0.070743
15.875 80.125 0.031775
15.875 80.375 -0.10659
NaN NaN NaN
15.875 80.875 -0.0062464
16.125 73.625 -0.95244
16.125 73.875 -1.5389
16.125 74.125 0.10622
16.125 74.375 -0.37151
16.125 74.625 0.461
16.125 74.875 0.81847
16.125 75.125 -1.4277
16.125 75.375 -1.4256
16.125 75.625 0.23116
16.125 75.875 0.79534
16.125 76.125 0.69941
16.125 76.375 1.4319
16.125 76.625 1.884
16.125 76.875 0.31471
16.125 77.125 0.38504
16.125 77.375 1.1888
16.125 77.625 0.46801
16.125 77.875 1.0331
16.125 78.125 1.0417
16.125 78.375 1.4817
16.125 78.625 1.2016
16.125 78.875 0.78744
16.125 79.125 0.75605
16.125 79.375 -0.023993
16.125 79.625 -0.63576
16.125 79.875 0.1872
16.125 80.125 0.48374
16.125 80.375 0.57422
16.125 80.625 -0.072633
16.125 80.875 0.13156
16.375 73.625 -1.1288
16.375 73.875 -1.1887
16.375 74.125 -0.34249
16.375 74.375 0.44526
16.375 74.625 -0.61206
16.375 74.875 1.591
16.375 75.125 0.92624
16.375 75.375 -0.56526
16.375 75.625 -0.033219
16.375 75.875 0.87019
16.375 76.125 1.5529
16.375 76.375 1.9751
16.375 76.625 1.8885
16.375 76.875 0.86299
16.375 77.125 0.96445
16.375 77.375 1.1621
16.375 77.625 1.117
16.375 77.875 0.78955
16.375 78.125 1.1268
16.375 78.375 1.5553
16.375 78.625 0.76034
16.375 78.875 0.68838
16.375 79.125 0.63022
16.375 79.375 0.34894
16.375 79.625 -0.08564
16.375 79.875 0.68809
16.375 80.125 0.59821
16.375 80.375 0.20889
16.375 80.625 0.01794
16.375 80.875 0.035148
16.375 81.125 -0.051071
NaN NaN NaN
NaN NaN NaN
16.625 73.625 -1.3332
16.625 73.875 -1.5736
16.625 74.125 -1.4837
16.625 74.375 -1.8709
16.625 74.625 -0.2067
16.625 74.875 -0.024912
16.625 75.125 0.72969
16.625 75.375 -0.24852
16.625 75.625 -0.10706
16.625 75.875 0.19238
16.625 76.125 0.9038
16.625 76.375 0.65742
16.625 76.625 0.093732
16.625 76.875 0.56376
16.625 77.125 1.2432
16.625 77.375 1.5624
16.625 77.625 1.0742
16.625 77.875 1.4266
16.625 78.125 1.559
16.625 78.375 1.4222
16.625 78.625 0.96646
16.625 78.875 0.23997
16.625 79.125 -0.015174
16.625 79.375 -0.042304
16.625 79.625 0.92596
16.625 79.875 0.89466
16.625 80.125 0.56315
16.625 80.375 0.10778
16.625 80.625 0.075384
16.625 80.875 0.026131
16.625 81.125 -0.7612
16.625 81.375 -0.3526
16.625 81.625 -0.20446
16.625 81.875 -0.46164
16.625 82.125 -0.39795
16.875 73.375 -1.0069
16.875 73.625 -1.6452
16.875 73.875 -1.5006
16.875 74.125 -1.9657
16.875 74.375 -0.35986
16.875 74.625 -1.5105
16.875 74.875 -1.3969
16.875 75.125 -0.8033
16.875 75.375 0.32515
16.875 75.625 0.73494
16.875 75.875 0.20463
16.875 76.125 0.062028
16.875 76.375 0.18412
16.875 76.625 0.75502
16.875 76.875 0.91299
16.875 77.125 0.99619
16.875 77.375 0.81397
16.875 77.625 0.59213
16.875 77.875 0.50236
16.875 78.125 0.53063
16.875 78.375 0.59831
16.875 78.625 0.33132
16.875 78.875 -0.32988
16.875 79.125 -0.36019
16.875 79.375 -0.41241
16.875 79.625 0.14693
16.875 79.875 0.049844
16.875 80.125 0.37782
16.875 80.375 0.38591
16.875 80.625 0.26556
16.875 80.875 0.064489
16.875 81.125 -0.27944
16.875 81.375 -0.96599
16.875 81.625 -0.48062
16.875 81.875 -0.56763
16.875 82.125 -0.60111
17.125 73.375 -1.1022
17.125 73.625 -1.7656
17.125 73.875 -1.5471
17.125 74.125 -1.7958
17.125 74.375 -1.8276
17.125 74.625 -1.6165
17.125 74.875 -1.3421
17.125 75.125 -1.3924
17.125 75.375 -0.55838
17.125 75.625 0.012836
17.125 75.875 -0.15488
17.125 76.125 -1.2232
17.125 76.375 -0.2576
17.125 76.625 0.019575
17.125 76.875 1.2359
17.125 77.125 0.65917
17.125 77.375 -6.3049e-06
17.125 77.625 0.57597
17.125 77.875 0.8819
17.125 78.125 0.28852
17.125 78.375 0.11394
17.125 78.625 -0.20883
17.125 78.875 -0.21148
17.125 79.125 -0.044127
17.125 79.375 -0.1811
17.125 79.625 -0.078977
17.125 79.875 0.23095
17.125 80.125 0.63326
17.125 80.375 0.52624
17.125 80.625 0.28391
17.125 80.875 0.31256
17.125 81.125 -0.39716
17.125 81.375 -0.53528
17.125 81.625 -1.0392
17.125 81.875 -0.89929
17.125 82.125 -0.39439
17.125 82.375 -0.2914
17.375 73.375 -1.5147
17.375 73.625 -2.1782
17.375 73.875 -1.8059
17.375 74.125 -2.1208
17.375 74.375 -2.2177
17.375 74.625 -1.7302
17.375 74.875 -1.382
17.375 75.125 -1.8255
17.375 75.375 -1.7
17.375 75.625 -1.27
17.375 75.875 -1.4125
17.375 76.125 -1.1325
17.375 76.375 -0.34505
17.375 76.625 0.011875
17.375 76.875 1.0055
17.375 77.125 0.77915
17.375 77.375 -0.12173
17.375 77.625 1.0082
17.375 77.875 0.8503
17.375 78.125 0.74866
17.375 78.375 0.085237
17.375 78.625 -0.4069
17.375 78.875 0.35908
17.375 79.125 0.17826
17.375 79.375 0.054865
17.375 79.625 -0.44246
17.375 79.875 0.44097
17.375 80.125 1.1662
17.375 80.375 0.44687
17.375 80.625 -0.18407
17.375 80.875 -0.45593
17.375 81.125 -0.57292
17.375 81.375 -0.72468
17.375 81.625 -1.2665
17.375 81.875 -0.88848
17.375 82.125 -0.27707
17.375 82.375 -0.49824
NaN NaN NaN
17.625 73.375 -1.6576
17.625 73.625 -2.6086
17.625 73.875 -1.8829
17.625 74.125 -2.2837
17.625 74.375 -2.2007
17.625 74.625 -1.8277
17.625 74.875 -1.6361
17.625 75.125 -1.4766
17.625 75.375 -1.3923
17.625 75.625 -1.3712
17.625 75.875 -1.3348
17.625 76.125 -1.4243
17.625 76.375 -1.2817
17.625 76.625 0.76779
17.625 76.875 0.65062
17.625 77.125 0.79411
17.625 77.375 0.3934
17.625 77.625 0.30702
17.625 77.875 0.75377
17.625 78.125 1.0162
17.625 78.375 0.42712
17.625 78.625 0.024454
17.625 78.875 0.29109
17.625 79.125 -0.34193
17.625 79.375 -0.011417
17.625 79.625 0.20653
17.625 79.875 0.52377
17.625 80.125 0.59212
17.625 80.375 0.28173
17.625 80.625 -0.23206
17.625 80.875 0.21202
17.625 81.125 0.60592
17.625 81.375 -0.51377
17.625 81.625 -0.72975
17.625 81.875 -0.64471
17.625 82.125 -0.29502
17.625 82.375 -0.51418
17.625 82.625 -0.60322
17.625 82.875 -1.0611
17.625 83.125 -0.46937
17.875 73.375 -1.4405
17.875 73.625 -1.9328
17.875 73.875 -1.7122
17.875 74.125 -1.9051
17.875 74.375 -1.4857
17.875 74.625 -1.3592
17.875 74.875 -0.5569
17.875 75.125 -1.5032
17.875 75.375 -1.5206
17.875 75.625 -1.3854
17.875 75.875 -1.5196
17.875 76.125 -1.3281
17.875 76.375 -0.83372
17.875 76.625 -0.011015
17.875 76.875 0.67781
17.875 77.125 0.85459
17.875 77.375 0.33445
17.875 77.625 0.40905
17.875 77.875 0.018174
17.875 78.125 0.68974
17.875 78.375 0.25231
17.875 78.625 0.29323
17.875 78.875 -0.32668
17.875 79.125 -0.10921
17.875 79.375 -0.43393
17.875 79.625 0.25868
17.875 79.875 0.67944
17.875 80.125 0.29611
17.875 80.375 -0.095894
17.875 80.625 0.080329
17.875 80.875 0.15203
17.875 81.125 -0.17546
17.875 81.375 -0.06424
17.875 81.625 -0.65593
17.875 81.875 -0.88199
17.875 82.125 -1.1192
17.875 82.375 -1.0248
17.875 82.625 -0.32616
17.875 82.875 0.22186
17.875 83.125 -0.4649
17.875 83.375 -0.077615
NaN NaN NaN
18.125 73.375 -1.8781
18.125 73.625 -1.4427
18.125 73.875 -1.0491
18.125 74.125 -1.3498
18.125 74.375 -0.77476
18.125 74.625 -0.55516
18.125 74.875 0.01253
18.125 75.125 -1.1137
18.125 75.375 -1.2546
18.125 75.625 -1.0607
18.125 75.875 -1.2253
18.125 76.125 -0.85219
18.125 76.375 -0.64577
18.125 76.625 -0.5731
18.125 76.875 0.57286
18.125 77.125 0.58292
18.125 77.375 -0.15785
18.125 77.625 -0.23018
18.125 77.875 -0.0053204
18.125 78.125 1.2281
18.125 78.375 0.38325
18.125 78.625 0.07322
18.125 78.875 -0.16826
18.125 79.125 -0.30584
18.125 79.375 -0.35977
18.125 79.625 0.0031159
18.125 79.875 0.33415
18.125 80.125 -0.0381
18.125 80.375 -0.18671
18.125 80.625 -0.22075
18.125 80.875 -0.33495
18.125 81.125 -0.54586
18.125 81.375 0.069834
18.125 81.625 -0.57066
18.125 81.875 -0.9822
18.125 82.125 -0.86308
18.125 82.375 -0.71395
18.125 82.625 -0.47413
18.125 82.875 -0.086071
18.125 83.125 0.30671
18.125 83.375 0.50639
18.125 83.625 0.49447
18.375 73.125 -1.1578
18.375 73.375 -1.8408
18.375 73.625 -0.061511
18.375 73.875 -1.0072
18.375 74.125 -1.02
18.375 74.375 -0.56228
18.375 74.625 -1.5198
18.375 74.875 -1.5918
18.375 75.125 -0.81266
18.375 75.375 -0.0068582
18.375 75.625 -0.16647
18.375 75.875 -0.66652
18.375 76.125 -0.60778
18.375 76.375 -0.52864
18.375 76.625 -0.59887
18.375 76.875 0.021759
18.375 77.125 -0.55729
18.375 77.375 -0.31925
18.375 77.625 -0.62542
18.375 77.875 0.079599
18.375 78.125 0.50434
18.375 78.375 0.13437
18.375 78.625 -0.53205
18.375 78.875 -0.57187
18.375 79.125 0.14857
18.375 79.375 -0.26254
18.375 79.625 -0.077127
18.375 79.875 -0.13417
18.375 80.125 -0.32457
18.375 80.375 -0.5022
18.375 80.625 -0.48038
18.375 80.875 -0.68007
18.375 81.125 -0.25277
18.375 81.375 0.14297
18.375 81.625 -0.47531
18.375 81.875 -0.41839
18.375 82.125 -0.28248
18.375 82.375 -0.05131
18.375 82.625 0.35051
18.375 82.875 -1.3696
18.375 83.125 0.42078
18.375 83.375 0.58933
18.375 83.625 0.24866
18.375 83.875 0.075244
18.625 73.125 -0.46484
18.625 73.375 -0.91042
18.625 73.625 -0.17883
18.625 73.875 -0.18224
18.625 74.125 -0.97903
18.625 74.375 -1.5434
18.625 74.625 -1.8374
18.625 74.875 -1.4562
18.625 75.125 -0.90951
18.625 75.375 -0.55813
18.625 75.625 -0.34774
18.625 75.875 -0.21665
18.625 76.125 -0.18238
18.625 76.375 -0.54231
18.625 76.625 0.36881
18.625 76.875 0.14061
18.625 77.125 -0.41001
18.625 77.375 -0.88211
18.625 77.625 -0.27795
18.625 77.875 -0.50038
18.625 78.125 0.097433
18.625 78.375 -0.18931
18.625 78.625 -0.95818
18.625 78.875 -0.71244
18.625 79.125 -0.98566
18.625 79.375 -0.6489
18.625 79.625 -0.84287
18.625 79.875 -0.63943
18.625 80.125 -0.57925
18.625 80.375 -0.7954
18.625 80.625 -0.43491
18.625 80.875 -0.28109
18.625 81.125 -0.36554
18.625 81.375 -0.47308
18.625 81.625 -0.28054
18.625 81.875 -0.37538
18.625 82.125 0.78043
18.625 82.375 1.0251
18.625 82.625 0.97861
18.625 82.875 -0.13068
18.625 83.125 -0.93914
18.625 83.375 -0.57013
18.625 83.625 0.089294
18.625 83.875 -0.48048
18.625 84.125 -0.6486
18.875 73.125 -0.9165
18.875 73.375 -0.74823
18.875 73.625 0.58169
18.875 73.875 -0.22881
18.875 74.125 -1.6791
18.875 74.375 -1.2866
18.875 74.625 -0.73747
18.875 74.875 -0.9119
18.875 75.125 -1.1806
18.875 75.375 -0.60526
18.875 75.625 -0.75141
18.875 75.875 -0.76854
18.875 76.125 -0.41139
18.875 76.375 -0.49557
18.875 76.625 -0.35538
18.875 76.875 0.62083
18.875 77.125 0.64028
18.875 77.375 -0.53123
18.875 77.625 0.50598
18.875 77.875 0.38357
18.875 78.125 0.043966
18.875 78.375 -1.6363
18.875 78.625 -0.68435
18.875 78.875 -0.37475
18.875 79.125 -0.53315
18.875 79.375 -0.28879
18.875 79.625 -0.67049
18.875 79.875 -0.85952
18.875 80.125 -0.91219
18.875 80.375 -0.52203
18.875 80.625 0.1355
18.875 80.875 -0.12279
18.875 81.125 -0.81432
18.875 81.375 0.0091019
18.875 81.625 -0.78935
18.875 81.875 0.55833
18.875 82.125 0.60391
18.875 82.375 0.78666
18.875 82.625 0.20204
18.875 82.875 0.084615
18.875 83.125 -0.68977
18.875 83.375 -0.21472
18.875 83.625 0.076471
18.875 83.875 0.0022314
18.875 84.125 -0.27207
18.875 84.375 -0.31589
19.125 73.125 -1.1109
19.125 73.375 -1.0394
19.125 73.625 -1.0321
19.125 73.875 -1.1574
19.125 74.125 -1.0677
19.125 74.375 -0.42127
19.125 74.625 -0.61716
19.125 74.875 -0.83348
19.125 75.125 -0.78552
19.125 75.375 -0.71074
19.125 75.625 -0.83941
19.125 75.875 -0.37762
19.125 76.125 -0.26039
19.125 76.375 -0.36315
19.125 76.625 -0.23917
19.125 76.875 -0.20125
19.125 77.125 0.71888
19.125 77.375 -0.69653
19.125 77.625 -0.14717
19.125 77.875 -0.28156
19.125 78.125 -0.64068
19.125 78.375 -0.51118
19.125 78.625 -0.53021
19.125 78.875 -0.4855
19.125 79.125 -0.52469
19.125 79.375 -0.17576
19.125 79.625 -0.20179
19.125 79.875 -0.84451
19.125 80.125 -1.1715
19.125 80.375 -1.1012
19.125 80.625 0.21307
19.125 80.875 0.1633
19.125 81.125 -0.62824
19.125 81.375 -1.2664
19.125 81.625 -0.66981
19.125 81.875 -0.97909
19.125 82.125 0.3598
19.125 82.375 -0.22759
19.125 82.625 -0.41315
19.125 82.875 -0.47425
19.125 83.125 -0.68837
19.125 83.375 -0.63139
19.125 83.625 -0.42349
19.125 83.875 -0.22225
19.125 84.125 0.12892
19.125 84.375 -1.1233
19.125 84.625 -0.3617
19.375 72.875 -1.4047
19.375 73.125 -1.7419
19.375 73.375 -1.072
19.375 73.625 -1.0753
19.375 73.875 -0.76661
19.375 74.125 -0.32403
19.375 74.375 -0.16865
19.375 74.625 -0.93872
19.375 74.875 -0.88171
19.375 75.125 -0.79172
19.375 75.375 -0.87583
19.375 75.625 -1.5132
19.375 75.875 -1.2257
19.375 76.125 -0.70494
19.375 76.375 -0.70854
19.375 76.625 -1.0019
19.375 76.875 -0.88495
19.375 77.125 -0.12911
19.375 77.375 -0.6786
19.375 77.625 -0.7397
19.375 77.875 -0.44101
19.375 78.125 -0.18857
19.375 78.375 -0.27512
19.375 78.625 -0.26485
19.375 78.875 -0.28448
19.375 79.125 -0.35633
19.375 79.375 0.51364
19.375 79.625 -0.46268
19.375 79.875 -0.95591
19.375 80.125 -1.1643
19.375 80.375 -0.97315
19.375 80.625 -0.27247
19.375 80.875 -0.016232
19.375 81.125 -0.72109
19.375 81.375 -1.2469
19.375 81.625 -1.1009
19.375 81.875 -0.20836
19.375 82.125 -0.029003
19.375 82.375 -1.2711
19.375 82.625 -0.65065
19.375 82.875 -0.074304
19.375 83.125 -0.63972
19.375 83.375 -1.2633
19.375 83.625 -0.83869
19.375 83.875 -0.64989
19.375 84.125 0.095245
19.375 84.375 0.112
19.375 84.625 -0.0087253
19.375 84.875 -0.17684
19.625 72.875 -1.3596
19.625 73.125 -1.1693
19.625 73.375 -0.87103
19.625 73.625 -0.44193
19.625 73.875 -0.12095
19.625 74.125 -0.60967
19.625 74.375 -0.33984
19.625 74.625 -0.68163
19.625 74.875 -1.2446
19.625 75.125 -1.0713
19.625 75.375 -0.99932
19.625 75.625 -0.97925
19.625 75.875 -0.73166
19.625 76.125 -0.74598
19.625 76.375 -0.69822
19.625 76.625 -1.1355
19.625 76.875 -1.7881
19.625 77.125 -1.0966
19.625 77.375 -0.46255
19.625 77.625 -0.5849
19.625 77.875 -0.5373
19.625 78.125 -0.34006
19.625 78.375 -0.42464
19.625 78.625 0.56497
19.625 78.875 0.24989
19.625 79.125 -0.26874
19.625 79.375 -0.46193
19.625 79.625 -0.6459
19.625 79.875 -0.75922
19.625 80.125 -1.3248
19.625 80.375 -1.2533
19.625 80.625 -0.73167
19.625 80.875 -0.27348
19.625 81.125 -0.60469
19.625 81.375 -1.2777
19.625 81.625 -0.8127
19.625 81.875 -0.21517
19.625 82.125 -0.39824
19.625 82.375 -0.63272
19.625 82.625 -0.54118
19.625 82.875 -0.073357
19.625 83.125 -0.25652
19.625 83.375 -0.51492
19.625 83.625 0.30439
19.625 83.875 0.61281
19.625 84.125 0.11066
19.625 84.375 0.29781
19.625 84.625 0.13645
19.625 84.875 -0.094233
19.625 85.125 -1.4024
19.625 85.375 -0.89408
19.875 72.875 -1.2239
19.875 73.125 -1.0872
19.875 73.375 -0.67605
19.875 73.625 0.74358
19.875 73.875 -0.30501
19.875 74.125 -0.48493
19.875 74.375 -0.20976
19.875 74.625 -0.22837
19.875 74.875 -0.85558
19.875 75.125 -1.2105
19.875 75.375 -1.0409
19.875 75.625 -0.74247
19.875 75.875 -0.30411
19.875 76.125 -0.2118
19.875 76.375 -0.36531
19.875 76.625 -1.2151
19.875 76.875 -1.2317
19.875 77.125 -0.65366
19.875 77.375 -0.34726
19.875 77.625 -0.26375
19.875 77.875 -0.57971
19.875 78.125 -0.79293
19.875 78.375 -0.98566
19.875 78.625 -0.58568
19.875 78.875 -0.174
19.875 79.125 -0.073051
19.875 79.375 0.023133
19.875 79.625 -0.055488
19.875 79.875 -0.45712
19.875 80.125 -1.1576
19.875 80.375 -1.5325
19.875 80.625 -1.0622
19.875 80.875 -0.92777
19.875 81.125 -0.62328
19.875 81.375 -1.2972
19.875 81.625 -0.57671
19.875 81.875 -0.28539
19.875 82.125 -0.74493
19.875 82.375 -0.53176
19.875 82.625 -0.42832
19.875 82.875 -0.51279
19.875 83.125 -0.48716
19.875 83.375 -0.79465
19.875 83.625 -0.49642
19.875 83.875 -0.55342
19.875 84.125 0.20556
19.875 84.375 0.39023
19.875 84.625 0.64959
19.875 84.875 0.16611
19.875 85.125 -0.68748
19.875 85.375 -1.4299
NaN NaN NaN
NaN NaN NaN
NaN NaN NaN
20.125 72.875 -0.75598
20.125 73.125 -1.0869
20.125 73.375 -0.40131
20.125 73.625 -0.11519
20.125 73.875 -0.54333
20.125 74.125 -0.25851
20.125 74.375 0.18457
20.125 74.625 -0.29418
20.125 74.875 -0.62034
20.125 75.125 -0.94911
20.125 75.375 -0.92078
20.125 75.625 -1.2371
20.125 75.875 -1.0931
20.125 76.125 -0.43294
20.125 76.375 -0.49939
20.125 76.625 -0.88634
20.125 76.875 -1.0464
20.125 77.125 -0.91367
20.125 77.375 -0.52121
20.125 77.625 -0.42185
20.125 77.875 -0.52137
20.125 78.125 -0.66644
20.125 78.375 -0.85025
20.125 78.625 -0.060742
20.125 78.875 -0.12872
20.125 79.125 -0.2284
20.125 79.375 -0.42087
20.125 79.625 -0.41388
20.125 79.875 -0.6791
20.125 80.125 -0.78816
20.125 80.375 -0.76093
20.125 80.625 -0.70388
20.125 80.875 -0.18006
20.125 81.125 -0.74858
20.125 81.375 -0.51872
20.125 81.625 -0.032439
20.125 81.875 0.0069679
20.125 82.125 -0.17045
20.125 82.375 -0.96301
20.125 82.625 -0.59012
20.125 82.875 -1.1105
20.125 83.125 -0.36365
20.125 83.375 -1.2681
20.125 83.625 -1.4906
20.125 83.875 0.77187
20.125 84.125 0.57089
20.125 84.375 -0.99845
20.125 84.625 -0.042069
20.125 84.875 0.39596
20.125 85.125 0.2087
20.125 85.375 -0.31733
20.125 85.625 -0.20733
20.125 85.875 -0.84867
20.125 86.125 -1.243
NaN NaN NaN
20.375 73.125 -0.60013
20.375 73.375 -0.91374
20.375 73.625 -0.74324
20.375 73.875 -1.2573
20.375 74.125 -1.62
20.375 74.375 -0.80802
20.375 74.625 -1.1402
20.375 74.875 -1.092
20.375 75.125 0.074861
20.375 75.375 -0.20697
20.375 75.625 -0.7659
20.375 75.875 -0.959
20.375 76.125 -1.0525
20.375 76.375 -1.1365
20.375 76.625 -0.98242
20.375 76.875 -0.92324
20.375 77.125 -0.84388
20.375 77.375 -0.74166
20.375 77.625 -0.58517
20.375 77.875 -0.89284
20.375 78.125 -0.687
20.375 78.375 -0.57508
20.375 78.625 -0.43345
20.375 78.875 -0.16072
20.375 79.125 -0.23212
20.375 79.375 -0.28215
20.375 79.625 -0.84785
20.375 79.875 -0.9939
20.375 80.125 -0.44978
20.375 80.375 -0.41001
20.375 80.625 -0.40143
20.375 80.875 -0.074206
20.375 81.125 -0.38025
20.375 81.375 -0.5641
20.375 81.625 0.093973
20.375 81.875 -0.014299
20.375 82.125 -0.076151
20.375 82.375 -0.022651
20.375 82.625 -0.29078
20.375 82.875 -0.77659
20.375 83.125 -0.8458
20.375 83.375 -0.90301
20.375 83.625 -0.070347
20.375 83.875 -0.17182
20.375 84.125 -1.0684
20.375 84.375 -1.5567
20.375 84.625 -0.58656
20.375 84.875 -0.53659
20.375 85.125 -0.59838
20.375 85.375 -0.89105
20.375 85.625 -0.1065
20.375 85.875 -0.78396
20.375 86.125 -0.67362
20.375 86.375 -0.21561
NaN NaN NaN
20.625 73.125 -0.56078
20.625 73.375 -0.46345
20.625 73.625 -0.63262
20.625 73.875 -0.2783
20.625 74.125 -0.59935
20.625 74.375 -0.42649
20.625 74.625 -0.51998
20.625 74.875 -0.39625
20.625 75.125 0.24711
20.625 75.375 0.01353
20.625 75.625 -0.79364
20.625 75.875 -1.0766
20.625 76.125 -1.2128
20.625 76.375 -0.94949
20.625 76.625 -0.88668
20.625 76.875 -0.73411
20.625 77.125 -0.864
20.625 77.375 -0.53003
20.625 77.625 -0.35236
20.625 77.875 -0.39373
20.625 78.125 -0.3823
20.625 78.375 -0.4142
20.625 78.625 -0.43421
20.625 78.875 0.39555
20.625 79.125 0.16963
20.625 79.375 -0.25689
20.625 79.625 -0.55905
20.625 79.875 -0.56261
20.625 80.125 -0.36908
20.625 80.375 -0.5183
20.625 80.625 -0.7478
20.625 80.875 0.16819
20.625 81.125 -0.53806
20.625 81.375 -0.82199
20.625 81.625 -0.53426
20.625 81.875 -0.42723
20.625 82.125 0.20732
20.625 82.375 0.19045
20.625 82.625 -0.4339
20.625 82.875 -0.60344
20.625 83.125 -1.0487
20.625 83.375 -0.50044
20.625 83.625 -0.20284
20.625 83.875 -1.4144
20.625 84.125 -0.9825
20.625 84.375 -1.2638
20.625 84.625 -0.35204
20.625 84.875 -0.24562
20.625 85.125 -0.23317
20.625 85.375 0.39806
20.625 85.625 -1.3189
20.625 85.875 -0.32367
20.625 86.125 -0.40868
20.625 86.375 0.13828
20.625 86.625 0.1567
NaN NaN NaN
20.875 70.625 0.00047959
20.875 70.875 -0.031912
20.875 71.125 -0.14269
20.875 71.375 0.35534
20.875 72.875 0.30187
20.875 73.125 0.15498
20.875 73.375 -0.53774
20.875 73.625 -0.48156
20.875 73.875 0.14271
20.875 74.125 0.31438
20.875 74.375 0.079461
20.875 74.625 -0.23326
20.875 74.875 -0.6863
20.875 75.125 -0.49936
20.875 75.375 -0.33505
20.875 75.625 -1.1691
20.875 75.875 -1.0081
20.875 76.125 -0.52607
20.875 76.375 -0.50847
20.875 76.625 -0.36406
20.875 76.875 -0.11381
20.875 77.125 -0.42231
20.875 77.375 -0.48959
20.875 77.625 -0.17539
20.875 77.875 0.010634
20.875 78.125 -0.29241
20.875 78.375 -0.32662
20.875 78.625 -0.39431
20.875 78.875 -0.12616
20.875 79.125 -0.91791
20.875 79.375 -0.82105
20.875 79.625 -0.13964
20.875 79.875 -0.23557
20.875 80.125 -0.2844
20.875 80.375 -1.1803
20.875 80.625 -0.84935
20.875 80.875 0.17233
20.875 81.125 0.40456
20.875 81.375 -1.1981
20.875 81.625 -0.77021
20.875 81.875 -0.65544
20.875 82.125 -0.21578
20.875 82.375 0.48785
20.875 82.625 -0.7649
20.875 82.875 -0.85456
20.875 83.125 -0.74375
20.875 83.375 -0.54766
20.875 83.625 0.13101
20.875 83.875 -0.74946
20.875 84.125 -1.1262
20.875 84.375 -0.61593
20.875 84.625 -0.17385
20.875 84.875 -0.36049
20.875 85.125 0.35683
20.875 85.375 0.29687
20.875 85.625 0.2357
20.875 85.875 0.02196
20.875 86.125 0.73476
20.875 86.375 0.14985
20.875 86.625 -0.02029
21.125 70.375 0.46145
21.125 70.625 0.39836
21.125 70.875 -0.28521
21.125 71.125 0.25477
21.125 71.375 0.20933
NaN NaN NaN
NaN NaN NaN
21.125 72.875 -0.74991
21.125 73.125 -0.58144
21.125 73.375 -0.11357
21.125 73.625 -1.054
21.125 73.875 -0.46397
21.125 74.125 -0.30323
21.125 74.375 -0.88874
21.125 74.625 -0.9117
21.125 74.875 -0.59158
21.125 75.125 -0.71184
21.125 75.375 -0.44058
21.125 75.625 -0.25718
21.125 75.875 0.16764
21.125 76.125 0.96249
21.125 76.375 0.10255
21.125 76.625 -0.35533
21.125 76.875 -0.085823
21.125 77.125 -0.42586
21.125 77.375 -0.608
21.125 77.625 -0.2647
21.125 77.875 -0.34456
21.125 78.125 -0.013925
21.125 78.375 -0.10388
21.125 78.625 -0.32374
21.125 78.875 -0.10072
21.125 79.125 -0.35144
21.125 79.375 -0.61452
21.125 79.625 -0.1122
21.125 79.875 -0.21713
21.125 80.125 0.077073
21.125 80.375 -1.2241
21.125 80.625 -1.2337
21.125 80.875 -0.22684
21.125 81.125 -0.77257
21.125 81.375 -0.24116
21.125 81.625 -0.91861
21.125 81.875 -0.73937
21.125 82.125 0.47131
21.125 82.375 -0.055653
21.125 82.625 -0.63819
21.125 82.875 -0.83254
21.125 83.125 -0.96969
21.125 83.375 -0.47842
21.125 83.625 -0.03564
21.125 83.875 -0.43282
21.125 84.125 -1.0191
21.125 84.375 -1.1004
21.125 84.625 -0.16863
21.125 84.875 0.4532
21.125 85.125 0.42295
21.125 85.375 0.23012
21.125 85.625 0.0085647
21.125 85.875 0.027762
21.125 86.125 -0.18165
21.125 86.375 -0.2836
21.125 86.625 -0.28299
21.375 70.125 0.26576
21.375 70.375 -0.1276
21.375 70.625 0.45682
21.375 70.875 -0.38014
21.375 71.125 -0.51034
21.375 71.375 -0.20102
21.375 71.625 -0.21386
21.375 71.875 -0.18421
21.375 72.875 -0.27345
21.375 73.125 0.58008
21.375 73.375 0.31339
21.375 73.625 -1.0053
21.375 73.875 -0.8222
21.375 74.125 -0.80497
21.375 74.375 -0.8862
21.375 74.625 -0.75272
21.375 74.875 -0.13895
21.375 75.125 -0.37083
21.375 75.375 -0.787
21.375 75.625 -0.47408
21.375 75.875 0.054236
21.375 76.125 1.1368
21.375 76.375 0.4174
21.375 76.625 -0.21129
21.375 76.875 -0.032982
21.375 77.125 0.37281
21.375 77.375 0.72303
21.375 77.625 0.13686
21.375 77.875 -0.33783
21.375 78.125 0.45244
21.375 78.375 0.42901
21.375 78.625 0.16038
21.375 78.875 0.015712
21.375 79.125 -0.47299
21.375 79.375 -0.66491
21.375 79.625 -1.3232
21.375 79.875 -1.0055
21.375 80.125 -1.2029
21.375 80.375 -1.1911
21.375 80.625 -1.3389
21.375 80.875 -1.6534
21.375 81.125 -1.69
21.375 81.375 -1.3734
21.375 81.625 -1.0793
21.375 81.875 -0.31825
21.375 82.125 0.095272
21.375 82.375 -0.090059
21.375 82.625 -0.79467
21.375 82.875 -0.89421
21.375 83.125 -0.05245
21.375 83.375 0.023281
21.375 83.625 0.084816
21.375 83.875 0.015765
21.375 84.125 -0.21477
21.375 84.375 -0.25225
21.375 84.625 0.40779
21.375 84.875 0.12021
21.375 85.125 0.29112
21.375 85.375 0.37575
21.375 85.625 0.19134
21.375 85.875 -0.28078
21.375 86.125 -0.21606
21.375 86.375 -0.11368
21.375 86.625 -0.69741
21.375 86.875 -0.62986
21.625 69.875 -0.48996
21.625 70.125 -0.60565
21.625 70.375 -0.35161
21.625 70.625 0.25374
21.625 70.875 -0.29727
21.625 71.125 -0.79479
21.625 71.375 -0.11289
21.625 71.625 0.32788
21.625 71.875 0.42334
21.625 72.125 0.44034
21.625 72.875 -0.19553
21.625 73.125 -0.6914
21.625 73.375 -0.70395
21.625 73.625 -0.96291
21.625 73.875 -0.80316
21.625 74.125 -0.68797
21.625 74.375 -0.23099
21.625 74.625 -0.32314
21.625 74.875 0.1024
21.625 75.125 -0.5632
21.625 75.375 -0.61323
21.625 75.625 -0.53365
21.625 75.875 -0.66837
21.625 76.125 -0.48947
21.625 76.375 -0.46374
21.625 76.625 -0.47798
21.625 76.875 0.03835
21.625 77.125 0.76604
21.625 77.375 0.78981
21.625 77.625 -0.0076186
21.625 77.875 -0.064956
21.625 78.125 0.12372
21.625 78.375 0.29262
21.625 78.625 -0.37274
21.625 78.875 -0.52758
21.625 79.125 -0.8151
21.625 79.375 -0.39839
21.625 79.625 -0.67328
21.625 79.875 -1.0833
21.625 80.125 -1.2719
21.625 80.375 -0.61049
21.625 80.625 -1.3598
21.625 80.875 -1.6062
21.625 81.125 -1.6326
21.625 81.375 -1.6063
21.625 81.625 -0.58353
21.625 81.875 -0.51711
21.625 82.125 -0.10812
21.625 82.375 -0.52096
21.625 82.625 -1.1591
21.625 82.875 -0.90032
21.625 83.125 -0.19728
21.625 83.375 0.072598
21.625 83.625 0.14097
21.625 83.875 0.54804
21.625 84.125 0.35859
21.625 84.375 1.0135
21.625 84.625 0.66478
21.625 84.875 0.83075
21.625 85.125 0.62599
21.625 85.375 0.8351
21.625 85.625 0.74889
21.625 85.875 0.61577
21.625 86.125 -0.19324
21.625 86.375 -0.29986
21.625 86.625 -1.1231
21.625 86.875 -0.76147
21.625 87.125 -0.12752
NaN NaN NaN
NaN NaN NaN
21.875 69.625 -0.17138
21.875 69.875 -0.40182
21.875 70.125 -0.14269
21.875 70.375 -0.1502
21.875 70.625 -0.041417
21.875 70.875 -0.80517
21.875 71.125 -1.3789
21.875 71.375 -0.58047
21.875 71.625 0.23803
21.875 71.875 0.80783
21.875 72.125 0.94873
NaN NaN NaN
21.875 72.875 -0.6591
21.875 73.125 -0.87278
21.875 73.375 -0.75771
21.875 73.625 -0.96599
21.875 73.875 -0.53244
21.875 74.125 -0.17537
21.875 74.375 0.11831
21.875 74.625 0.21529
21.875 74.875 -0.18833
21.875 75.125 -0.4302
21.875 75.375 -0.7877
21.875 75.625 -0.51956
21.875 75.875 -0.39175
21.875 76.125 -0.23917
21.875 76.375 0.14481
21.875 76.625 0.3091
21.875 76.875 0.64425
21.875 77.125 0.70166
21.875 77.375 0.80905
21.875 77.625 0.027254
21.875 77.875 -0.10647
21.875 78.125 -0.39542
21.875 78.375 -0.67844
21.875 78.625 -0.57793
21.875 78.875 -0.44251
21.875 79.125 -0.51966
21.875 79.375 -0.25504
21.875 79.625 -0.41126
21.875 79.875 -0.51444
21.875 80.125 -0.098563
21.875 80.375 -0.30432
21.875 80.625 -0.64841
21.875 80.875 -0.89232
21.875 81.125 -1.0879
21.875 81.375 -0.21089
21.875 81.625 -0.15337
21.875 81.875 -0.8134
21.875 82.125 0.023034
21.875 82.375 -0.44566
21.875 82.625 -0.34816
21.875 82.875 -0.7003
21.875 83.125 -0.61949
21.875 83.375 -0.28015
21.875 83.625 -0.20772
21.875 83.875 1.0377
21.875 84.125 0.91784
21.875 84.375 1.1205
21.875 84.625 0.88048
21.875 84.875 1.4174
21.875 85.125 1.2515
21.875 85.375 0.98625
21.875 85.625 0.47065
21.875 85.875 0.95359
21.875 86.125 0.41437
21.875 86.375 -0.34354
21.875 86.625 -1.0226
21.875 86.875 -0.61465
21.875 87.125 0.062429
21.875 87.375 0.095583
21.875 87.625 -0.094227
21.875 87.875 -0.302
21.875 88.375 -0.13253
NaN NaN NaN
NaN NaN NaN
22.125 69.125 0.77222
22.125 69.375 0.83423
22.125 69.625 0.31416
22.125 69.875 -0.2693
22.125 70.125 -0.18621
22.125 70.375 -0.31639
22.125 70.625 -0.43733
22.125 70.875 -0.48078
22.125 71.125 -1.5682
22.125 71.375 -0.38502
22.125 71.625 1.1756
22.125 71.875 1.1136
22.125 72.125 1.084
NaN NaN NaN
22.125 72.875 -0.31252
22.125 73.125 -0.67539
22.125 73.375 -0.49165
22.125 73.625 -0.98549
22.125 73.875 -0.22039
22.125 74.125 0.46831
22.125 74.375 -0.1041
22.125 74.625 -0.44155
22.125 74.875 -0.47433
22.125 75.125 -0.5086
22.125 75.375 -0.65813
22.125 75.625 -0.22947
22.125 75.875 0.24374
22.125 76.125 0.5237
22.125 76.375 0.36152
22.125 76.625 1.1111
22.125 76.875 1.3261
22.125 77.125 0.79586
22.125 77.375 0.4048
22.125 77.625 0.20501
22.125 77.875 0.099611
22.125 78.125 -0.41106
22.125 78.375 -0.55023
22.125 78.625 -0.44588
22.125 78.875 0.12784
22.125 79.125 -0.43703
22.125 79.375 -0.72794
22.125 79.625 -0.24074
22.125 79.875 0.10664
22.125 80.125 0.24901
22.125 80.375 0.013057
22.125 80.625 0.11502
22.125 80.875 -0.97857
22.125 81.125 -1.5674
22.125 81.375 0.024862
22.125 81.625 -0.17197
22.125 81.875 -0.25669
22.125 82.125 -0.35781
22.125 82.375 0.036144
22.125 82.625 -0.45967
22.125 82.875 -0.891
22.125 83.125 -0.6807
22.125 83.375 -0.72942
22.125 83.625 -0.080176
22.125 83.875 0.036505
22.125 84.125 1.1352
22.125 84.375 1.2983
22.125 84.625 1.4887
22.125 84.875 1.6715
22.125 85.125 1.3064
22.125 85.375 0.79779
22.125 85.625 0.11042
22.125 85.875 0.18227
22.125 86.125 0.98754
22.125 86.375 0.62181
22.125 86.625 0.10201
22.125 86.875 0.34042
22.125 87.125 0.33049
22.125 87.375 0.2742
22.125 87.625 -0.17225
22.125 87.875 -0.43939
22.125 88.125 0.084618
22.125 88.375 0.011204
NaN NaN NaN
22.375 69.125 0.42257
22.375 69.875 -0.85931
22.375 70.125 -0.64388
22.375 70.375 -0.88062
22.375 70.625 -0.78824
22.375 70.875 -0.65942
22.375 71.125 0.28717
22.375 71.375 1.9597
22.375 71.625 0.64215
22.375 71.875 1.4531
22.375 72.125 0.32477
NaN NaN NaN
22.375 72.875 -0.12529
22.375 73.125 -0.3472
22.375 73.375 -0.54855
22.375 73.625 -0.072265
22.375 73.875 -0.28531
22.375 74.125 0.046878
22.375 74.375 0.023572
22.375 74.625 -0.47166
22.375 74.875 -0.67679
22.375 75.125 -0.31235
22.375 75.375 -0.25803
22.375 75.625 -0.13598
22.375 75.875 -0.23704
22.375 76.125 0.48961
22.375 76.375 0.82849
22.375 76.625 1.5545
22.375 76.875 1.2186
22.375 77.125 0.96375
22.375 77.375 0.65674
22.375 77.625 0.53008
22.375 77.875 0.25607
22.375 78.125 -0.070254
22.375 78.375 -0.0060813
22.375 78.625 -0.46962
22.375 78.875 -0.32555
22.375 79.125 -0.50441
22.375 79.375 -0.48746
22.375 79.625 -0.045414
22.375 79.875 0.2608
22.375 80.125 0.23818
22.375 80.375 -0.032813
22.375 80.625 -0.329
22.375 80.875 -0.58044
22.375 81.125 -0.3285
22.375 81.375 0.66081
22.375 81.625 -0.63995
22.375 81.875 -1.1214
22.375 82.125 -0.68708
22.375 82.375 -0.55044
22.375 82.625 -1.1786
22.375 82.875 -1.2727
22.375 83.125 -1.1479
22.375 83.375 -1.1856
22.375 83.625 -1.6654
22.375 83.875 -0.34224
22.375 84.125 0.081628
22.375 84.375 0.54869
22.375 84.625 0.79753
22.375 84.875 0.47826
22.375 85.125 0.40287
22.375 85.375 0.66105
22.375 85.625 -0.32232
22.375 85.875 -0.97763
22.375 86.125 -0.66736
22.375 86.375 0.41826
22.375 86.625 -0.091191
22.375 86.875 0.46913
22.375 87.125 0.42455
22.375 87.375 0.28161
22.375 87.625 0.30825
22.375 87.875 0.07447
22.375 88.125 -0.57406
22.375 88.375 -0.28309
22.375 88.625 -0.28068
22.375 88.875 -0.32451
NaN NaN NaN
22.625 70.375 -0.41113
22.625 70.625 -0.029575
22.625 70.875 -0.39109
22.625 71.125 -0.085099
22.625 71.375 1.0138
22.625 71.625 0.50494
22.625 71.875 -0.32818
22.625 72.125 -0.27211
22.625 72.375 1.1549
22.625 72.625 1.4237
22.625 72.875 0.5502
22.625 73.125 -0.47258
22.625 73.375 0.84072
22.625 73.625 0.0039233
22.625 73.875 -0.47055
22.625 74.125 0.33317
22.625 74.375 0.86133
22.625 74.625 -0.23332
22.625 74.875 -0.63343
22.625 75.125 -0.14056
22.625 75.375 0.12068
22.625 75.625 0.26063
22.625 75.875 -0.20821
22.625 76.125 0.50726
22.625 76.375 0.583
22.625 76.625 1.3598
22.625 76.875 1.2853
22.625 77.125 1.3018
22.625 77.375 1.2795
22.625 77.625 0.71105
22.625 77.875 0.49046
22.625 78.125 0.46461
22.625 78.375 0.14353
22.625 78.625 -0.11335
22.625 78.875 -0.30163
22.625 79.125 -0.43795
22.625 79.375 -0.62161
22.625 79.625 -0.23465
22.625 79.875 -0.55842
22.625 80.125 -0.22935
22.625 80.375 -0.87774
22.625 80.625 -1.2561
22.625 80.875 -0.92243
22.625 81.125 0.24911
22.625 81.375 -0.678
22.625 81.625 0.28193
22.625 81.875 0.059832
22.625 82.125 -0.24543
22.625 82.375 -0.87489
22.625 82.625 -1.6873
22.625 82.875 -1.7018
22.625 83.125 -1.6304
22.625 83.375 -0.75461
22.625 83.625 -0.70155
22.625 83.875 -1.6805
22.625 84.125 -0.31388
22.625 84.375 0.015325
22.625 84.625 -0.73857
22.625 84.875 -0.28934
22.625 85.125 -0.11049
22.625 85.375 -0.049993
22.625 85.625 -0.16448
22.625 85.875 -0.042593
22.625 86.125 -0.81218
22.625 86.375 0.12978
22.625 86.625 0.34851
22.625 86.875 0.4605
22.625 87.125 0.4117
22.625 87.375 0.20207
22.625 87.625 0.030535
22.625 87.875 0.081845
22.625 88.125 0.44838
22.625 88.375 -0.45922
22.625 88.625 -0.33182
22.625 88.875 -0.3652
22.625 92.625 -0.50356
22.625 92.875 NaN
NaN NaN NaN
NaN NaN NaN
NaN NaN NaN
22.875 70.625 -0.041879
22.875 70.875 0.22691
22.875 71.125 -0.1682
22.875 71.375 0.66567
22.875 71.625 0.48882
22.875 71.875 -0.22937
22.875 72.125 -0.30461
22.875 72.375 0.16447
22.875 72.625 0.33409
22.875 72.875 0.21881
22.875 73.125 1.2567
22.875 73.375 1.2503
22.875 73.625 0.47457
22.875 73.875 -0.078966
22.875 74.125 0.34813
22.875 74.375 0.74556
22.875 74.625 0.41457
22.875 74.875 -0.049203
22.875 75.125 1.0645
22.875 75.375 -0.16437
22.875 75.625 -0.20816
22.875 75.875 -0.48892
22.875 76.125 -0.33632
22.875 76.375 0.045006
22.875 76.625 1.3513
22.875 76.875 1.1657
22.875 77.125 1.201
22.875 77.375 1.105
22.875 77.625 0.26786
22.875 77.875 0.44776
22.875 78.125 0.97093
22.875 78.375 -0.079921
22.875 78.625 -0.051411
22.875 78.875 -0.21671
22.875 79.125 -0.23986
22.875 79.375 -0.63289
22.875 79.625 -1.5527
22.875 79.875 -1.5834
22.875 80.125 -1.5264
22.875 80.375 -0.33868
22.875 80.625 -0.69093
22.875 80.875 -0.58622
22.875 81.125 -0.01906
22.875 81.375 -0.18687
22.875 81.625 -1.1565
22.875 81.875 -1.1151
22.875 82.125 -0.61634
22.875 82.375 -0.27021
22.875 82.625 -1.775
22.875 82.875 -0.82876
22.875 83.125 -1.9452
22.875 83.375 -0.78164
22.875 83.625 0.10398
22.875 83.875 -0.74671
22.875 84.125 -0.95332
22.875 84.375 -0.90029
22.875 84.625 -0.82894
22.875 84.875 -0.029453
22.875 85.125 0.33025
22.875 85.375 0.45499
22.875 85.625 0.13574
22.875 85.875 0.67969
22.875 86.125 0.033225
22.875 86.375 -0.070278
22.875 86.625 0.74154
22.875 86.875 0.90428
22.875 87.125 1.4224
22.875 87.375 1.0565
22.875 87.625 0.90577
22.875 87.875 -0.29564
22.875 88.125 0.61505
22.875 88.375 0.53205
22.875 88.625 0.21146
22.875 92.625 -0.25868
22.875 92.875 0.7372
23.125 68.875 NaN
23.125 69.125 NaN
23.125 69.375 NaN
23.125 69.625 0.60749
23.125 69.875 0.93615
23.125 70.125 0.3995
23.125 70.875 0.34556
23.125 71.125 0.020128
23.125 71.375 0.50009
23.125 71.625 0.50735
23.125 71.875 -0.4296
23.125 72.125 -0.47964
23.125 72.375 0.63015
23.125 72.625 0.90674
23.125 72.875 0.96256
23.125 73.125 0.98961
23.125 73.375 0.4995
23.125 73.625 0.44469
23.125 73.875 0.38416
23.125 74.125 0.13844
23.125 74.375 0.43811
23.125 74.625 0.41686
23.125 74.875 0.073075
23.125 75.125 -0.033424
23.125 75.375 -0.13986
23.125 75.625 -0.25061
23.125 75.875 -0.26691
23.125 76.125 0.57929
23.125 76.375 0.78442
23.125 76.625 0.99118
23.125 76.875 0.76877
23.125 77.125 1.202
23.125 77.375 0.99004
23.125 77.625 0.36703
23.125 77.875 1.2565
23.125 78.125 1.0825
23.125 78.375 0.18036
23.125 78.625 0.028233
23.125 78.875 -0.63157
23.125 79.125 -0.6384
23.125 79.375 -0.34311
23.125 79.625 -1.2129
23.125 79.875 -1.312
23.125 80.125 -1.4347
23.125 80.375 0.18785
23.125 80.625 0.13722
23.125 80.875 -0.037849
23.125 81.125 0.1537
23.125 81.375 -0.39349
23.125 81.625 -1.5113
23.125 81.875 -0.82503
23.125 82.125 -1.2857
23.125 82.375 -0.28818
23.125 82.625 0.1319
23.125 82.875 -0.37191
23.125 83.125 -1.5484
23.125 83.375 0.89075
23.125 83.625 2.0203
23.125 83.875 1.7079
23.125 84.125 -1.2995
23.125 84.375 -1.5901
23.125 84.625 0.00090284
23.125 84.875 1.1441
23.125 85.125 0.51806
23.125 85.375 0.90637
23.125 85.625 0.75976
23.125 85.875 0.19632
23.125 86.125 0.11668
23.125 86.375 0.57827
23.125 86.625 0.67318
23.125 86.875 1.0717
23.125 87.125 1.1839
23.125 87.375 2.363
23.125 87.625 1.5852
23.125 87.875 0.62658
23.125 88.125 0.36891
23.125 88.375 0.56527
23.125 88.625 0.5
NaN NaN NaN
23.125 92.625 -0.23829
23.125 92.875 -0.12569
NaN NaN NaN
23.375 68.875 NaN
23.375 69.125 NaN
23.375 69.375 NaN
23.375 69.625 NaN
23.375 69.875 NaN
23.375 70.125 0.10818
23.375 70.375 -0.45853
23.375 70.625 -0.0855
23.375 70.875 0.099521
23.375 71.125 0.59666
23.375 71.375 0.68455
23.375 71.625 0.023489
23.375 71.875 -0.20333
23.375 72.125 -0.75943
23.375 72.375 0.85084
23.375 72.625 -0.19565
23.375 72.875 0.58507
23.375 73.125 0.58075
23.375 73.375 0.64476
23.375 73.625 0.27747
23.375 73.875 0.24417
23.375 74.125 1.2469
23.375 74.375 0.82688
23.375 74.625 0.71733
23.375 74.875 1.0229
23.375 75.125 -0.17284
23.375 75.375 0.71925
23.375 75.625 -0.028051
23.375 75.875 0.49873
23.375 76.125 1.0609
23.375 76.375 0.91495
23.375 76.625 1.0558
23.375 76.875 1.0113
23.375 77.125 1.1825
23.375 77.375 0.57455
23.375 77.625 0.35138
23.375 77.875 1.4537
23.375 78.125 1.0959
23.375 78.375 0.25712
23.375 78.625 -0.047968
23.375 78.875 -0.51228
23.375 79.125 -0.24045
23.375 79.375 0.84505
23.375 79.625 0.15361
23.375 79.875 -0.077838
23.375 80.125 -1.045
23.375 80.375 -0.93707
23.375 80.625 0.28061
23.375 80.875 0.062353
23.375 81.125 -0.30476
23.375 81.375 -0.0067874
23.375 81.625 0.091281
23.375 81.875 -0.4863
23.375 82.125 -0.46906
23.375 82.375 0.69846
23.375 82.625 -0.016731
23.375 82.875 -1.1221
23.375 83.125 -0.022458
23.375 83.375 0.9602
23.375 83.625 1.9156
23.375 83.875 -0.39345
23.375 84.125 -1.3599
23.375 84.375 -1.8547
23.375 84.625 -0.52996
23.375 84.875 0.31001
23.375 85.125 -0.15965
23.375 85.375 0.74645
23.375 85.625 0.54417
23.375 85.875 -0.68525
23.375 86.125 -0.29252
23.375 86.375 0.60868
23.375 86.625 0.49002
23.375 86.875 0.41678
23.375 87.125 0.75825
23.375 87.375 0.77885
23.375 87.625 1.7287
23.375 87.875 0.36107
23.375 88.125 -0.063209
23.375 88.375 0.33127
23.375 88.625 0.41773
23.375 91.375 -0.0086239
23.375 91.625 -0.064816
23.375 92.625 -0.13243
23.375 92.875 -0.37064
23.375 93.125 -1.4797
23.625 68.625 NaN
23.625 68.875 NaN
23.625 69.125 NaN
23.625 69.375 NaN
23.625 69.625 NaN
23.625 69.875 0.61109
23.625 70.125 0.64214
23.625 70.375 0.52172
23.625 70.625 0.3521
23.625 70.875 0.9063
23.625 71.125 0.90468
23.625 71.375 1.1931
23.625 71.625 -0.23477
23.625 71.875 0.42795
23.625 72.125 -0.2418
23.625 72.375 -0.27267
23.625 72.625 0.13267
23.625 72.875 0.22788
23.625 73.125 0.50287
23.625 73.375 -0.25295
23.625 73.625 -0.20245
23.625 73.875 0.27071
23.625 74.125 1.1097
23.625 74.375 0.87669
23.625 74.625 0.98679
23.625 74.875 1.4258
23.625 75.125 0.098996
23.625 75.375 0.47868
23.625 75.625 0.55953
23.625 75.875 1.8562
23.625 76.125 1.7143
23.625 76.375 1.0724
23.625 76.625 1.0685
23.625 76.875 1.8379
23.625 77.125 1.0335
23.625 77.375 0.69973
23.625 77.625 0.15657
23.625 77.875 0.38449
23.625 78.125 -0.51302
23.625 78.375 -0.13012
23.625 78.625 -0.19112
23.625 78.875 0.080459
23.625 79.125 0.28023
23.625 79.375 0.58838
23.625 79.625 0.81786
23.625 79.875 0.90744
23.625 80.125 0.14247
23.625 80.375 -1.3955
23.625 80.625 -0.20516
23.625 80.875 0.083156
23.625 81.125 0.0082944
23.625 81.375 0.49741
23.625 81.625 0.81901
23.625 81.875 0.28841
23.625 82.125 -0.9758
23.625 82.375 0.32471
23.625 82.625 0.50593
23.625 82.875 0.22533
23.625 83.125 0.024361
23.625 83.375 -0.1121
23.625 83.625 -0.85475
23.625 83.875 -0.78696
23.625 84.125 -1.61
23.625 84.375 -1.5079
23.625 84.625 -0.066735
23.625 84.875 0.43861
23.625 85.125 -0.35122
23.625 85.375 0.2321
23.625 85.625 0.42575
23.625 85.875 0.97367
23.625 86.125 -1.6483
23.625 86.375 0.83573
23.625 86.625 0.90378
23.625 86.875 0.51631
23.625 87.125 1.059
23.625 87.375 1.1588
23.625 87.625 0.83919
23.625 87.875 0.41836
23.625 88.125 -0.0080838
23.625 88.375 0.17696
23.625 91.375 -0.37615
23.625 91.625 -0.66577
NaN NaN NaN
23.625 92.375 -0.45643
23.625 92.625 -0.22154
23.625 92.875 -0.80286
23.625 93.125 -1.6078
23.875 68.875 NaN
23.875 69.125 NaN
23.875 69.375 NaN
23.875 69.625 NaN
23.875 69.875 NaN
23.875 70.125 0.096775
23.875 70.375 0.25292
23.875 70.625 0.49828
23.875 70.875 0.77946
23.875 71.125 0.69509
23.875 71.375 1.2436
23.875 71.625 1.0335
23.875 71.875 0.18534
23.875 72.125 -0.064457
23.875 72.375 -0.32607
23.875 72.625 0.082303
23.875 72.875 0.28482
23.875 73.125 0.011435
23.875 73.375 -0.059743
23.875 73.625 -0.40206
23.875 73.875 0.75675
23.875 74.125 0.54561
23.875 74.375 0.42988
23.875 74.625 0.76374
23.875 74.875 1.4337
23.875 75.125 1.4315
23.875 75.375 1.1129
23.875 75.625 1.5137
23.875 75.875 1.1527
23.875 76.125 1.2515
23.875 76.375 0.8176
23.875 76.625 0.84702
23.875 76.875 1.6046
23.875 77.125 1.4079
23.875 77.375 1.6018
23.875 77.625 0.97134
23.875 77.875 0.078848
23.875 78.125 -0.52057
23.875 78.375 -0.041373
23.875 78.625 0.38974
23.875 78.875 0.065618
23.875 79.125 -0.40557
23.875 79.375 0.26737
23.875 79.625 0.4461
23.875 79.875 0.18475
23.875 80.125 -0.095804
23.875 80.375 -0.66049
23.875 80.625 -0.49072
23.875 80.875 0.045975
23.875 81.125 -0.14079
23.875 81.375 0.46673
23.875 81.625 0.97927
23.875 81.875 -0.057004
23.875 82.125 -0.81984
23.875 82.375 0.25249
23.875 82.625 -0.0069647
23.875 82.875 -0.38548
23.875 83.125 -0.94857
23.875 83.375 -1.2476
23.875 83.625 -1.1875
23.875 83.875 -0.90569
23.875 84.125 -0.68707
23.875 84.375 -1.0063
23.875 84.625 -0.94636
23.875 84.875 -0.98206
23.875 85.125 -1.5741
23.875 85.375 -0.75468
23.875 85.625 -0.097212
23.875 85.875 1.0393
23.875 86.125 -0.23131
23.875 86.375 0.30678
23.875 86.625 0.46615
23.875 86.875 0.78685
23.875 87.125 1.4485
23.875 87.375 1.2542
23.875 87.625 -0.19458
23.875 87.875 0.37169
23.875 88.125 0.28804
23.875 88.375 0.27718
23.875 91.375 -0.52903
23.875 91.625 -0.32617
23.875 91.875 0.23913
23.875 92.125 0.073612
23.875 92.375 0.10595
23.875 92.625 -0.22773
23.875 92.875 -1.6744
23.875 93.125 -2.001
23.875 93.375 -1.9423
24.125 68.875 NaN
24.125 69.125 NaN
24.125 69.375 NaN
24.125 69.625 NaN
24.125 69.875 NaN
24.125 70.125 0.30687
24.125 70.375 0.57123
24.125 70.625 0.75598
24.125 70.875 0.74674
24.125 71.125 0.83509
24.125 71.375 1.0531
24.125 71.625 0.98299
24.125 71.875 0.51001
24.125 72.125 0.47389
24.125 72.375 -0.038879
24.125 72.625 -0.045868
24.125 72.875 0.42972
24.125 73.125 0.90049
24.125 73.375 0.72306
24.125 73.625 0.36891
24.125 73.875 1.1877
24.125 74.125 1.141
24.125 74.375 0.91694
24.125 74.625 1.9054
24.125 74.875 1.538
24.125 75.125 1.1512
24.125 75.375 0.80486
24.125 75.625 1.4504
24.125 75.875 0.90668
24.125 76.125 1.0769
24.125 76.375 0.86376
24.125 76.625 1.3195
24.125 76.875 1.8207
24.125 77.125 0.96983
24.125 77.375 1.7578
24.125 77.625 1.6225
24.125 77.875 1.1892
24.125 78.125 0.10763
24.125 78.375 -0.052778
24.125 78.625 0.47033
24.125 78.875 0.52712
24.125 79.125 0.29026
24.125 79.375 0.13361
24.125 79.625 -0.25397
24.125 79.875 -0.011469
24.125 80.125 -0.24628
24.125 80.375 -0.49235
24.125 80.625 -0.00075682
24.125 80.875 0.34882
24.125 81.125 0.024881
24.125 81.375 -0.4309
24.125 81.625 0.051482
24.125 81.875 0.39639
24.125 82.125 1.1876
24.125 82.375 0.58028
24.125 82.625 0.13284
24.125 82.875 -0.8506
24.125 83.125 -0.47713
24.125 83.375 -1.8599
24.125 83.625 -1.7281
24.125 83.875 -1.2378
24.125 84.125 -0.99372
24.125 84.375 -0.30266
24.125 84.625 -0.55428
24.125 84.875 -1.6049
24.125 85.125 -1.753
24.125 85.375 -0.36081
24.125 85.625 -0.87917
24.125 85.875 0.1392
24.125 86.125 -0.77956
24.125 86.375 -1.7835
24.125 86.625 -0.072407
24.125 86.875 0.20476
24.125 87.125 0.32997
24.125 87.375 0.62838
24.125 87.625 0.46525
24.125 87.875 0.34926
24.125 88.125 0.17543
24.125 88.375 0.082686
24.125 91.875 0.95291
24.125 92.125 0.78013
24.125 92.375 0.58884
24.125 92.625 0.025114
24.125 92.875 -1.7241
24.125 93.125 -2.176
24.125 93.375 -2.0834
24.125 93.625 -1.9502
24.125 93.875 -1.9059
NaN NaN NaN
24.375 71.375 0.95869
24.375 71.625 1.2552
24.375 71.875 0.93779
24.375 72.125 0.13731
24.375 72.375 -0.32562
24.375 72.625 0.13863
24.375 72.875 0.28972
24.375 73.125 1.1359
24.375 73.375 1.0331
24.375 73.625 0.92153
24.375 73.875 1.4852
24.375 74.125 1.6186
24.375 74.375 1.8372
24.375 74.625 1.7448
24.375 74.875 1.3666
24.375 75.125 1.5141
24.375 75.375 1.9964
24.375 75.625 2.0972
24.375 75.875 0.68177
24.375 76.125 0.90952
24.375 76.375 1.4854
24.375 76.625 1.6479
24.375 76.875 1.6037
24.375 77.125 0.74032
24.375 77.375 1.5512
24.375 77.625 1.8342
24.375 77.875 1.8627
24.375 78.125 0.86988
24.375 78.375 0.15161
24.375 78.625 0.3331
24.375 78.875 0.57656
24.375 79.125 0.41612
24.375 79.375 0.14678
24.375 79.625 0.36686
24.375 79.875 0.53436
24.375 80.125 -0.080116
24.375 80.375 1.0956
24.375 80.625 1.0231
24.375 80.875 0.61366
24.375 81.125 -0.4146
24.375 81.375 -0.73881
24.375 81.625 0.23368
24.375 81.875 1.4435
24.375 82.125 1.5467
24.375 82.375 1.2793
24.375 82.625 0.6999
24.375 82.875 -0.010592
24.375 83.125 0.20913
24.375 83.375 -0.38487
24.375 83.625 -0.8717
24.375 83.875 -0.85098
24.375 84.125 0.31117
24.375 84.375 0.52476
24.375 84.625 0.54429
24.375 84.875 0.2572
24.375 85.125 -0.21668
24.375 85.375 0.35238
24.375 85.625 0.37697
24.375 85.875 0.20848
24.375 86.125 -0.78435
24.375 86.375 -1.0475
24.375 86.625 -0.26819
24.375 86.875 -0.18798
24.375 87.125 -0.16482
24.375 87.375 -0.93437
24.375 87.625 -0.39888
24.375 87.875 -0.35218
24.375 88.125 0.066802
24.375 92.375 0.091794
24.375 92.625 -0.27742
24.375 92.875 -1.9787
24.375 93.125 -2.2053
24.375 93.375 -1.9098
24.375 93.625 -1.6048
24.375 93.875 -1.4922
24.375 94.125 -1.5142
24.625 71.125 0.3312
24.625 71.375 0.67555
24.625 71.625 0.80457
24.625 71.875 0.46656
24.625 72.125 -0.2918
24.625 72.375 -0.46596
24.625 72.625 0.64651
24.625 72.875 0.012254
24.625 73.125 1.3619
24.625 73.375 1.7522
24.625 73.625 1.469
24.625 73.875 1.8356
24.625 74.125 2.002
24.625 74.375 2.0771
24.625 74.625 2.2206
24.625 74.875 2.1092
24.625 75.125 2.1854
24.625 75.375 2.0389
24.625 75.625 2.1707
24.625 75.875 1.4242
24.625 76.125 1.8943
24.625 76.375 1.6031
24.625 76.625 1.638
24.625 76.875 1.8335
24.625 77.125 1.4755
24.625 77.375 1.942
24.625 77.625 1.6521
24.625 77.875 1.3236
24.625 78.125 1.5534
24.625 78.375 0.80816
24.625 78.625 0.073324
24.625 78.875 0.077194
24.625 79.125 0.56917
24.625 79.375 1.0546
24.625 79.625 1.214
24.625 79.875 0.86185
24.625 80.125 0.76861
24.625 80.375 0.77978
24.625 80.625 0.83045
24.625 80.875 0.24522
24.625 81.125 -1.1802
24.625 81.375 0.01462
24.625 81.625 0.66632
24.625 81.875 1.3748
24.625 82.125 0.31811
24.625 82.375 -1.7214
24.625 82.625 0.48198
24.625 82.875 0.86644
24.625 83.125 1.1409
24.625 83.375 0.9922
24.625 83.625 1.7253
24.625 83.875 0.83986
24.625 84.125 0.41284
24.625 84.375 0.81496
24.625 84.625 0.36583
24.625 84.875 1.1468
24.625 85.125 0.79771
24.625 85.375 0.91861
24.625 85.625 -0.15358
24.625 85.875 0.39701
24.625 86.125 0.19111
24.625 86.375 0.29852
24.625 86.625 0.61168
24.625 86.875 -0.77354
24.625 87.125 -1.7549
24.625 87.375 -1.4588
24.625 87.625 -0.34711
24.625 87.875 0.17874
24.625 92.375 0.27798
24.625 92.625 0.051626
24.625 92.875 -1.1126
24.625 93.125 -1.0171
24.625 93.375 -0.39076
24.625 93.625 -1.525
24.625 93.875 -1.4724
24.625 94.125 -1.3905
NaN NaN NaN
24.875 71.125 0.1973
24.875 71.375 0.21676
24.875 71.625 0.29979
24.875 71.875 -0.1092
24.875 72.125 0.19216
24.875 72.375 0.067221
24.875 72.625 0.88742
24.875 72.875 0.29982
24.875 73.125 1.2129
24.875 73.375 1.3942
24.875 73.625 2.0037
24.875 73.875 2.051
24.875 74.125 2.0748
24.875 74.375 2.2081
24.875 74.625 2.177
24.875 74.875 2.2771
24.875 75.125 2.0764
24.875 75.375 1.7724
24.875 75.625 1.4707
24.875 75.875 2.241
24.875 76.125 2.162
24.875 76.375 1.6791
24.875 76.625 1.7957
24.875 76.875 2.034
24.875 77.125 2.1373
24.875 77.375 2.0849
24.875 77.625 1.9232
24.875 77.875 1.7282
24.875 78.125 1.8656
24.875 78.375 1.4056
24.875 78.625 1.0855
24.875 78.875 1.2893
24.875 79.125 1.0406
24.875 79.375 1.0852
24.875 79.625 0.97425
24.875 79.875 1.5006
24.875 80.125 0.75689
24.875 80.375 0.60955
24.875 80.625 0.5355
24.875 80.875 0.015507
24.875 81.125 -0.54138
24.875 81.375 -0.66249
24.875 81.625 1.3308
24.875 81.875 1.0243
24.875 82.125 -0.3149
24.875 82.375 -1.0924
24.875 82.625 1.0023
24.875 82.875 -0.3641
24.875 83.125 0.11251
24.875 83.375 0.3287
24.875 83.625 1.0544
24.875 83.875 0.54515
24.875 84.125 0.71916
24.875 84.375 -0.97123
24.875 84.625 0.33786
24.875 84.875 0.94514
24.875 85.125 0.63684
24.875 85.375 -0.2541
24.875 85.625 0.8354
24.875 85.875 1.0081
24.875 86.125 0.36179
24.875 86.375 0.55915
24.875 86.625 0.53371
24.875 86.875 -0.44414
24.875 87.125 -1.4701
24.875 87.375 -1.3116
24.875 87.625 0.69522
24.875 87.875 1.0063
24.875 88.125 2.1947
24.875 92.625 -0.22733
24.875 92.875 -0.40917
24.875 93.125 0.1789
24.875 93.375 -0.782
24.875 93.625 -1.0675
24.875 93.875 -1.1665
24.875 94.125 -1.1822
24.875 94.375 -1.0241
25.125 71.125 0.039609
25.125 71.375 -0.036069
25.125 71.625 -0.0074482
25.125 71.875 -0.37516
25.125 72.125 0.17906
25.125 72.375 0.3258
25.125 72.625 0.24565
25.125 72.875 0.2246
25.125 73.125 1.0977
25.125 73.375 1.1542
25.125 73.625 2.0635
25.125 73.875 1.6478
25.125 74.125 1.812
25.125 74.375 2.3936
25.125 74.625 2.3674
25.125 74.875 1.9862
25.125 75.125 2.0115
25.125 75.375 1.658
25.125 75.625 2.0028
25.125 75.875 1.7035
25.125 76.125 1.9246
25.125 76.375 1.8791
25.125 76.625 2.2475
25.125 76.875 2.3295
25.125 77.125 2.1902
25.125 77.375 1.998
25.125 77.625 2.0716
25.125 77.875 1.9907
25.125 78.125 1.9448
25.125 78.375 1.8758
25.125 78.625 1.6047
25.125 78.875 1.0674
25.125 79.125 0.76391
25.125 79.375 0.7147
25.125 79.625 1.1764
25.125 79.875 1.9418
25.125 80.125 0.69491
25.125 80.375 0.43247
25.125 80.625 0.033857
25.125 80.875 -0.10388
25.125 81.125 -0.20183
25.125 81.375 0.5605
25.125 81.625 -1.1176
25.125 81.875 0.21448
25.125 82.125 -0.24569
25.125 82.375 0.95594
25.125 82.625 0.21781
25.125 82.875 -0.69265
25.125 83.125 -0.24509
25.125 83.375 0.043443
25.125 83.625 1.0037
25.125 83.875 0.7454
25.125 84.125 1.1593
25.125 84.375 0.28504
25.125 84.625 1.0519
25.125 84.875 -0.27206
25.125 85.125 -0.11211
25.125 85.375 0.40247
25.125 85.625 0.31878
25.125 85.875 0.53227
25.125 86.125 0.78826
25.125 86.375 0.72234
25.125 86.625 1.278
25.125 86.875 -0.36342
25.125 87.125 0.81697
25.125 87.375 -0.0045561
25.125 87.625 0.72606
25.125 87.875 1.829
25.125 88.125 2.1642
25.125 88.375 2.0935
25.125 92.375 -0.8458
25.125 92.625 -0.67881
25.125 92.875 -0.23312
25.125 93.125 0.64396
25.125 93.375 -0.40362
25.125 93.625 -0.63414
25.125 93.875 -1.0156
25.125 94.125 -0.77139
25.125 94.375 -0.71403
25.375 70.875 1.0384
25.375 71.125 0.94343
25.375 71.375 0.82539
25.375 71.625 0.15244
25.375 71.875 0.47057
25.375 72.125 -0.016889
25.375 72.375 0.19396
25.375 72.625 0.24676
25.375 72.875 0.93351
25.375 73.125 1.3677
25.375 73.375 1.8485
25.375 73.625 2.2841
25.375 73.875 1.7785
25.375 74.125 2.3932
25.375 74.375 2.5764
25.375 74.625 2.2897
25.375 74.875 2.4161
25.375 75.125 2.4361
25.375 75.375 1.8239
25.375 75.625 2.2933
25.375 75.875 2.1936
25.375 76.125 2.4797
25.375 76.375 1.7144
25.375 76.625 1.4399
25.375 76.875 1.3769
25.375 77.125 2.3992
25.375 77.375 2.1833
25.375 77.625 2.3909
25.375 77.875 2.3803
25.375 78.125 2.1434
25.375 78.375 1.8962
25.375 78.625 0.1585
25.375 78.875 0.059671
25.375 79.125 0.59504
25.375 79.375 1.1236
25.375 79.625 0.91293
25.375 79.875 1.3827
25.375 80.125 1.1952
25.375 80.375 -0.14767
25.375 80.625 0.27319
25.375 80.875 -0.53625
25.375 81.125 -0.098486
25.375 81.375 0.72786
25.375 81.625 -0.079657
25.375 81.875 -0.757
25.375 82.125 -0.52958
25.375 82.375 -0.40071
25.375 82.625 -0.034977
25.375 82.875 -0.632
25.375 83.125 0.31079
25.375 83.375 1.2476
25.375 83.625 1.7515
25.375 83.875 1.3461
25.375 84.125 0.77491
25.375 84.375 0.30769
25.375 84.625 0.15864
25.375 84.875 0.70298
25.375 85.125 0.0026922
25.375 85.375 0.29931
25.375 85.625 1.4699
25.375 85.875 1.291
25.375 86.125 1.2484
25.375 86.375 1.0136
25.375 86.625 1.322
25.375 86.875 0.4345
25.375 87.125 0.3873
25.375 87.375 0.5489
25.375 87.625 1.1978
25.375 87.875 1.7237
25.375 88.125 2.0175
25.375 88.375 1.6767
25.375 88.625 1.002
25.375 90.125 -0.05712
25.375 90.375 -0.67762
25.375 90.625 -0.69439
25.375 90.875 -1.0096
25.375 91.125 -0.49048
25.375 91.375 -0.91127
25.375 91.625 -0.86104
25.375 91.875 -0.98979
25.375 92.125 -1.1665
25.375 92.375 -1.0812
25.375 92.625 -0.83656
25.375 92.875 -0.37088
25.375 93.125 -0.62872
25.375 93.375 -0.636
25.375 93.625 -0.13603
25.375 93.875 -0.54975
25.375 94.125 -0.21729
25.375 94.375 -0.13688
25.625 70.875 0.23954
25.625 71.125 0.67759
25.625 71.375 0.89416
25.625 71.625 0.93654
25.625 71.875 0.28944
25.625 72.125 0.3175
25.625 72.375 0.42144
25.625 72.625 0.86261
25.625 72.875 1.2744
25.625 73.125 1.2239
25.625 73.375 2.3248
25.625 73.625 1.6642
25.625 73.875 2.0926
25.625 74.125 2.0248
25.625 74.375 1.9687
25.625 74.625 2.3195
25.625 74.875 2.1494
25.625 75.125 2.2288
25.625 75.375 2.3561
25.625 75.625 2.4891
25.625 75.875 2.3732
25.625 76.125 1.9898
25.625 76.375 1.7168
25.625 76.625 0.91915
25.625 76.875 1.0801
25.625 77.125 1.9769
25.625 77.375 2.4072
25.625 77.625 2.3317
25.625 77.875 2.5385
25.625 78.125 1.9851
25.625 78.375 -0.28755
25.625 78.625 0.033397
25.625 78.875 0.19994
25.625 79.125 1.6476
25.625 79.375 1.6431
25.625 79.625 1.7756
25.625 79.875 1.7015
25.625 80.125 1.0439
25.625 80.375 -0.19231
25.625 80.625 -0.6515
25.625 80.875 -1.0624
25.625 81.125 -0.34745
25.625 81.375 -0.33435
25.625 81.625 -0.34175
25.625 81.875 0.57443
25.625 82.125 -0.4018
25.625 82.375 0.91986
25.625 82.625 0.41783
25.625 82.875 -0.04685
25.625 83.125 0.31844
25.625 83.375 0.82059
25.625 83.625 1.5716
25.625 83.875 0.61347
25.625 84.125 -0.39025
25.625 84.375 0.21709
25.625 84.625 1.284
25.625 84.875 0.60621
25.625 85.125 -0.34888
25.625 85.375 0.62853
25.625 85.625 1.1209
25.625 85.875 0.66673
25.625 86.125 0.31889
25.625 86.375 0.47398
25.625 86.625 -0.72309
25.625 86.875 0.76098
25.625 87.125 1.0545
25.625 87.375 -0.0045813
25.625 87.625 0.54836
25.625 87.875 1.0042
25.625 88.125 1.669
25.625 90.125 0.63411
25.625 90.375 -0.14317
25.625 90.625 -0.68364
25.625 90.875 -1.0055
25.625 91.125 0.33258
25.625 91.375 -0.1047
25.625 91.625 -0.18297
25.625 91.875 -0.63344
25.625 92.125 -0.93048
25.625 92.375 -0.94758
25.625 92.625 -0.5496
25.625 92.875 -0.79872
25.625 93.125 -1.102
25.625 93.375 -0.95948
25.625 93.625 -0.25275
25.625 93.875 0.31004
25.625 94.125 0.60681
25.625 94.375 0.21811
NaN NaN NaN
NaN NaN NaN
25.875 70.375 1.6641
25.875 70.625 1.3036
25.875 70.875 0.92741
25.875 71.125 1.2033
25.875 71.375 1.1828
25.875 71.625 1.1359
25.875 71.875 1.0273
25.875 72.125 0.74566
25.875 72.375 0.59787
25.875 72.625 0.76585
25.875 72.875 1.0741
25.875 73.125 1.687
25.875 73.375 2.3155
25.875 73.625 1.2773
25.875 73.875 0.085146
25.875 74.125 0.30068
25.875 74.375 1.5445
25.875 74.625 2.1699
25.875 74.875 2.1288
25.875 75.125 2.4739
25.875 75.375 2.2801
25.875 75.625 2.1942
25.875 75.875 2.2076
25.875 76.125 1.8857
25.875 76.375 1.4644
25.875 76.625 0.83007
25.875 76.875 0.87448
25.875 77.125 1.8941
25.875 77.375 2.1813
25.875 77.625 2.3753
25.875 77.875 1.7767
25.875 78.125 1.7067
25.875 78.375 2.0756
25.875 78.625 1.6053
25.875 78.875 0.74996
25.875 79.125 1.6136
25.875 79.375 0.76956
25.875 79.625 0.53968
25.875 79.875 1.1125
25.875 80.125 0.35472
25.875 80.375 -0.60879
25.875 80.625 0.19765
25.875 80.875 -0.50539
25.875 81.125 -0.73368
25.875 81.375 -0.25333
25.875 81.625 0.23397
25.875 81.875 0.66965
25.875 82.125 -0.39468
25.875 82.375 0.45789
25.875 82.625 0.07512
25.875 82.875 0.98157
25.875 83.125 -0.55043
25.875 83.375 0.11997
25.875 83.625 1.1879
25.875 83.875 -0.047738
25.875 84.125 1.5786
25.875 84.375 -0.33727
25.875 84.625 0.030102
25.875 84.875 0.81619
25.875 85.125 0.51795
25.875 85.375 1.4951
25.875 85.625 0.91765
25.875 85.875 0.63034
25.875 86.125 0.2723
25.875 86.375 0.58645
25.875 86.625 0.99759
25.875 86.875 1.0854
25.875 87.125 0.66491
25.875 87.375 -0.020872
25.875 87.625 -0.14651
25.875 87.875 -0.3779
25.875 90.125 -0.56005
25.875 90.375 -0.50103
25.875 90.625 -0.13679
25.875 90.875 -0.67436
25.875 91.125 -0.22194
25.875 91.375 -0.1435
25.875 91.625 -1.0186
25.875 91.875 -1.2725
25.875 92.125 -1.3346
25.875 92.375 -0.87593
25.875 92.625 -0.52003
25.875 92.875 -0.74971
25.875 93.125 -1.6638
25.875 93.375 -1.6781
25.875 93.625 -0.70778
25.875 93.875 0.47931
25.875 94.125 0.36263
25.875 94.375 0.42642
25.875 94.625 0.14034
25.875 94.875 0.15613
26.125 70.375 0.86639
26.125 70.625 0.77097
26.125 70.875 0.96813
26.125 71.125 1.025
26.125 71.375 1.0969
26.125 71.625 1.6176
26.125 71.875 1.1821
26.125 72.125 1.2028
26.125 72.375 1.1179
26.125 72.625 0.95872
26.125 72.875 1.1757
26.125 73.125 1.426
26.125 73.375 1.6083
26.125 73.625 0.41101
26.125 73.875 0.067662
26.125 74.125 1.6531
26.125 74.375 1.6549
26.125 74.625 2.468
26.125 74.875 2.3148
26.125 75.125 2.4602
26.125 75.375 1.9071
26.125 75.625 1.5943
26.125 75.875 1.9431
26.125 76.125 1.8554
26.125 76.375 1.492
26.125 76.625 1.3712
26.125 76.875 1.6077
26.125 77.125 1.3146
26.125 77.375 1.9382
26.125 77.625 2.3801
26.125 77.875 2.2461
26.125 78.125 2.238
26.125 78.375 1.9864
26.125 78.625 1.5277
26.125 78.875 1.6122
26.125 79.125 1.559
26.125 79.375 0.47315
26.125 79.625 -0.4971
26.125 79.875 0.02771
26.125 80.125 0.6283
26.125 80.375 -0.079373
26.125 80.625 -0.43012
26.125 80.875 0.87749
26.125 81.125 0.7873
26.125 81.375 -1.1652
26.125 81.625 1.5188
26.125 81.875 0.13668
26.125 82.125 -0.26381
26.125 82.375 -0.29388
26.125 82.625 0.32475
26.125 82.875 0.72877
26.125 83.125 -0.57332
26.125 83.375 -0.17747
26.125 83.625 0.12269
26.125 83.875 1.7339
26.125 84.125 1.3876
26.125 84.375 0.11342
26.125 84.625 1.0947
26.125 84.875 -0.18094
26.125 85.125 0.25021
26.125 85.375 -1.0211
26.125 85.625 1.3091
26.125 85.875 2.462
26.125 86.125 1.026
26.125 86.375 0.75251
26.125 86.625 0.93006
26.125 86.875 1.0971
26.125 87.125 0.31904
26.125 87.375 0.070834
26.125 87.625 0.46477
26.125 87.875 -0.18834
26.125 88.125 0.57705
26.125 89.375 -0.2589
26.125 89.875 0.015718
26.125 90.125 -0.50898
26.125 90.375 -0.27248
26.125 90.625 0.15737
26.125 90.875 -0.65424
26.125 91.125 -0.95404
26.125 91.375 -0.99461
26.125 91.625 -1.5855
26.125 91.875 -1.5885
26.125 92.125 -0.95172
26.125 92.375 -0.10511
26.125 92.625 0.21858
26.125 92.875 -0.46011
26.125 93.125 -1.251
26.125 93.375 -0.45929
26.125 93.625 -0.40254
26.125 93.875 0.65436
26.125 94.125 0.68273
26.125 94.375 0.36692
26.125 94.625 0.055665
26.125 94.875 0.14227
26.375 70.375 0.30351
26.375 70.625 0.6321
26.375 70.875 0.50256
26.375 71.125 0.56558
26.375 71.375 1.5793
26.375 71.625 1.9721
26.375 71.875 1.7583
26.375 72.125 1.2265
26.375 72.375 0.87247
26.375 72.625 0.31023
26.375 72.875 0.99734
26.375 73.125 0.4098
26.375 73.375 0.66548
26.375 73.625 1.8315
26.375 73.875 2.1184
26.375 74.125 2.0468
26.375 74.375 2.1237
26.375 74.625 1.3561
26.375 74.875 2.1751
26.375 75.125 2.1475
26.375 75.375 1.4215
26.375 75.625 1.5577
26.375 75.875 2.077
26.375 76.125 2.1937
26.375 76.375 1.6586
26.375 76.625 2.1869
26.375 76.875 2.0243
26.375 77.125 1.8433
26.375 77.375 2.1356
26.375 77.625 2.2065
26.375 77.875 2.1815
26.375 78.125 2.0459
26.375 78.375 1.313
26.375 78.625 1.5279
26.375 78.875 1.4758
26.375 79.125 1.2818
26.375 79.375 -0.77287
26.375 79.625 -0.72028
26.375 79.875 1.3862
26.375 80.125 1.2619
26.375 80.375 -0.041048
26.375 80.625 0.077946
26.375 80.875 0.9604
26.375 81.125 0.26483
26.375 81.375 -1.368
26.375 81.625 -1.0881
26.375 81.875 -0.3478
26.375 82.125 -0.37997
26.375 82.375 0.12803
26.375 82.625 -0.040584
26.375 82.875 0.17966
26.375 83.125 -0.69412
26.375 83.375 0.023293
26.375 83.625 1.4437
26.375 83.875 1.5092
26.375 84.125 -0.083352
26.375 84.375 1.0274
26.375 84.625 0.080521
26.375 84.875 0.29376
26.375 85.125 0.3687
26.375 85.375 1.0189
26.375 85.625 0.85697
26.375 85.875 1.3352
26.375 86.125 0.77359
26.375 86.375 -1.2147
26.375 86.625 -0.82007
26.375 86.875 0.86645
26.375 87.125 0.45488
26.375 87.625 -1.3385
26.375 87.875 -0.03325
26.375 88.125 0.8311
26.375 88.375 0.78481
26.375 88.875 0.75189
26.375 89.375 -0.039796
26.375 89.625 -0.2161
26.375 89.875 -0.51269
26.375 90.125 -0.25534
26.375 90.375 -0.35466
26.375 90.625 -0.79816
26.375 90.875 -0.74777
26.375 91.125 -1.4858
26.375 91.375 -0.76784
26.375 91.625 -1.2943
26.375 91.875 -1.3579
26.375 92.125 -0.51278
26.375 92.375 -0.77134
26.375 92.625 -0.33946
26.375 92.875 -0.54008
26.375 93.125 -0.45462
26.375 93.375 -0.61937
26.375 93.625 -0.62093
26.375 93.875 0.022033
26.375 94.125 0.50845
26.375 94.375 -0.12908
26.375 94.625 -0.12166
26.375 94.875 0.12414
26.625 69.875 0.70852
26.625 70.125 0.29756
26.625 70.375 -0.12225
26.625 70.625 1.1468
26.625 70.875 0.72702
26.625 71.125 0.54331
26.625 71.375 1.8733
26.625 71.625 2.1779
26.625 71.875 2.1869
26.625 72.125 1.4782
26.625 72.375 0.41396
26.625 72.625 -0.049908
26.625 72.875 0.39775
26.625 73.125 0.73181
26.625 73.375 0.29743
26.625 73.625 1.9254
26.625 73.875 2.117
26.625 74.125 2.0401
26.625 74.375 1.6765
26.625 74.625 1.3299
26.625 74.875 2.3935
26.625 75.125 1.4583
26.625 75.375 2.1371
26.625 75.625 1.9763
26.625 75.875 1.7932
26.625 76.125 2.5574
26.625 76.375 1.9816
26.625 76.625 1.7788
26.625 76.875 2.2747
26.625 77.125 2.2534
26.625 77.375 2.0994
26.625 77.625 2.1032
26.625 77.875 1.5446
26.625 78.125 1.7929
26.625 78.375 0.99183
26.625 78.625 2.2708
26.625 78.875 1.6384
26.625 79.125 0.8803
26.625 79.375 1.8134
26.625 79.625 1.7908
26.625 79.875 0.91229
26.625 80.125 0.12409
26.625 80.375 1.4166
26.625 80.625 0.4686
26.625 80.875 0.75058
26.625 81.125 0.92417
26.625 81.375 0.078099
26.625 81.625 -0.65454
26.625 81.875 0.34942
26.625 82.125 0.30776
26.625 82.375 -0.031599
26.625 82.625 -1.7634
26.625 82.875 -0.060369
26.625 83.125 -0.088502
26.625 83.375 -1.257
26.625 83.625 -0.013022
26.625 83.875 0.13283
26.625 84.125 0.87757
26.625 84.375 0.29536
26.625 84.625 -0.69793
26.625 84.875 -0.43048
26.625 85.125 0.29743
26.625 85.375 0.52185
26.625 85.625 1.1645
26.625 86.125 0.14879
26.625 88.375 0.5932
26.625 88.625 0.25511
26.625 88.875 -0.71951
26.625 89.125 -0.69559
26.625 89.375 -0.46964
26.625 89.625 -0.47513
26.625 89.875 -0.7615
26.625 90.125 -0.3804
26.625 90.375 -1.0474
26.625 90.625 -1.3865
26.625 90.875 -1.0285
26.625 91.125 -0.94513
26.625 91.375 -0.53697
26.625 91.625 -1.2211
26.625 91.875 -1.4653
26.625 92.125 -1.1415
26.625 92.375 -1.164
26.625 92.625 -1.2707
26.625 92.875 0.17803
26.625 93.125 -0.38133
26.625 93.375 0.14532
26.625 93.625 -0.65814
26.625 93.875 -0.57961
26.625 94.125 -0.2575
26.625 94.375 -0.35015
26.625 94.625 0.16832
26.625 94.875 0.47517
26.625 95.125 0.48003
26.875 69.625 0.92547
26.875 69.875 0.7368
26.875 70.125 0.57188
26.875 70.375 0.44397
26.875 70.625 1.0644
26.875 70.875 0.79972
26.875 71.125 0.95882
26.875 71.375 1.4774
26.875 71.625 1.6682
26.875 71.875 2.0267
26.875 72.125 0.868
26.875 72.375 0.84442
26.875 72.625 0.68397
26.875 72.875 1.1305
26.875 73.125 1.7709
26.875 73.375 1.7272
26.875 73.625 2.0942
26.875 73.875 2.2484
26.875 74.125 2.2196
26.875 74.375 1.7422
26.875 74.625 1.4675
26.875 74.875 2.1403
26.875 75.125 2.1486
26.875 75.375 2.2546
26.875 75.625 1.0605
26.875 75.875 2.0701
26.875 76.125 2.5789
26.875 76.375 2.3295
26.875 76.625 1.9213
26.875 76.875 2.5639
26.875 77.125 2.7481
26.875 77.375 1.8243
26.875 77.625 2.2162
26.875 77.875 1.145
26.875 78.125 0.10459
26.875 78.375 0.8505
26.875 78.625 0.51517
26.875 78.875 1.8597
26.875 79.125 2.2775
26.875 79.375 2.3674
26.875 79.625 2.1124
26.875 79.875 1.6012
26.875 80.125 0.88053
26.875 80.375 1.2205
26.875 80.625 0.33102
26.875 80.875 0.94985
26.875 81.125 1.0831
26.875 81.375 0.44286
26.875 81.625 -1.0333
26.875 81.875 0.67932
26.875 82.125 -0.07706
26.875 82.375 -1.3359
26.875 82.625 -1.8284
26.875 82.875 -0.8613
26.875 83.125 -0.975
26.875 83.375 -1.5876
26.875 83.625 -1.2492
26.875 83.875 -0.75914
26.875 84.125 0.48187
26.875 84.375 -1.2652
26.875 84.625 -0.6017
26.875 84.875 -0.65213
26.875 88.375 0.70091
26.875 88.625 -0.47638
26.875 88.875 -0.52991
26.875 92.375 -0.86575
26.875 92.625 -0.17352
26.875 92.875 0.23849
26.875 93.125 0.18248
26.875 93.375 0.40246
26.875 93.625 -0.3928
26.875 93.875 -0.0033222
26.875 94.125 -0.66727
26.875 94.375 0.24669
26.875 94.625 0.17487
26.875 94.875 0.10992
26.875 95.125 0.28321
26.875 95.375 0.32959
26.875 95.625 0.11188
27.125 69.875 1.2396
27.125 70.125 1.4375
27.125 70.375 1.4319
27.125 70.625 1.2824
27.125 70.875 0.96161
27.125 71.125 1.19
27.125 71.375 1.4289
27.125 71.625 1.0677
27.125 71.875 0.66281
27.125 72.125 0.44916
27.125 72.375 0.64375
27.125 72.625 0.96009
27.125 72.875 1.6279
27.125 73.125 2.0054
27.125 73.375 2.0664
27.125 73.625 2.1362
27.125 73.875 2.1243
27.125 74.125 2.1457
27.125 74.375 1.8459
27.125 74.625 2.0027
27.125 74.875 1.8332
27.125 75.125 2.194
27.125 75.375 2.4434
27.125 75.625 2.6607
27.125 75.875 2.5049
27.125 76.125 2.0099
27.125 76.375 1.9579
27.125 76.625 1.7724
27.125 76.875 1.5057
27.125 77.125 2.7103
27.125 77.375 1.6042
27.125 77.625 2.0373
27.125 77.875 0.93322
27.125 78.125 1.3863
27.125 78.375 0.97469
27.125 78.625 0.1777
27.125 78.875 1.3429
27.125 79.125 2.033
27.125 79.375 0.55737
27.125 79.625 0.72415
27.125 79.875 1.1941
27.125 80.125 0.7975
27.125 80.375 0.68186
27.125 80.625 0.3736
27.125 80.875 1.1537
27.125 81.125 0.53551
27.125 81.375 0.38976
27.125 81.625 0.00045465
27.125 81.875 -0.09003
27.125 82.125 -0.59566
27.125 82.375 -0.91497
27.125 82.625 -0.38986
27.125 82.875 0.32139
27.125 83.125 -0.2206
27.125 83.375 0.11201
27.125 83.625 0.024619
27.125 83.875 -0.12692
27.125 84.125 -0.5588
27.125 84.375 -0.64771
27.125 84.625 -1.1205
27.125 88.125 0.96226
27.125 88.375 0.57465
27.125 88.625 0.10075
27.125 92.125 -1.7318
27.125 92.375 -0.34051
27.125 92.625 -0.017441
27.125 92.875 0.55974
27.125 93.125 0.098412
27.125 93.375 0.22153
27.125 93.625 0.0062445
27.125 93.875 0.72374
27.125 94.125 0.60012
27.125 94.375 0.39753
27.125 94.625 -0.17476
27.125 94.875 -0.24994
27.125 95.125 -0.56673
27.125 95.375 0.43065
27.125 95.625 -0.004036
27.125 95.875 -0.08737
27.375 70.125 1.4176
27.375 70.375 1.4713
27.375 70.625 1.2259
27.375 70.875 1.3164
27.375 71.125 1.1769
27.375 71.375 0.99497
27.375 71.625 0.60913
27.375 71.875 0.088744
27.375 72.125 -0.35823
27.375 72.375 0.40762
27.375 72.625 0.93882
27.375 72.875 1.5335
27.375 73.125 1.7349
27.375 73.375 1.7311
27.375 73.625 2.2238
27.375 73.875 2.2122
27.375 74.125 1.811
27.375 74.375 1.7165
27.375 74.625 2.0667
27.375 74.875 2.1265
27.375 75.125 2.3242
27.375 75.375 2.1071
27.375 75.625 2.7303
27.375 75.875 2.5342
27.375 76.125 1.8009
27.375 76.375 1.7779
27.375 76.625 2.1294
27.375 76.875 2.5436
27.375 77.125 2.3567
27.375 77.375 0.40411
27.375 77.625 1.8113
27.375 77.875 2.0487
27.375 78.125 1.9337
27.375 78.375 1.7272
27.375 78.625 1.2587
27.375 78.875 2.041
27.375 79.125 0.5407
27.375 79.375 -0.62711
27.375 79.625 0.13125
27.375 79.875 1.0495
27.375 80.125 -0.38455
27.375 80.375 -0.95607
27.375 80.625 -0.13035
27.375 80.875 -0.99388
27.375 81.125 0.24677
27.375 81.375 0.41342
27.375 81.625 -0.84733
27.375 81.875 -0.29292
27.375 82.125 0.4528
27.375 82.375 -0.16972
27.375 82.625 0.41916
27.375 82.875 0.78133
27.375 83.125 0.1256
27.375 83.625 -0.26521
27.375 84.125 -0.27827
27.375 84.375 -0.66354
27.375 88.125 1.8889
27.375 88.375 0.7933
27.375 88.625 -0.16304
27.375 92.125 -1.2983
27.375 92.375 -0.19981
27.375 92.625 0.20838
27.375 92.875 -0.036624
27.375 93.125 -0.98933
27.375 93.375 -1.1076
27.375 93.625 0.27938
27.375 93.875 0.67425
27.375 94.125 1.1208
27.375 94.375 0.13351
27.375 94.625 -0.26885
27.375 94.875 -0.87335
27.375 95.125 -0.11451
27.375 95.375 0.13822
27.375 95.625 -0.53822
27.375 95.875 -0.82437
27.375 96.125 -1.2304
27.375 96.375 -1.427
NaN NaN NaN
27.375 96.875 -0.50589
27.625 70.125 1.4526
27.625 70.375 1.3569
27.625 70.625 1.4147
27.625 70.875 1.4218
27.625 71.125 0.96046
27.625 71.375 0.70104
27.625 71.625 0.60797
27.625 71.875 0.17628
27.625 72.125 -0.3574
27.625 72.375 -0.48016
27.625 72.625 1.0484
27.625 72.875 1.2375
27.625 73.125 1.3792
27.625 73.375 1.4982
27.625 73.625 2.029
27.625 73.875 2.4145
27.625 74.125 1.8673
27.625 74.375 1.1688
27.625 74.625 1.7934
27.625 74.875 1.8504
27.625 75.125 1.9964
27.625 75.375 2.3155
27.625 75.625 2.0723
27.625 75.875 1.1259
27.625 76.125 1.6847
27.625 76.375 1.5611
27.625 76.625 1.7124
27.625 76.875 2.0419
27.625 77.125 1.2576
27.625 77.375 0.33208
27.625 77.625 1.0963
27.625 77.875 1.0909
27.625 78.125 2.2427
27.625 78.375 1.8551
27.625 78.625 0.90822
27.625 78.875 0.81109
27.625 79.125 -0.40772
27.625 79.375 -1.0556
27.625 79.625 -0.096435
27.625 79.875 0.4943
27.625 80.125 -0.2227
27.625 80.375 -0.32019
27.625 80.625 -0.51539
27.625 80.875 -0.69995
27.625 81.125 0.15319
27.625 81.375 -0.0079222
27.625 81.625 -0.29253
27.625 81.875 -0.25251
27.625 82.125 -0.1268
27.625 82.375 -0.27824
27.625 82.625 0.62111
27.625 88.375 1.0568
27.625 88.625 0.68618
27.625 91.625 -1.2957
27.625 91.875 -1.585
27.625 92.125 -1.0919
27.625 92.375 -0.60957
27.625 92.625 -0.44617
27.625 92.875 -0.70605
27.625 93.125 -0.8891
27.625 93.375 -0.78174
27.625 93.625 -1.375
27.625 93.875 -2.0377
27.625 94.125 -0.68217
27.625 94.375 0.37731
27.625 94.625 -0.90033
27.625 94.875 -1.3376
27.625 95.125 -1.5356
27.625 95.375 -0.82483
27.625 95.625 -1.361
27.625 95.875 -1.3772
27.625 96.125 -1.5812
27.625 96.375 -1.5097
27.625 96.625 -0.50313
27.625 96.875 -0.5551
27.875 70.375 1.4509
27.875 71.875 -0.017425
27.875 72.125 -0.26828
27.875 72.375 0.0010751
27.875 72.625 1.2311
27.875 72.875 1.3132
27.875 73.125 1.2497
27.875 73.375 1.5235
27.875 73.625 1.8995
27.875 73.875 1.8226
27.875 74.125 1.3961
27.875 74.375 0.74902
27.875 74.625 1.6742
27.875 74.875 1.9706
27.875 75.125 1.688
27.875 75.375 1.8668
27.875 75.625 1.4327
27.875 75.875 1.0079
27.875 76.125 1.5953
27.875 76.375 1.9948
27.875 76.625 1.1386
27.875 76.875 1.3866
27.875 77.125 2.0658
27.875 77.375 -0.32905
27.875 77.625 -1.1167
27.875 77.875 2.0865
27.875 78.125 2.8183
27.875 78.375 1.947
27.875 78.625 1.7871
27.875 78.875 1.6055
27.875 79.125 0.84342
27.875 79.375 -0.069889
27.875 79.625 -0.35415
27.875 79.875 0.54874
27.875 80.125 0.44712
27.875 80.375 0.29767
27.875 80.625 -0.49987
27.875 80.875 -0.92654
27.875 81.125 -0.3587
27.875 81.375 -0.036748
27.875 81.625 -0.015412
NaN NaN NaN
NaN NaN NaN
27.875 92.875 -1.2969
27.875 93.125 -0.96757
27.875 93.375 -1.1421
27.875 93.625 -1.4474
27.875 93.875 -1.8475
27.875 94.125 -1.1
27.875 94.375 -0.89984
27.875 94.625 -1.2849
27.875 94.875 -0.79773
27.875 95.125 -0.60908
27.875 95.375 -1.5159
27.875 95.625 -1.5047
27.875 95.875 -1.7467
27.875 96.125 -1.8327
27.875 96.375 -1.9417
27.875 96.625 -0.59334
NaN NaN NaN
27.875 97.125 -0.54713
28.125 72.125 0.15541
28.125 72.375 0.56619
28.125 72.625 1.1487
28.125 72.875 1.3442
28.125 73.125 1.8709
28.125 73.375 1.9097
28.125 73.625 2.227
28.125 73.875 2.024
28.125 74.125 1.4503
28.125 74.375 0.98426
28.125 74.625 1.2975
28.125 74.875 1.5835
28.125 75.125 1.2093
28.125 75.375 1.7311
28.125 75.625 1.0816
28.125 75.875 1.66
28.125 76.125 1.8998
28.125 76.375 1.5356
28.125 76.625 1.3596
28.125 76.875 0.81941
28.125 77.125 0.70747
28.125 77.375 0.38961
28.125 77.625 0.34299
28.125 77.875 1.8915
28.125 78.125 2.6537
28.125 78.375 2.3035
28.125 78.625 0.727
28.125 78.875 0.89392
28.125 79.125 0.38878
28.125 79.375 -0.54487
28.125 79.625 -0.96276
28.125 79.875 -0.097062
28.125 80.125 0.011154
28.125 80.375 0.29404
28.125 80.625 0.3557
28.125 80.875 -0.66151
28.125 81.125 -0.91942
28.125 81.375 -0.095747
28.125 92.875 -1.2277
28.125 93.125 -1.0771
28.125 93.375 -1.01
28.125 93.625 -1.1645
28.125 93.875 -1.7149
28.125 94.125 -1.5956
28.125 94.375 -1.3725
28.125 94.625 -1.1559
28.125 94.875 -1.0564
28.125 95.125 -1.0014
28.125 95.375 -1.1312
28.125 95.625 -1.1078
28.125 95.875 -1.2111
28.125 96.125 -1.6161
28.125 96.375 -0.67552
NaN NaN NaN
NaN NaN NaN
NaN NaN NaN
28.375 72.375 0.22352
28.375 72.625 0.39662
28.375 72.875 0.81714
28.375 73.125 1.5136
28.375 73.375 1.3331
28.375 73.625 1.2525
28.375 73.875 1.6343
28.375 74.125 1.1876
28.375 74.375 1.1837
28.375 74.625 1.2733
28.375 74.875 1.2324
28.375 75.125 1.0891
28.375 75.375 1.396
28.375 75.625 0.98708
28.375 75.875 1.5148
28.375 76.125 1.4154
28.375 76.375 0.66024
28.375 76.625 0.31691
28.375 76.875 0.62485
28.375 77.125 -0.21058
28.375 77.375 0.33581
28.375 77.625 0.86107
28.375 77.875 0.28512
28.375 78.125 2.4163
28.375 78.375 1.7361
28.375 78.625 -0.42263
28.375 78.875 -0.66709
28.375 79.125 0.29873
28.375 79.375 0.46079
28.375 79.625 -0.58517
28.375 79.875 -0.33917
28.375 80.125 -0.11054
28.375 80.375 -0.26664
28.375 80.625 -0.077501
28.375 80.875 -0.42087
28.375 81.125 -0.40369
28.375 93.375 -0.95775
28.375 93.625 -0.74788
28.375 93.875 -0.82535
28.375 94.125 -0.27802
28.375 94.375 -0.46911
28.375 94.625 -0.93412
28.375 94.875 -0.74866
28.375 95.125 -0.89182
28.375 95.375 -0.91084
28.375 95.625 -0.78718
28.375 95.875 -0.9243
28.375 96.125 -1.3181
NaN NaN NaN
28.625 72.375 0.56374
28.625 72.625 0.81715
28.625 72.875 1.1019
28.625 73.125 1.4175
28.625 73.375 1.4484
28.625 73.625 1.3855
28.625 73.875 1.1202
28.625 74.125 1.0293
28.625 74.375 1.4344
28.625 74.625 1.0345
28.625 74.875 0.94889
28.625 75.125 1.0962
28.625 75.375 0.73888
28.625 75.625 0.14645
28.625 75.875 -0.31954
28.625 76.125 0.57699
28.625 76.375 0.3647
28.625 76.625 0.78005
28.625 76.875 0.27646
28.625 77.125 -1.2462
28.625 77.375 -0.18535
28.625 77.625 -0.15396
28.625 77.875 -0.57355
28.625 78.125 0.52761
28.625 78.375 0.81636
28.625 78.625 -1.0424
28.625 78.875 -0.54734
28.625 79.125 0.70025
28.625 79.375 0.20972
28.625 79.625 0.75599
28.625 79.875 0.43277
28.625 80.125 0.48521
28.625 80.375 0.14831
28.625 80.625 -0.11642
28.625 93.625 0.34052
NaN NaN NaN
28.625 94.125 0.23501
28.625 94.375 -0.19445
28.625 94.625 -0.14576
28.625 94.875 -0.38833
28.625 95.125 -0.71825
28.625 95.375 -0.74034
28.625 95.625 -0.71954
28.625 95.875 -1.013
28.625 96.125 -0.53363
NaN NaN NaN
28.875 72.875 0.80605
28.875 73.125 1.4232
28.875 73.375 1.5359
28.875 73.625 1.189
28.875 73.875 0.86414
28.875 74.125 1.1937
28.875 74.375 0.87201
28.875 74.625 1.2568
28.875 74.875 0.99958
28.875 75.125 0.54292
28.875 75.375 0.42361
28.875 75.625 0.70643
28.875 75.875 0.13836
28.875 76.125 -0.078255
28.875 76.375 0.71058
28.875 76.625 -0.062752
28.875 76.875 -0.22199
28.875 77.125 1.0131
28.875 77.375 1.2528
28.875 77.625 1.0052
28.875 77.875 0.98568
28.875 78.125 0.23266
28.875 78.375 0.11089
28.875 78.625 -0.40363
28.875 78.875 -0.071344
28.875 79.125 1.1159
28.875 79.375 1.0878
28.875 79.625 1.2503
28.875 79.875 1.1039
28.875 94.125 0.22049
28.875 94.375 0.13271
28.875 94.625 -0.21014
28.875 94.875 0.1032
28.875 95.125 -0.13405
28.875 95.375 -1.0159
28.875 95.625 -0.58564
28.875 95.875 -0.6526
28.875 96.125 -0.094937
NaN NaN NaN
29.125 73.125 1.8558
29.125 73.375 1.4435
29.125 73.625 0.60568
29.125 73.875 0.99766
29.125 74.125 0.81242
29.125 74.375 0.95754
29.125 74.625 1.0849
29.125 74.875 0.9361
29.125 75.125 -0.16827
29.125 75.375 0.5332
29.125 75.625 0.82169
29.125 75.875 0.12149
29.125 76.125 -0.012169
29.125 76.375 -0.58122
29.125 76.625 0.45944
29.125 76.875 0.3538
29.125 77.125 1.0383
29.125 77.375 0.79929
29.125 77.625 0.82872
29.125 77.875 0.99815
29.125 78.125 0.59042
29.125 78.375 0.36579
29.125 78.625 1.1635
29.125 78.875 0.48065
29.125 79.125 1.5853
29.125 79.375 1.841
29.125 79.625 1.1973
29.125 79.875 1.1384
29.125 80.125 1.3413
29.125 94.375 0.12675
29.125 94.625 0.071551
29.125 94.875 0.27469
29.125 95.625 -0.39513
29.125 95.875 0.0013352
29.125 96.125 NaN
29.375 73.375 0.88229
29.375 73.625 0.60441
29.375 73.875 1.2748
29.375 74.125 1.1745
29.375 74.375 0.79567
29.375 74.625 0.3444
29.375 74.875 0.86272
29.375 75.125 1.1286
29.375 75.375 -0.06487
29.375 75.625 0.3509
29.375 75.875 -1.8627
29.375 76.125 -0.45854
29.375 76.375 -0.76274
29.375 76.625 0.27121
29.375 76.875 -1.5144
29.375 77.125 -1.1807
29.375 77.375 0.5124
29.375 77.625 0.40236
29.375 77.875 0.5476
29.375 78.125 0.30963
29.375 78.375 0.35819
29.375 78.625 -0.31127
29.375 78.875 0.35524
29.375 79.125 1.3581
29.375 79.375 2.1225
29.375 79.625 0.0048693
29.375 79.875 0.30331
29.375 80.125 0.23096
NaN NaN NaN
29.625 73.375 1.1239
29.625 73.625 1.231
29.625 73.875 0.99376
29.625 74.125 1.6766
29.625 74.375 0.95843
29.625 74.625 -0.76285
29.625 74.875 0.25817
29.625 75.125 0.36033
29.625 75.375 0.19769
29.625 75.625 1.8355
29.625 75.875 -0.47365
29.625 76.125 -1.2169
29.625 76.375 0.3185
29.625 76.625 0.91372
29.625 76.875 1.1007
29.625 77.125 -0.015163
29.625 77.375 -0.61772
29.625 77.625 -0.74113
29.625 77.875 -0.096224
29.625 78.125 0.66148
29.625 78.375 0.24076
29.625 78.625 -0.83119
29.625 78.875 0.11059
29.625 79.125 1.3852
29.625 79.375 0.77339
29.625 79.625 0.21586
29.625 79.875 -0.07096
29.625 80.125 0.16997
29.875 73.625 1.2638
29.875 73.875 0.81092
29.875 74.125 1.1957
29.875 74.375 0.031602
29.875 74.625 -1.2287
29.875 74.875 -1.0467
29.875 75.125 -0.026089
29.875 75.375 0.36291
29.875 75.625 1.0072
29.875 75.875 -0.73691
29.875 76.125 -0.41172
29.875 76.375 0.29455
29.875 76.625 0.77046
29.875 76.875 -0.56488
29.875 77.125 0.32382
29.875 77.375 -0.20436
29.875 77.625 -0.67636
29.875 77.875 0.5318
29.875 78.125 -0.55957
29.875 78.375 1.5498
29.875 78.625 1.1166
29.875 78.875 1.0377
29.875 79.125 -0.37653
29.875 79.375 -0.29745
29.875 79.625 0.68828
29.875 79.875 -0.44532
29.875 80.125 -0.098039
29.875 80.375 -0.053982
30.125 74.125 0.80219
30.125 74.375 -0.30217
30.125 74.625 -0.56091
30.125 74.875 -0.3744
30.125 75.125 0.46147
30.125 75.375 0.95312
30.125 75.625 1.1287
30.125 75.875 -0.16317
30.125 76.125 0.84113
30.125 76.375 0.055299
30.125 76.625 -0.72931
30.125 76.875 -0.65179
30.125 77.125 -1.1918
30.125 77.375 -0.70978
30.125 77.625 1.6898
30.125 77.875 1.0729
30.125 78.125 1.3648
30.125 78.375 2.0056
30.125 78.625 1.4797
30.125 78.875 0.81785
30.125 79.125 0.27061
30.125 79.375 -0.082149
30.125 79.625 0.42636
30.125 79.875 -0.34978
30.125 80.125 -0.43145
30.125 80.375 -0.2398
30.125 80.625 -0.16595
30.375 74.125 0.92191
30.375 74.375 0.031942
30.375 74.625 0.58858
30.375 74.875 0.88548
30.375 75.125 1.2599
30.375 75.375 0.99079
30.375 75.625 0.17124
30.375 75.875 0.10528
30.375 76.125 0.22858
30.375 76.375 0.22036
30.375 76.625 -0.90089
30.375 76.875 -1.2238
30.375 77.125 0.7584
30.375 77.375 1.3282
30.375 77.625 1.2018
30.375 77.875 1.3265
30.375 78.125 0.98941
30.375 78.375 -1.0617
30.375 78.625 0.90264
30.375 78.875 0.516
30.375 79.125 0.35338
30.375 79.375 -0.046701
30.375 79.625 0.31817
30.375 79.875 0.0024745
30.375 80.125 -0.1623
30.375 80.375 -0.18121
30.375 80.625 -0.243
30.625 74.375 0.8497
30.625 74.625 1.0627
30.625 74.875 0.70926
30.625 75.125 1.1487
30.625 75.375 1.0742
30.625 75.625 1.7159
30.625 75.875 1.3637
30.625 76.125 -0.039036
30.625 76.375 -0.28527
30.625 76.625 0.76354
30.625 76.875 0.81427
30.625 77.125 1.3331
30.625 77.375 1.6969
30.625 77.625 0.46383
30.625 77.875 0.51325
30.625 78.125 0.85904
30.625 78.375 -0.34072
30.625 78.625 0.52023
30.625 78.875 0.48955
30.625 79.125 0.33392
30.625 79.375 0.039641
30.625 79.625 0.59871
30.625 79.875 -0.093549
30.625 80.125 0.16249
30.875 74.625 0.34489
30.875 74.875 0.84485
30.875 75.125 1.3682
30.875 75.375 0.90593
30.875 75.625 1.8172
30.875 75.875 1.6611
30.875 76.125 1.5133
30.875 76.375 1.14
30.875 76.625 1.4415
30.875 76.875 1.5021
30.875 77.125 1.4755
30.875 77.375 0.85402
30.875 77.625 0.2702
30.875 77.875 1.0729
30.875 78.125 0.39193
30.875 78.375 0.11035
30.875 78.625 0.22405
30.875 78.875 0.6505
30.875 79.125 0.40238
NaN NaN NaN
NaN NaN NaN
NaN NaN NaN
31.125 74.875 0.52011
31.125 75.125 0.81385
31.125 75.375 0.20203
31.125 75.625 0.30729
31.125 75.875 1.6212
31.125 76.125 2.0249
31.125 76.375 1.4683
31.125 76.625 0.78022
31.125 76.875 1.2302
31.125 77.125 1.5126
31.125 77.375 0.82519
31.125 77.625 1.7441
31.125 77.875 0.52917
31.125 78.125 -0.58087
31.125 78.375 -0.41364
31.125 78.625 0.0766
NaN NaN NaN
NaN NaN NaN
31.375 74.875 0.73285
31.375 75.125 0.084293
31.375 75.375 -0.59016
31.375 75.625 1.3494
31.375 75.875 2.3499
31.375 76.125 2.0504
31.375 76.375 1.6829
31.375 76.625 1.0912
31.375 76.875 0.80747
31.375 77.125 1.1218
31.375 77.375 1.8209
31.375 77.625 1.8107
31.375 77.875 0.11779
31.375 78.125 -0.35867
31.375 78.375 -0.47493
31.375 78.625 -0.2832
31.625 74.875 1.2631
31.625 75.125 1.137
31.625 75.375 0.88291
31.625 75.625 1.0363
31.625 75.875 0.22773
31.625 76.125 0.84406
31.625 76.375 0.93477
31.625 76.625 0.9413
31.625 76.875 0.52359
31.625 77.125 0.19335
31.625 77.375 2.2464
31.625 77.625 2.0555
31.625 77.875 0.37263
31.625 78.125 -0.35784
31.625 78.375 -0.46783
31.625 78.625 -0.58681
31.875 74.875 1.7216
31.875 75.125 1.1825
31.875 75.375 0.226
31.875 75.625 0.62824
31.875 75.875 1.3223
31.875 76.125 1.191
31.875 76.375 0.67146
31.875 76.625 0.78841
31.875 76.875 -0.050799
31.875 77.125 0.17347
31.875 77.375 1.0348
31.875 77.625 1.4309
31.875 77.875 0.16749
31.875 78.125 -0.32796
31.875 78.375 -0.51212
31.875 78.625 -0.73711
32.125 75.375 0.69612
32.125 75.625 1.4118
32.125 75.875 1.2024
32.125 76.125 0.33077
32.125 76.375 0.39856
32.125 76.625 -0.25057
32.125 76.875 -0.10952
32.125 77.125 -0.20739
32.125 77.375 -0.97841
32.125 77.625 0.45671
32.125 77.875 -0.23457
32.125 78.125 -0.66708
32.125 78.375 -0.69002
32.375 75.375 0.070412
32.375 75.625 0.4291
32.375 75.875 0.82677
32.375 76.125 -0.18016
32.375 76.375 0.17487
32.375 76.625 -0.36628
32.375 76.875 -0.3144
32.375 77.125 -0.34077
32.375 77.375 -1.3766
32.375 77.625 -0.98942
32.375 77.875 -0.97278
32.375 78.125 -0.73762
32.375 78.375 -1.0981
32.625 74.875 0.77698
32.625 75.125 0.39595
32.625 75.375 -0.11282
32.625 75.625 -0.26961
32.625 75.875 -0.30448
32.625 76.125 0.26725
32.625 76.375 -0.18305
32.625 76.625 -0.73158
32.625 76.875 0.28438
32.625 77.125 -0.033089
32.625 77.375 -1.0081
32.625 77.625 -1.4297
32.625 77.875 -1.2363
32.625 78.125 -1.4363
32.625 78.375 -1.2003
32.625 78.625 -1.3565
32.625 78.875 -1.2669
32.625 79.125 -1.0105
32.625 79.375 -0.77464
32.875 74.375 1.0502
32.875 74.625 0.65288
32.875 74.875 0.83159
32.875 75.125 0.56148
32.875 75.375 -0.26137
32.875 75.625 -0.60464
32.875 75.875 -0.38283
32.875 76.125 0.32577
32.875 76.375 0.42933
32.875 76.625 0.25542
32.875 76.875 0.20601
32.875 77.125 -0.3507
32.875 77.375 -0.86059
32.875 77.625 -1.3202
32.875 77.875 -1.6785
32.875 78.125 -0.79921
32.875 78.375 -0.81771
32.875 78.625 -1.1283
32.875 78.875 -1.2326
32.875 79.125 -1.1786
32.875 79.375 -1.0279
33.125 73.875 0.67238
33.125 74.125 0.55632
33.125 74.375 0.5658
33.125 74.625 0.50551
33.125 74.875 0.3913
33.125 75.125 0.32706
33.125 75.375 -0.69412
33.125 75.625 -0.75211
33.125 75.875 0.058544
33.125 76.125 0.41226
33.125 76.375 0.37903
33.125 76.625 0.41767
33.125 76.875 -0.076168
33.125 77.125 -0.48258
33.125 77.375 -0.46401
33.125 77.625 -0.32456
33.125 77.875 -0.26539
33.125 78.125 0.057101
33.125 78.375 -0.041025
33.125 78.625 -0.48779
33.125 78.875 -0.92655
33.125 79.125 -1.0609
33.375 73.875 0.56854
33.375 74.125 0.3038
33.375 74.375 -0.71498
33.375 74.625 -0.78159
33.375 74.875 -0.85987
33.375 75.125 -1.3499
33.375 75.375 -0.94924
33.375 75.625 -0.81934
33.375 75.875 -0.21643
33.375 76.125 0.27306
33.375 76.375 0.68204
33.375 76.625 0.38774
33.375 76.875 0.22981
33.375 77.125 0.62044
33.375 77.375 0.38592
33.375 77.625 0.1154
33.375 77.875 -0.37724
33.375 78.125 0.39154
33.375 78.375 0.4686
33.375 78.625 -0.0034549
33.375 78.875 -0.51179
33.625 73.875 0.71434
33.625 74.125 0.90859
33.625 74.375 -1.1385
33.625 74.625 -1.5693
33.625 74.875 -0.68956
33.625 75.125 -1.1447
33.625 75.375 -0.82339
33.625 75.625 -0.70931
33.625 75.875 -0.2809
33.625 76.125 0.015124
33.625 76.375 0.46945
33.625 76.625 -0.46586
33.625 76.875 0.19115
33.625 77.125 0.38564
33.625 77.375 0.46001
33.625 77.625 0.33538
33.625 77.875 0.372
33.625 78.125 0.1946
33.625 78.375 0.29653
33.625 78.625 0.28581
33.625 78.875 -0.57105
33.875 73.875 0.7609
33.875 74.125 0.062157
33.875 74.375 -0.62948
33.875 74.625 0.1261
33.875 74.875 -0.38805
33.875 75.125 0.15303
33.875 75.375 0.035909
33.875 75.625 -0.41093
33.875 75.875 -0.35076
33.875 76.125 -0.66091
33.875 76.375 -0.22951
33.875 76.625 -0.27439
33.875 76.875 -0.19864
33.875 77.125 -0.086077
33.875 77.375 0.19405
33.875 77.625 0.064306
33.875 77.875 0.11473
33.875 78.125 0.22543
33.875 78.375 0.29997
33.875 78.625 0.091084
33.875 78.875 -0.025865
34.125 73.625 -0.0050893
34.125 73.875 0.28746
34.125 74.125 0.33083
34.125 74.375 -0.50359
34.125 74.625 -0.61943
34.125 74.875 0.072393
34.125 75.125 0.3505
34.125 75.375 0.054312
34.125 75.625 -0.60651
34.125 75.875 -0.7889
34.125 76.125 -0.95789
34.125 76.375 -0.12364
34.125 76.625 0.065483
34.125 76.875 -0.1033
34.125 77.125 -0.17202
34.125 77.375 -0.055224
34.125 77.625 0.14905
34.125 77.875 0.14365
34.125 78.125 0.29629
34.125 78.375 0.36358
34.125 78.625 0.13108
34.125 78.875 0.21315
34.125 79.125 0.22555
34.125 79.375 -0.052899
34.375 73.625 -0.36871
34.375 73.875 -0.50695
34.375 74.125 -0.93802
34.375 74.375 -0.3229
34.375 74.625 -0.28793
34.375 74.875 -0.12347
34.375 75.125 0.062239
34.375 75.375 -0.70729
34.375 75.625 -0.79838
34.375 75.875 -0.79603
34.375 76.125 -0.70374
34.375 76.375 0.062718
34.375 76.625 -0.0036797
34.375 76.875 -0.082901
34.375 77.125 -0.035267
34.375 77.375 -0.12915
34.375 77.625 -0.085624
34.375 77.875 0.077763
34.375 78.125 0.22867
34.375 78.375 0.32424
34.375 78.625 0.4016
34.375 78.875 -0.24698
34.375 79.125 0.013096
34.375 79.375 -0.3333
34.625 73.875 -0.69263
34.625 74.125 -1.0594
34.625 74.375 -0.55973
34.625 74.625 -0.50523
34.625 74.875 -0.49159
34.625 75.125 -0.008508
34.625 75.375 -0.96627
34.625 75.625 -1.1451
34.625 75.875 -0.50648
34.625 76.125 -0.56265
34.625 76.375 -0.1608
34.625 76.625 0.033779
34.625 76.875 -0.039824
34.625 77.125 0.10106
34.625 77.375 -0.22329
34.625 77.625 0.12841
34.625 77.875 0.064116
34.625 78.125 0.19001
34.625 78.375 0.45124
34.625 78.625 0.13014
34.625 78.875 -0.30809
34.625 79.125 -0.24183
34.625 79.375 -0.16952
34.625 79.625 -0.42537
34.875 74.125 -0.41993
34.875 74.375 -0.30624
34.875 74.625 -0.18869
34.875 74.875 -0.17745
34.875 75.125 -0.82512
34.875 75.375 -1.9706
34.875 75.625 -0.75792
34.875 75.875 -0.61401
34.875 76.125 -0.67868
34.875 76.375 -0.30664
34.875 76.625 -0.077435
34.875 76.875 0.033668
34.875 77.125 0.079329
34.875 77.375 0.044061
34.875 77.625 -0.018054
34.875 77.875 0.052549
34.875 78.125 0.18504
34.875 78.375 0.35818
34.875 78.625 -0.25369
34.875 78.875 -0.20745
34.875 79.125 -0.15573
34.875 79.375 0.15495
34.875 79.625 -0.51912
34.875 79.875 -0.50133
35.125 74.375 -0.34685
35.125 74.625 -0.58061
35.125 74.875 -0.34233
35.125 75.125 -1.6682
35.125 75.375 -1.5601
35.125 75.625 -0.6133
35.125 75.875 -0.26323
35.125 76.125 -0.68717
35.125 76.375 0.069386
35.125 76.625 0.10346
35.125 76.875 -0.13464
35.125 77.125 0.13976
35.125 77.375 -0.038534
35.125 77.625 -0.43563
35.125 77.875 -0.061351
35.125 78.125 -0.3755
35.125 78.375 -0.50365
35.125 78.625 -0.24492
35.125 78.875 0.17882
35.125 79.125 0.047949
35.125 79.375 -0.37257
35.125 79.625 -0.77989
35.125 79.875 -0.25234
35.375 73.875 -0.40246
35.375 74.125 -0.53241
35.375 74.375 -0.37905
35.375 74.625 -0.35003
35.375 74.875 -0.035147
35.375 75.125 -1.2795
35.375 75.375 -1.108
35.375 75.625 -0.48207
35.375 75.875 -0.28901
35.375 76.125 -0.24583
35.375 76.375 -0.11864
35.375 76.625 -0.091096
35.375 76.875 0.010966
35.375 77.125 -0.02655
35.375 77.375 -0.59986
35.375 77.625 -0.45527
35.375 77.875 -0.48357
35.375 78.125 -0.60405
35.375 78.375 -0.34179
35.375 78.625 -0.043862
35.375 78.875 -0.1359
35.375 79.125 -0.063972
35.375 79.375 -0.36495
35.375 79.625 -0.45169
35.375 79.875 -0.43436
NaN NaN NaN
35.625 73.375 -0.45794
35.625 73.625 -0.36884
35.625 73.875 -0.57144
35.625 74.125 -0.7763
35.625 74.375 -1.0781
35.625 74.625 -0.43172
35.625 74.875 -0.10884
35.625 75.125 -1.3951
35.625 75.375 -1.2077
35.625 75.625 -0.74545
35.625 75.875 -0.61457
35.625 76.125 -0.28796
35.625 76.375 -0.27276
35.625 76.625 -0.96557
35.625 76.875 -0.84588
35.625 77.125 -0.5075
35.625 78.375 -0.32632
35.625 78.625 -0.14663
35.625 78.875 -0.2775
35.625 79.125 -0.24909
35.625 79.375 -0.063299
35.625 79.625 -0.33678
35.625 79.875 -0.13878
35.625 80.125 -0.081758
35.875 73.125 2.3703
35.875 73.375 0.66174
35.875 73.625 -0.30331
35.875 73.875 -0.66338
35.875 74.125 -0.80731
35.875 74.375 -1.3634
35.875 74.625 -0.5847
35.875 74.875 -0.2266
35.875 75.125 -0.69238
35.875 75.375 -1.5748
35.875 75.625 -1.1411
35.875 75.875 -0.8675
35.875 76.125 -0.70289
35.875 76.375 -0.47358
35.875 76.625 -1.1071
35.875 79.375 0.20992
36.125 72.625 NaN
NaN NaN NaN
NaN NaN NaN
36.125 73.375 1.5036
36.125 73.625 0.74346
36.125 73.875 0.15749
36.125 74.125 -0.64193
36.125 74.375 -0.83575
36.125 74.625 -0.40517
36.125 74.875 -0.38271
36.125 75.125 -0.42062
36.125 75.375 -1.4791
36.125 75.625 -2.0936
36.125 75.875 -1.2477
36.125 76.125 -1.1535
36.125 76.375 -0.5689
36.125 76.625 -0.48726
36.375 73.125 1.9616
36.375 73.375 1.7643
36.375 73.625 1.3591
36.375 73.875 0.65802
36.375 74.125 -0.09233
36.375 74.375 -0.2045
36.375 74.625 -0.74318
36.375 74.875 -0.62565
36.375 75.125 -0.50278
36.375 75.375 -1.053
36.375 75.625 -1.5166
36.375 75.875 -1.6078
36.375 76.125 -1.0273
36.625 73.375 1.9324
36.625 73.625 1.5153
36.625 73.875 0.73455
36.625 74.125 0.59444
36.625 74.375 -0.5661
36.625 74.625 -0.38871
36.625 74.875 -0.70448
36.625 75.125 -0.92688
36.625 75.375 -1.0507
36.625 75.625 -0.81757
36.875 73.875 0.59287
36.875 74.375 -0.14121
36.875 74.625 -0.48252
36.875 74.875 -1.0282
36.875 75.125 -1.3018
36.875 75.375 -1.2496
