8.125 77.375 53.58
8.375 77.125 67.8
8.375 77.375 80.937
8.375 77.625 72.565
8.375 77.875 42.685
8.625 76.875 64.567
8.625 77.125 78.01
8.625 77.375 86.225
8.625 77.625 74.51
8.625 77.875 42.866
8.875 76.875 69.771
8.875 77.125 77.375
8.875 77.375 69.445
8.875 77.625 57.989
8.875 77.875 43.007
9.125 76.625 54.653
9.125 76.875 93.822
9.125 77.125 99.607
9.125 77.375 72.01
9.125 77.625 53.959
9.125 77.875 45.456
9.125 78.125 41.989
NaN NaN NaN
9.375 76.625 69.953
9.375 76.875 136.72
9.375 77.125 144.71
9.375 77.375 93.92
9.375 77.625 62.422
9.375 77.875 50.215
9.375 78.125 44.374
9.375 78.375 44.902
9.375 78.625 38.241
NaN NaN NaN
9.625 76.375 49.033
9.625 76.625 82.715
9.625 76.875 176
9.625 77.125 188.85
9.625 77.375 121.26
9.625 77.625 76.48
9.625 77.875 54.504
9.625 78.125 44.433
9.625 78.375 46.266
9.625 78.625 39.388
9.875 76.625 92.938
9.875 76.875 211.68
9.875 77.125 232.05
9.875 77.375 154.04
9.875 77.625 96.135
9.875 77.875 58.326
9.875 78.125 42.166
9.875 78.375 47.654
9.875 78.625 41.174
9.875 78.875 22.727
10.125 76.375 47.512
10.125 76.625 94.282
10.125 76.875 207.32
10.125 77.125 230.87
10.125 77.375 164.95
10.125 77.625 111.11
10.125 77.875 69.329
10.125 78.125 48.421
10.125 78.375 48.383
10.125 78.625 40.368
10.125 78.875 24.375
10.125 79.125 17.226
10.375 76.375 52.656
10.375 76.625 86.748
10.375 76.875 162.91
10.375 77.125 185.32
10.375 77.375 154
10.375 77.625 121.4
10.375 77.875 87.512
10.375 78.125 63.198
10.375 78.375 48.453
10.375 78.625 36.967
10.375 78.875 28.739
10.375 79.125 23.209
NaN NaN NaN
NaN NaN NaN
10.625 76.125 65.081
10.625 76.375 93.537
10.625 76.625 115.67
10.625 76.875 131.48
10.625 77.125 132.75
10.625 77.375 119.47
10.625 77.625 102.41
10.625 77.875 81.555
10.625 78.125 61.902
10.625 78.375 43.447
10.625 78.625 32.407
10.625 78.875 28.782
10.625 79.125 25.308
10.625 79.375 21.986
10.625 79.625 20.972
10.875 76.125 80.354
10.875 76.375 170.15
10.875 76.625 181.05
10.875 76.875 113.05
10.875 77.125 73.159
10.875 77.375 61.376
10.875 77.625 54.144
10.875 77.875 51.462
10.875 78.125 44.536
10.875 78.375 33.366
10.875 78.625 26.688
10.875 78.875 24.503
10.875 79.125 23.523
10.875 79.375 23.747
10.875 79.625 24.24
11.125 76.125 113.32
11.125 76.375 240.28
11.125 76.625 248.14
11.125 76.875 136.9
11.125 77.125 68.888
11.125 77.375 44.098
11.125 77.625 33.35
11.125 77.875 36.643
11.125 78.125 38.494
11.125 78.375 38.903
11.125 78.625 34.238
11.125 78.875 24.499
11.125 79.125 20.418
11.125 79.375 21.994
11.125 79.625 23.468
11.375 75.875 86.651
11.375 76.125 163.99
11.375 76.375 303.91
11.375 76.625 316.94
11.375 76.875 203.04
11.375 77.125 119.94
11.375 77.375 67.642
11.375 77.625 40.027
11.375 77.875 37.098
11.375 78.125 43.775
11.375 78.375 60.058
11.375 78.625 55.056
11.375 78.875 28.769
11.375 79.125 15.992
11.375 79.375 16.725
11.375 79.625 18.654
11.625 75.875 102.73
11.625 76.125 169.23
11.625 76.375 270.61
11.625 76.625 279.41
11.625 76.875 195.64
11.625 77.125 129.38
11.625 77.375 80.645
11.625 77.625 49.8
11.625 77.875 36.847
11.625 78.125 41.302
11.625 78.375 63.163
11.625 78.625 59.171
11.625 78.875 29.327
11.625 79.125 14.815
11.625 79.375 15.635
NaN NaN NaN
NaN NaN NaN
11.875 75.875 103.91
11.875 76.125 129.05
11.875 76.375 140.35
11.875 76.625 135.57
11.875 76.875 114.69
11.875 77.125 97.204
11.875 77.375 83.107
11.875 77.625 62.67
11.875 77.875 35.892
11.875 78.125 31.073
11.875 78.375 48.215
11.875 78.625 46.582
11.875 78.875 26.173
11.875 79.125 16.887
11.875 79.375 18.723
11.875 79.625 21.758
12.125 75.375 70.352
12.125 75.625 84.61
12.125 75.875 108.61
12.125 76.125 106.41
12.125 76.375 77.996
12.125 76.625 66.629
12.125 76.875 72.306
12.125 77.125 76.181
12.125 77.375 78.255
12.125 77.625 66.532
12.125 77.875 41.015
12.125 78.125 31.706
12.125 78.375 38.603
12.125 78.625 37.872
12.125 78.875 29.512
12.125 79.125 25.07
12.125 79.375 24.546
12.125 79.625 25.592
12.375 75.125 72.041
12.375 75.375 115.15
12.375 75.625 130.08
12.375 75.875 116.83
12.375 76.125 101.32
12.375 76.375 83.531
12.375 76.625 72.585
12.375 76.875 68.48
12.375 77.125 66.315
12.375 77.375 66.088
12.375 77.625 61.389
12.375 77.875 52.219
12.375 78.125 43.199
12.375 78.375 34.327
12.375 78.625 33.041
12.375 78.875 39.342
12.375 79.125 39.363
12.375 79.375 33.105
12.375 79.625 29.588
12.375 79.875 28.813
12.625 75.125 71.691
12.625 75.375 125.07
12.625 75.625 137.78
12.625 75.875 109.81
12.625 76.125 91.177
12.625 76.375 81.891
12.625 76.625 73.879
12.625 76.875 67.141
12.625 77.125 61.9
12.625 77.375 58.156
12.625 77.625 55.719
12.625 77.875 54.59
12.625 78.125 47.203
12.625 78.375 33.558
12.625 78.625 31.311
12.625 78.875 40.463
12.625 79.125 41.738
12.625 79.375 35.135
12.625 79.625 30.911
12.625 79.875 29.067
12.875 75.125 64.786
12.875 75.375 100.12
12.875 75.625 107.7
12.875 75.875 87.53
12.875 76.125 75.989
12.875 76.375 73.078
12.875 76.625 70.511
12.875 76.875 68.288
12.875 77.125 62.938
12.875 77.375 54.46
12.875 77.625 49.523
12.875 77.875 48.127
12.875 78.125 43.718
12.875 78.375 36.297
12.875 78.625 32.682
12.875 78.875 32.875
12.875 79.125 32.193
12.875 79.375 30.637
12.875 79.625 29.561
12.875 79.875 28.969
NaN NaN NaN
13.125 75.125 73.566
13.125 75.375 101.89
13.125 75.625 104.97
13.125 75.875 82.785
13.125 76.125 69.781
13.125 76.375 65.957
13.125 76.625 64.874
13.125 76.875 66.533
13.125 77.125 61.98
13.125 77.375 51.213
13.125 77.625 44.96
13.125 77.875 43.218
13.125 78.125 41.396
13.125 78.375 39.493
13.125 78.625 36.824
13.125 78.875 33.39
13.125 79.125 31.53
13.125 79.375 31.246
13.125 79.625 30.155
13.125 79.875 28.259
13.125 80.125 31.474
NaN NaN NaN
13.375 75.125 98.03
13.375 75.375 130.39
13.375 75.625 129.57
13.375 75.875 95.569
13.375 76.125 72.556
13.375 76.375 60.529
13.375 76.625 56.97
13.375 76.875 61.877
13.375 77.125 59.027
13.375 77.375 48.418
13.375 77.625 42.03
13.375 77.875 39.863
13.375 78.125 40.236
13.375 78.375 43.147
13.375 78.625 43.737
13.375 78.875 42.008
13.375 79.125 39.749
13.375 79.375 36.962
13.375 79.625 32.691
13.375 79.875 26.937
13.375 80.125 31.209
13.625 74.875 84.978
13.625 75.125 105.56
13.625 75.375 121.39
13.625 75.625 116.17
13.625 75.875 89.893
13.625 76.125 71.263
13.625 76.375 60.277
13.625 76.625 55.776
13.625 76.875 57.76
13.625 77.125 54.459
13.625 77.375 45.875
13.625 77.625 41.655
13.625 77.875 41.799
13.625 78.125 42.541
13.625 78.375 43.881
13.625 78.625 44.797
13.625 78.875 45.289
13.625 79.125 43.356
13.625 79.375 38.996
13.625 79.625 33.628
13.625 79.875 27.249
13.625 80.125 32.782
13.875 74.875 91.919
13.875 75.125 96.165
13.875 75.375 74.897
13.875 75.625 64.761
13.875 75.875 65.757
13.875 76.125 65.903
13.875 76.375 65.2
13.875 76.625 61.292
13.875 76.875 54.18
13.875 77.125 48.278
13.875 77.375 43.585
13.875 77.625 43.835
13.875 77.875 49.026
13.875 78.125 48.313
13.875 78.375 41.696
13.875 78.625 40.003
13.875 78.875 43.233
13.875 79.125 42.349
13.875 79.375 37.351
13.875 79.625 32.965
13.875 79.875 29.192
14.125 74.625 57.168
14.125 74.875 87.753
14.125 75.125 85.557
14.125 75.375 50.578
14.125 75.625 40.067
14.125 75.875 54.024
14.125 76.125 63.074
14.125 76.375 67.216
14.125 76.625 63.192
14.125 76.875 51
14.125 77.125 44.418
14.125 77.375 43.444
14.125 77.625 45.358
14.125 77.875 50.159
14.125 78.125 47.492
14.125 78.375 37.358
14.125 78.625 34.669
14.125 78.875 39.423
14.125 79.125 39.712
14.125 79.375 35.536
14.125 79.625 32.901
14.125 79.875 31.808
14.375 74.625 44.659
14.375 74.875 72.481
14.375 75.125 73.738
14.375 75.375 48.432
14.375 75.625 42.084
14.375 75.875 54.695
14.375 76.125 62.776
14.375 76.375 66.327
14.375 76.625 61.475
14.375 76.875 48.22
14.375 77.125 42.879
14.375 77.375 45.451
14.375 77.625 46.224
14.375 77.875 45.198
14.375 78.125 40.078
14.375 78.375 30.867
14.375 78.625 28.794
14.375 78.875 33.859
14.375 79.125 35.446
14.375 79.375 33.553
14.375 79.625 33.437
14.375 79.875 35.097
NaN NaN NaN
14.625 74.625 48.124
14.625 74.875 61.97
14.625 75.125 62.127
14.625 75.375 48.594
14.625 75.625 45.296
14.625 75.875 52.234
14.625 76.125 57.959
14.625 76.375 62.471
14.625 76.625 58.499
14.625 76.875 46.041
14.625 77.125 41.406
14.625 77.375 44.594
14.625 77.625 44.22
14.625 77.875 40.283
14.625 78.125 34.059
14.625 78.375 25.549
14.625 78.625 25.1
14.625 78.875 32.711
14.625 79.125 35.474
14.625 79.375 33.388
14.625 79.625 33.47
14.625 79.875 35.724
14.875 74.375 61.014
14.875 74.625 67.565
14.875 74.875 56.223
14.875 75.125 50.723
14.875 75.375 51.064
14.875 75.625 49.703
14.875 75.875 46.642
14.875 76.125 48.624
14.875 76.375 55.649
14.875 76.625 54.262
14.875 76.875 44.462
14.875 77.125 39.999
14.875 77.375 40.873
14.875 77.625 39.345
14.875 77.875 35.414
14.875 78.125 29.434
14.875 78.375 21.406
14.875 78.625 23.588
14.875 78.875 35.979
14.875 79.125 39.797
14.875 79.375 35.04
14.875 79.625 33.004
14.875 79.875 33.689
15.125 74.125 35.633
15.125 74.375 69.919
15.125 74.625 75.227
15.125 74.875 51.56
15.125 75.125 44.877
15.125 75.375 55.178
15.125 75.625 55.068
15.125 75.875 44.546
15.125 76.125 41.573
15.125 76.375 46.15
15.125 76.625 45.09
15.125 76.875 38.393
15.125 77.125 36.494
15.125 77.375 39.391
15.125 77.625 38.68
15.125 77.875 34.359
15.125 78.125 27.883
15.125 78.375 19.253
15.125 78.625 22.212
15.125 78.875 36.761
15.125 79.125 41.086
15.125 79.375 35.188
15.125 79.625 32.374
15.125 79.875 32.643
15.375 73.875 21.636
15.375 74.125 33.95
15.375 74.375 66.436
15.375 74.625 71.112
15.375 74.875 47.981
15.375 75.125 44.589
15.375 75.375 60.938
15.375 75.625 61.39
15.375 75.875 45.947
15.375 76.125 36.808
15.375 76.375 33.973
15.375 76.625 30.982
15.375 76.875 27.835
15.375 77.125 30.891
15.375 77.375 40.149
15.375 77.625 42.225
15.375 77.875 37.119
15.375 78.125 29.408
15.375 78.375 19.091
15.375 78.625 20.974
15.375 78.875 35.055
15.375 79.125 39.341
15.375 79.375 33.832
15.375 79.625 31.581
15.375 79.875 32.586
15.625 73.875 32.284
15.625 74.125 43.974
15.625 74.375 65.381
15.625 74.625 65.523
15.625 74.875 44.398
15.625 75.125 41.572
15.625 75.375 57.045
15.625 75.625 57.814
15.625 75.875 43.879
15.625 76.125 34.412
15.625 76.375 29.414
15.625 76.625 25.919
15.625 76.875 23.928
15.625 77.125 27.164
15.625 77.375 35.626
15.625 77.625 37.303
15.625 77.875 32.196
15.625 78.125 25.797
15.625 78.375 18.107
15.625 78.625 21.932
15.625 78.875 37.27
15.625 79.125 41.38
15.625 79.375 34.262
15.625 79.625 31.808
15.625 79.875 34.018
15.625 80.125 39.215
15.875 73.875 55.161
15.875 74.125 65.705
15.875 74.375 66.756
15.875 74.625 58.457
15.875 74.875 40.81
15.875 75.125 35.824
15.875 75.375 43.499
15.875 75.625 44.339
15.875 75.875 38.343
15.875 76.125 34.388
15.875 76.375 32.473
15.875 76.625 29.902
15.875 76.875 26.673
15.875 77.125 25.314
15.875 77.375 25.825
15.875 77.625 23.916
15.875 77.875 19.589
15.875 78.125 17.05
15.875 78.375 16.3
15.875 78.625 25.086
15.875 78.875 43.406
15.875 79.125 47.204
15.875 79.375 36.479
15.875 79.625 33.056
15.875 79.875 36.937
15.875 80.125 40.426
15.875 80.375 43.527
NaN NaN NaN
15.875 80.875 59.143
16.125 73.625 33.33
16.125 73.875 59.8
16.125 74.125 67.453
16.125 74.375 56.288
16.125 74.625 45.642
16.125 74.875 35.516
16.125 75.125 32.084
16.125 75.375 35.346
16.125 75.625 36.182
16.125 75.875 34.59
16.125 76.125 33.558
16.125 76.375 33.085
16.125 76.625 31.067
16.125 76.875 27.5
16.125 77.125 24.277
16.125 77.375 21.397
16.125 77.625 18.129
16.125 77.875 14.474
16.125 78.125 14.088
16.125 78.375 16.971
16.125 78.625 26.302
16.125 78.875 42.082
16.125 79.125 45.105
16.125 79.375 35.372
16.125 79.625 32.518
16.125 79.875 36.54
16.125 80.125 38.945
16.125 80.375 39.73
16.125 80.625 44.89
16.125 80.875 54.424
16.375 73.625 24.921
16.375 73.875 46.201
16.375 74.125 49.22
16.375 74.375 33.978
16.375 74.625 27.076
16.375 74.875 28.516
16.375 75.125 30.352
16.375 75.375 32.585
16.375 75.625 33.341
16.375 75.875 32.62
16.375 76.125 31.924
16.375 76.375 31.252
16.375 76.625 29.414
16.375 76.875 26.41
16.375 77.125 24.053
16.375 77.375 22.344
16.375 77.625 19.943
16.375 77.875 16.851
16.375 78.125 16.91
16.375 78.375 20.119
16.375 78.625 25.581
16.375 78.875 33.297
16.375 79.125 35.084
16.375 79.375 30.943
16.375 79.625 30.192
16.375 79.875 32.83
16.375 80.125 34.768
16.375 80.375 36.009
16.375 80.625 40.488
16.375 80.875 48.207
16.375 81.125 50.839
NaN NaN NaN
NaN NaN NaN
16.625 73.625 21.048
16.625 73.875 38.743
16.625 74.125 39.141
16.625 74.375 22.242
16.625 74.625 19.012
16.625 74.875 29.453
16.625 75.125 34.298
16.625 75.375 33.547
16.625 75.625 32.865
16.625 75.875 32.253
16.625 76.125 31.193
16.625 76.375 29.685
16.625 76.625 27.422
16.625 76.875 24.403
16.625 77.125 22.805
16.625 77.375 22.626
16.625 77.625 21.276
16.625 77.875 18.753
16.625 78.125 19.23
16.625 78.375 22.704
16.625 78.625 25.488
16.625 78.875 27.581
16.625 79.125 28.324
16.625 79.375 27.72
16.625 79.625 28.035
16.625 79.875 29.268
16.625 80.125 30.817
16.625 80.375 32.681
16.625 80.625 37.157
16.625 80.875 44.243
16.625 81.125 45.691
16.625 81.375 41.499
16.625 81.625 36.847
16.625 81.875 31.732
16.625 82.125 31.067
16.875 73.375 14.28
16.875 73.625 21.71
16.875 73.875 37.426
16.875 74.125 37.216
16.875 74.375 21.08
16.875 74.625 21.451
16.875 74.875 38.329
16.875 75.125 43.923
16.875 75.375 38.233
16.875 75.625 34.754
16.875 75.875 33.488
16.875 76.125 31.365
16.875 76.375 28.386
16.875 76.625 25.091
16.875 76.875 21.481
16.875 77.125 20.533
16.875 77.375 22.246
16.875 77.625 22.128
16.875 77.875 20.181
16.875 78.125 21.047
16.875 78.375 24.728
16.875 78.625 26.023
16.875 78.875 24.932
16.875 79.125 24.826
16.875 79.375 25.704
16.875 79.625 26.047
16.875 79.875 25.856
16.875 80.125 27.09
16.875 80.375 29.748
16.875 80.625 34.895
16.875 80.875 42.529
16.875 81.125 43.69
16.875 81.375 38.375
16.875 81.625 33.948
16.875 81.875 30.409
16.875 82.125 30.919
17.125 73.375 14.618
17.125 73.625 21.989
17.125 73.875 36.479
17.125 74.125 36.64
17.125 74.375 22.473
17.125 74.625 23.754
17.125 74.875 40.483
17.125 75.125 44.35
17.125 75.375 35.355
17.125 75.625 30.924
17.125 75.875 31.058
17.125 76.125 29.82
17.125 76.375 27.212
17.125 76.625 23.721
17.125 76.875 19.346
17.125 77.125 17.937
17.125 77.375 19.493
17.125 77.625 19.731
17.125 77.875 18.651
17.125 78.125 19.908
17.125 78.375 23.503
17.125 78.625 24.362
17.125 78.875 22.483
17.125 79.125 22.226
17.125 79.375 23.589
17.125 79.625 23.951
17.125 79.875 23.311
17.125 80.125 24.279
17.125 80.375 26.854
17.125 80.625 31.043
17.125 80.875 36.849
17.125 81.125 38.522
17.125 81.375 36.059
17.125 81.625 33.847
17.125 81.875 31.885
17.125 82.125 31.503
17.125 82.375 32.705
17.375 73.375 14.431
17.375 73.625 21.886
17.375 73.875 35.901
17.375 74.125 37.412
17.375 74.375 26.421
17.375 74.625 25.922
17.375 74.875 35.915
17.375 75.125 35.579
17.375 75.375 24.914
17.375 75.625 21.374
17.375 75.875 24.959
17.375 76.125 26.557
17.375 76.375 26.165
17.375 76.625 23.312
17.375 76.875 17.998
17.375 77.125 15.017
17.375 77.375 14.369
17.375 77.625 14.085
17.375 77.875 14.163
17.375 78.125 15.812
17.375 78.375 19.032
17.375 78.625 20.506
17.375 78.875 20.235
17.375 79.125 20.525
17.375 79.375 21.375
17.375 79.625 21.744
17.375 79.875 21.632
17.375 80.125 22.383
17.375 80.375 23.996
17.375 80.625 25.602
17.375 80.875 27.202
17.375 81.125 30.186
17.375 81.375 34.552
17.375 81.625 36.543
17.375 81.875 36.159
17.375 82.125 32.821
17.375 82.375 26.529
NaN NaN NaN
17.625 73.375 15.082
17.625 73.625 22.583
17.625 73.875 35.236
17.625 74.125 36.993
17.625 74.375 27.854
17.625 74.625 25.614
17.625 74.875 30.273
17.625 75.125 28.016
17.625 75.375 18.842
17.625 75.625 16.419
17.625 75.875 20.747
17.625 76.125 23.354
17.625 76.375 24.243
17.625 76.625 22.139
17.625 76.875 17.041
17.625 77.125 13.837
17.625 77.375 12.526
17.625 77.625 11.848
17.625 77.875 11.802
17.625 78.125 13.371
17.625 78.375 16.552
17.625 78.625 18.405
17.625 78.875 18.928
17.625 79.125 19.179
17.625 79.375 19.157
17.625 79.625 19.37
17.625 79.875 19.818
17.625 80.125 20.395
17.625 80.375 21.103
17.625 80.625 20.866
17.625 80.875 19.684
17.625 81.125 22.325
17.625 81.375 28.787
17.625 81.625 32.923
17.625 81.875 34.732
17.625 82.125 32.152
17.625 82.375 25.179
17.625 82.625 20.818
17.625 82.875 19.067
17.625 83.125 21.483
17.875 73.375 16.57
17.875 73.625 24.079
17.875 73.875 34.484
17.875 74.125 35.382
17.875 74.375 26.771
17.875 74.625 22.83
17.875 74.875 23.558
17.875 75.125 21.661
17.875 75.375 17.139
17.875 75.625 16.058
17.875 75.875 18.416
17.875 76.125 20.213
17.875 76.375 21.447
17.875 76.625 20.201
17.875 76.875 16.475
17.875 77.125 14.395
17.875 77.375 13.962
17.875 77.625 13.02
17.875 77.875 11.568
17.875 78.125 12.583
17.875 78.375 16.064
17.875 78.625 18.057
17.875 78.875 18.562
17.875 79.125 18.187
17.875 79.375 16.934
17.875 79.625 16.827
17.875 79.875 17.867
17.875 80.125 18.316
17.875 80.375 18.173
17.875 80.625 16.834
17.875 80.875 14.296
17.875 81.125 14.939
17.875 81.375 18.763
17.875 81.625 22.985
17.875 81.875 27.606
17.875 82.125 29.495
17.875 82.375 28.654
17.875 82.625 25.285
17.875 82.875 19.388
17.875 83.125 18.066
17.875 83.375 21.32
NaN NaN NaN
18.125 73.375 17.633
18.125 73.625 23.94
18.125 73.875 29.792
18.125 74.125 29.272
18.125 74.375 22.381
18.125 74.625 18.857
18.125 74.875 18.701
18.125 75.125 17.292
18.125 75.375 14.63
18.125 75.625 14.141
18.125 75.875 15.828
18.125 76.125 17.175
18.125 76.375 18.186
18.125 76.625 17.472
18.125 76.875 15.035
18.125 77.125 13.646
18.125 77.375 13.306
18.125 77.625 12.582
18.125 77.875 11.474
18.125 78.125 12.619
18.125 78.375 16.014
18.125 78.625 17.483
18.125 78.875 17.025
18.125 79.125 16.013
18.125 79.375 14.447
18.125 79.625 14.052
18.125 79.875 14.827
18.125 80.125 14.943
18.125 80.375 14.399
18.125 80.625 13.411
18.125 80.875 11.978
18.125 81.125 12.173
18.125 81.375 13.996
18.125 81.625 16.445
18.125 81.875 19.519
18.125 82.125 22.527
18.125 82.375 25.47
18.125 82.625 24.576
18.125 82.875 19.848
18.125 83.125 17.056
18.125 83.375 16.202
18.125 83.625 18.586
18.375 73.125 9.473
18.375 73.375 18.27
18.375 73.625 22.165
18.375 73.875 21.159
18.375 74.125 18.665
18.375 74.375 14.682
18.375 74.625 13.695
18.375 74.875 15.703
18.375 75.125 14.909
18.375 75.375 11.314
18.375 75.625 10.67
18.375 75.875 12.98
18.375 76.125 14.242
18.375 76.375 14.459
18.375 76.625 13.952
18.375 76.875 12.722
18.375 77.125 11.591
18.375 77.375 10.557
18.375 77.625 10.534
18.375 77.875 11.522
18.375 78.125 13.478
18.375 78.375 16.401
18.375 78.625 16.681
18.375 78.875 14.317
18.375 79.125 12.656
18.375 79.375 11.697
18.375 79.625 11.044
18.375 79.875 10.697
18.375 80.125 10.275
18.375 80.375 9.7795
18.375 80.625 10.597
18.375 80.875 12.729
18.375 81.125 14.025
18.375 81.375 14.485
18.375 81.625 13.302
18.375 81.875 10.475
18.375 82.125 11.249
18.375 82.375 15.626
18.375 82.625 18.692
18.375 82.875 20.447
18.375 83.125 18.453
18.375 83.375 12.711
18.375 83.625 11.674
18.375 83.875 15.342
18.625 73.125 7.8731
18.625 73.375 16.726
18.625 73.625 19.599
18.625 73.875 16.492
18.625 74.125 13.814
18.625 74.375 11.565
18.625 74.625 11.881
18.625 74.875 14.763
18.625 75.125 14.144
18.625 75.375 10.025
18.625 75.625 8.9025
18.625 75.875 10.775
18.625 76.125 11.574
18.625 76.375 11.3
18.625 76.625 10.884
18.625 76.875 10.327
18.625 77.125 9.5898
18.625 77.375 8.6724
18.625 77.625 9.1013
18.625 77.875 10.876
18.625 78.125 12.721
18.625 78.375 14.636
18.625 78.625 14.381
18.625 78.875 11.956
18.625 79.125 10.49
18.625 79.375 9.9829
18.625 79.625 9.2636
18.625 79.875 8.3318
18.625 80.125 7.6656
18.625 80.375 7.2651
18.625 80.625 8.5014
18.625 80.875 11.374
18.625 81.125 12.997
18.625 81.375 13.37
18.625 81.625 11.461
18.625 81.875 7.2702
18.625 82.125 6.7373
18.625 82.375 9.8621
18.625 82.625 13.712
18.625 82.875 18.286
18.625 83.125 17.023
18.625 83.375 9.9232
18.625 83.625 8.7383
18.625 83.875 13.468
18.625 84.125 15.519
18.875 73.125 6.0704
18.875 73.375 13.002
18.875 73.625 16.241
18.875 73.875 15.79
18.875 74.125 14.719
18.875 74.375 13.027
18.875 74.625 13.414
18.875 74.875 15.879
18.875 75.125 14.997
18.875 75.375 10.766
18.875 75.625 8.8385
18.875 75.875 9.2142
18.875 76.125 9.1708
18.875 76.375 8.7085
18.875 76.625 8.268
18.875 76.875 7.8494
18.875 77.125 7.6444
18.875 77.375 7.6532
18.875 77.625 8.2844
18.875 77.875 9.5381
18.875 78.125 10.349
18.875 78.375 10.717
18.875 78.625 10.581
18.875 78.875 9.9396
18.875 79.125 9.5141
18.875 79.375 9.3044
18.875 79.625 8.7103
18.875 79.875 7.7318
18.875 80.125 7.1138
18.875 80.375 6.856
18.875 80.625 7.1225
18.875 80.875 7.9131
18.875 81.125 9.0889
18.875 81.375 10.65
18.875 81.625 10.922
18.875 81.875 9.9058
18.875 82.125 8.9913
18.875 82.375 8.1788
18.875 82.625 9.6367
18.875 82.875 13.365
18.875 83.125 12.766
18.875 83.375 7.8382
18.875 83.625 9.7788
18.875 83.875 18.587
18.875 84.125 21.178
18.875 84.375 17.552
19.125 73.125 4.3835
19.125 73.375 9.0329
19.125 73.625 12.351
19.125 73.875 14.337
19.125 74.125 14.198
19.125 74.375 11.936
19.125 74.625 11.58
19.125 74.875 13.132
19.125 75.125 12.259
19.125 75.375 8.9583
19.125 75.625 7.2419
19.125 75.875 7.1093
19.125 76.125 6.987
19.125 76.375 6.8749
19.125 76.625 6.6409
19.125 76.875 6.2848
19.125 77.125 6.4049
19.125 77.375 7.0012
19.125 77.625 7.8039
19.125 77.875 8.813
19.125 78.125 9.3419
19.125 78.375 9.3907
19.125 78.625 9.5402
19.125 78.875 9.7907
19.125 79.125 9.6434
19.125 79.375 9.0981
19.125 79.625 8.2823
19.125 79.875 7.196
19.125 80.125 6.5004
19.125 80.375 6.1954
19.125 80.625 6.2262
19.125 80.875 6.5932
19.125 81.125 7.2761
19.125 81.375 8.2749
19.125 81.625 9.1176
19.125 81.875 9.8042
19.125 82.125 9.0499
19.125 82.375 6.8549
19.125 82.625 7.3059
19.125 82.875 10.403
19.125 83.125 10.28
19.125 83.375 6.938
19.125 83.625 9.3502
19.125 83.875 17.518
19.125 84.125 19.617
19.125 84.375 15.648
19.125 84.625 12.553
19.375 72.875 2.6111
19.375 73.125 2.8124
19.375 73.375 4.8204
19.375 73.625 7.927
19.375 73.875 12.132
19.375 74.125 12.253
19.375 74.375 8.2895
19.375 74.625 6.3791
19.375 74.875 6.5218
19.375 75.125 5.9295
19.375 75.375 4.6023
19.375 75.625 4.1127
19.375 75.875 4.4607
19.375 76.125 5.0228
19.375 76.375 5.7988
19.375 76.625 6.0024
19.375 76.875 5.6332
19.375 77.125 5.8713
19.375 77.375 6.7166
19.375 77.625 7.6597
19.375 77.875 8.7008
19.375 78.125 9.6994
19.375 78.375 10.655
19.375 78.625 11.258
19.375 78.875 11.509
19.375 79.125 10.877
19.375 79.375 9.3637
19.375 79.625 7.9794
19.375 79.875 6.7242
19.375 80.125 5.8255
19.375 80.375 5.2831
19.375 80.625 5.8127
19.375 80.875 7.4144
19.375 81.125 7.5585
19.375 81.375 6.2452
19.375 81.625 6.0475
19.375 81.875 6.9656
19.375 82.125 6.9132
19.375 82.375 5.8903
19.375 82.625 6.7192
19.375 82.875 9.3998
19.375 83.125 9.5676
19.375 83.375 7.2225
19.375 83.625 7.453
19.375 83.875 10.259
19.375 84.125 10.834
19.375 84.375 9.1796
19.375 84.625 7.8982
19.375 84.875 6.9903
19.625 72.875 2.1488
19.625 73.125 2.4215
19.625 73.375 3.8688
19.625 73.625 6.2168
19.625 73.875 9.4652
19.625 74.125 9.1993
19.625 74.375 5.4185
19.625 74.625 3.6894
19.625 74.875 4.0119
19.625 75.125 4.2867
19.625 75.375 4.5139
19.625 75.625 4.3472
19.625 75.875 3.7866
19.625 76.125 4.0348
19.625 76.375 5.0919
19.625 76.625 5.4753
19.625 76.875 5.1848
19.625 77.125 5.4862
19.625 77.375 6.3795
19.625 77.625 7.2029
19.625 77.875 7.9564
19.625 78.125 9.0143
19.625 78.375 10.376
19.625 78.625 11.066
19.625 78.875 11.082
19.625 79.125 10.266
19.625 79.375 8.6193
19.625 79.625 7.2466
19.625 79.875 6.1479
19.625 80.125 5.3468
19.625 80.375 4.8429
19.625 80.625 5.3573
19.625 80.875 6.8899
19.625 81.125 6.7293
19.625 81.375 4.8757
19.625 81.625 4.3955
19.625 81.875 5.2889
19.625 82.125 5.4192
19.625 82.375 4.7865
19.625 82.625 5.3584
19.625 82.875 7.1349
19.625 83.125 7.4788
19.625 83.375 6.3904
19.625 83.625 6.5451
19.625 83.875 7.943
19.625 84.125 7.7915
19.625 84.375 6.0908
19.625 84.625 5.2838
19.625 84.875 5.3703
19.625 85.125 8.3569
19.625 85.375 14.243
19.875 72.875 1.8569
19.875 73.125 3.2107
19.875 73.375 6.1782
19.875 73.625 7.2201
19.875 73.875 6.3362
19.875 74.125 5.037
19.875 74.375 3.3224
19.875 74.625 3.511
19.875 74.875 5.6027
19.875 75.125 7.3299
19.875 75.375 8.6928
19.875 75.625 7.9451
19.875 75.875 5.0868
19.875 76.125 4.0232
19.875 76.375 4.7541
19.875 76.625 5.0595
19.875 76.875 4.9395
19.875 77.125 5.2496
19.875 77.375 5.9901
19.875 77.625 6.4334
19.875 77.875 6.5797
19.875 78.125 7.2866
19.875 78.375 8.5541
19.875 78.625 8.9615
19.875 78.875 8.5086
19.875 79.125 7.8097
19.875 79.375 6.8647
19.875 79.625 6.0839
19.875 79.875 5.4672
19.875 80.125 5.0642
19.875 80.375 4.8751
19.875 80.625 4.8601
19.875 80.875 5.0195
19.875 81.125 4.7884
19.875 81.375 4.1666
19.875 81.625 4.1619
19.875 81.875 4.7741
19.875 82.125 4.5681
19.875 82.375 3.5438
19.875 82.625 3.2238
19.875 82.875 3.6082
19.875 83.125 4.0141
19.875 83.375 4.4414
19.875 83.625 6.6267
19.875 83.875 10.57
19.875 84.125 10.488
19.875 84.375 6.382
19.875 84.625 4.7093
19.875 84.875 5.4702
19.875 85.125 7.28
19.875 85.375 10.139
NaN NaN NaN
NaN NaN NaN
NaN NaN NaN
20.125 72.875 1.3807
20.125 73.125 3.0396
20.125 73.375 6.3813
20.125 73.625 7.3565
20.125 73.875 5.9652
20.125 74.125 4.4119
20.125 74.375 2.6967
20.125 74.625 2.9402
20.125 74.875 5.1425
20.125 75.125 7.0962
20.125 75.375 8.8014
20.125 75.625 8.1745
20.125 75.875 5.2158
20.125 76.125 3.9457
20.125 76.375 4.3643
20.125 76.625 4.4789
20.125 76.875 4.2896
20.125 77.125 4.6227
20.125 77.375 5.4782
20.125 77.625 6.0818
20.125 77.875 6.4333
20.125 78.125 7.1374
20.125 78.375 8.1938
20.125 78.625 8.347
20.125 78.875 7.5971
20.125 79.125 6.9171
20.125 79.375 6.3071
20.125 79.625 5.6624
20.125 79.875 4.9831
20.125 80.125 4.6933
20.125 80.375 4.7931
20.125 80.625 4.6179
20.125 80.875 4.168
20.125 81.125 3.8863
20.125 81.375 3.7727
20.125 81.625 3.799
20.125 81.875 3.9649
20.125 82.125 3.8521
20.125 82.375 3.4604
20.125 82.625 2.9017
20.125 82.875 2.1757
20.125 83.125 2.2103
20.125 83.375 3.0053
20.125 83.625 5.7304
20.125 83.875 10.386
20.125 84.125 10.754
20.125 84.375 6.8345
20.125 84.625 5.1851
20.125 84.875 5.8054
20.125 85.125 6.7489
20.125 85.375 8.0158
20.125 85.625 8.5687
20.125 85.875 8.4078
20.125 86.125 11.723
NaN NaN NaN
20.375 73.125 1.9082
20.375 73.375 4.4782
20.375 73.625 6.6263
20.375 73.875 8.3525
20.375 74.125 7.3241
20.375 74.375 3.5412
20.375 74.625 1.977
20.375 74.875 2.6315
20.375 75.125 3.5856
20.375 75.375 4.8393
20.375 75.625 5.0352
20.375 75.875 4.1732
20.375 76.125 3.8022
20.375 76.375 3.9223
20.375 76.625 3.7334
20.375 76.875 3.2354
20.375 77.125 3.6056
20.375 77.375 4.844
20.375 77.625 6.148
20.375 77.875 7.5175
20.375 78.125 8.5666
20.375 78.375 9.2953
20.375 78.625 9.2221
20.375 78.875 8.347
20.375 79.125 7.5884
20.375 79.375 6.9463
20.375 79.625 5.982
20.375 79.875 4.6955
20.375 80.125 4.234
20.375 80.375 4.5972
20.375 80.625 4.631
20.375 80.875 4.3354
20.375 81.125 4.0232
20.375 81.375 3.6941
20.375 81.625 3.3067
20.375 81.875 2.8612
20.375 82.125 3.2711
20.375 82.375 4.5365
20.375 82.625 4.3919
20.375 82.875 2.8375
20.375 83.125 2.0676
20.375 83.375 2.0822
20.375 83.625 3.8564
20.375 83.875 7.3904
20.375 84.125 8.5876
20.375 84.375 7.4483
20.375 84.625 6.7112
20.375 84.875 6.3762
20.375 85.125 6.7635
20.375 85.375 7.873
20.375 85.625 9.098
20.375 85.875 10.438
20.375 86.125 12.45
20.375 86.375 15.133
NaN NaN NaN
20.625 73.125 1.0615
20.625 73.375 2.7768
20.625 73.625 5.0584
20.625 73.875 7.9066
20.625 74.125 7.3714
20.625 74.375 3.4531
20.625 74.625 1.3789
20.625 74.875 1.1488
20.625 75.125 1.435
20.625 75.375 2.2373
20.625 75.625 2.7163
20.625 75.875 2.8721
20.625 76.125 2.9824
20.625 76.375 3.0472
20.625 76.625 2.901
20.625 76.875 2.5434
20.625 77.125 2.8776
20.625 77.375 3.9034
20.625 77.625 5.2299
20.625 77.875 6.8571
20.625 78.125 8.2061
20.625 78.375 9.2771
20.625 78.625 9.4577
20.625 78.875 8.7479
20.625 79.125 7.9626
20.625 79.375 7.1021
20.625 79.625 5.9547
20.625 79.875 4.5204
20.625 80.125 4.0276
20.625 80.375 4.4761
20.625 80.625 4.5328
20.625 80.875 4.1979
20.625 81.125 3.8234
20.625 81.375 3.4091
20.625 81.625 2.8696
20.625 81.875 2.2049
20.625 82.125 2.6417
20.625 82.375 4.1801
20.625 82.625 4.2504
20.625 82.875 2.8525
20.625 83.125 1.989
20.625 83.375 1.6599
20.625 83.625 2.5638
20.625 83.875 4.7006
20.625 84.125 6.0032
20.625 84.375 6.4712
20.625 84.625 6.5691
20.625 84.875 6.2968
20.625 85.125 6.4148
20.625 85.375 6.923
20.625 85.625 8.2024
20.625 85.875 10.253
20.625 86.125 11.422
20.625 86.375 11.709
20.625 86.625 16.027
NaN NaN NaN
20.875 70.625 1.218
20.875 70.875 1.6854
20.875 71.125 1.4983
20.875 71.375 0.6567
20.875 72.875 0.20567
20.875 73.125 0.49944
20.875 73.375 1.277
20.875 73.625 2.653
20.875 73.875 4.6274
20.875 74.125 4.5539
20.875 74.375 2.4324
20.875 74.625 1.1459
20.875 74.875 0.69455
20.875 75.125 0.64432
20.875 75.375 0.99524
20.875 75.625 1.218
20.875 75.875 1.3126
20.875 76.125 1.4863
20.875 76.375 1.7389
20.875 76.625 1.9814
20.875 76.875 2.2136
20.875 77.125 2.4386
20.875 77.375 2.6563
20.875 77.625 3.3275
20.875 77.875 4.4524
20.875 78.125 6.0563
20.875 78.375 8.1391
20.875 78.625 9.0536
20.875 78.875 8.7995
20.875 79.125 8.0399
20.875 79.375 6.7744
20.875 79.625 5.5804
20.875 79.875 4.4578
20.875 80.125 4.0742
20.875 80.375 4.4294
20.875 80.625 4.3232
20.875 80.875 3.7553
20.875 81.125 3.2867
20.875 81.375 2.9177
20.875 81.625 2.4873
20.875 81.875 1.9959
20.875 82.125 1.9639
20.875 82.375 2.3913
20.875 82.625 2.4768
20.875 82.875 2.2205
20.875 83.125 1.9745
20.875 83.375 1.7386
20.875 83.625 1.8525
20.875 83.875 2.3163
20.875 84.125 2.9999
20.875 84.375 3.9033
20.875 84.625 4.7592
20.875 84.875 5.5673
20.875 85.125 5.7028
20.875 85.375 5.1654
20.875 85.625 5.8822
20.875 85.875 7.8531
20.875 86.125 8.6397
20.875 86.375 8.2422
20.875 86.625 12.068
21.125 70.375 1.2166
21.125 70.625 1.8445
21.125 70.875 2.5602
21.125 71.125 2.2788
21.125 71.375 1.0003
NaN NaN NaN
NaN NaN NaN
21.125 72.875 0.13578
21.125 73.125 0.19584
21.125 73.375 0.4594
21.125 73.625 1.1518
21.125 73.875 2.273
21.125 74.125 2.3709
21.125 74.375 1.4455
21.125 74.625 0.79138
21.125 74.875 0.40843
21.125 75.125 0.44338
21.125 75.375 0.89622
21.125 75.625 1.1627
21.125 75.875 1.2428
21.125 76.125 1.2486
21.125 76.375 1.1802
21.125 76.625 1.5274
21.125 76.875 2.2904
21.125 77.125 2.7774
21.125 77.375 2.9886
21.125 77.625 3.2263
21.125 77.875 3.4906
21.125 78.125 4.6329
21.125 78.375 6.6533
21.125 78.625 7.6853
21.125 78.875 7.7289
21.125 79.125 7.2473
21.125 79.375 6.2404
21.125 79.625 5.2143
21.125 79.875 4.1688
21.125 80.125 3.7651
21.125 80.375 4.0031
21.125 80.625 3.8812
21.125 80.875 3.3993
21.125 81.125 2.9392
21.125 81.375 2.5008
21.125 81.625 2.1524
21.125 81.875 1.894
21.125 82.125 1.6898
21.125 82.375 1.5398
21.125 82.625 1.5904
21.125 82.875 1.8416
21.125 83.125 1.9271
21.125 83.375 1.847
21.125 83.625 1.6829
21.125 83.875 1.4346
21.125 84.125 2.1845
21.125 84.375 3.9326
21.125 84.625 4.8127
21.125 84.875 4.8251
21.125 85.125 5.4687
21.125 85.375 6.7435
21.125 85.625 7.5342
21.125 85.875 7.8407
21.125 86.125 8.0365
21.125 86.375 8.1217
21.125 86.625 10.538
21.375 70.125 0.96321
21.375 70.375 1.7102
21.375 70.625 2.534
21.375 70.875 3.4345
21.375 71.125 3.1203
21.375 71.375 1.5915
21.375 71.625 0.67454
21.375 71.875 0.36949
21.375 72.875 0.11904
21.375 73.125 0.1507
21.375 73.375 0.32398
21.375 73.625 0.55478
21.375 73.875 0.84308
21.375 74.125 0.82233
21.375 74.375 0.49252
21.375 74.625 0.31524
21.375 74.875 0.29049
21.375 75.125 0.83216
21.375 75.375 1.9402
21.375 75.625 2.5503
21.375 75.875 2.6625
21.375 76.125 2.2693
21.375 76.375 1.3709
21.375 76.625 1.5391
21.375 76.875 2.7739
21.375 77.125 3.8943
21.375 77.375 4.9005
21.375 77.625 4.9263
21.375 77.875 3.9719
21.375 78.125 3.9362
21.375 78.375 4.8192
21.375 78.625 5.3526
21.375 78.875 5.536
21.375 79.125 5.5852
21.375 79.375 5.5
21.375 79.625 4.856
21.375 79.875 3.6533
21.375 80.125 3.1004
21.375 80.375 3.1972
21.375 80.625 3.207
21.375 80.875 3.1298
21.375 81.125 2.7804
21.375 81.375 2.1586
21.375 81.625 1.8649
21.375 81.875 1.8991
21.375 82.125 1.8194
21.375 82.375 1.6257
21.375 82.625 1.5911
21.375 82.875 1.7156
21.375 83.125 1.8471
21.375 83.375 1.9854
21.375 83.625 2.0549
21.375 83.875 2.0556
21.375 84.125 3.5569
21.375 84.375 6.5586
21.375 84.625 6.7297
21.375 84.875 4.0701
21.375 85.125 5.7125
21.375 85.375 11.657
21.375 85.625 13.158
21.375 85.875 10.216
21.375 86.125 9.6128
21.375 86.375 11.348
21.375 86.625 11.436
21.375 86.875 9.8769
21.625 69.875 0.9763
21.625 70.125 1.447
21.625 70.375 1.8511
21.625 70.625 2.3898
21.625 70.875 3.0633
21.625 71.125 2.7797
21.625 71.375 1.5391
21.625 71.625 0.71603
21.625 71.875 0.31051
21.625 72.125 0.13942
21.625 72.875 0.10666
21.625 73.125 0.10811
21.625 73.375 0.19621
21.625 73.625 0.24717
21.625 73.875 0.26101
21.625 74.125 0.35347
21.625 74.375 0.52456
21.625 74.625 0.51946
21.625 74.875 0.33818
21.625 75.125 0.78192
21.625 75.375 1.8507
21.625 75.625 2.4331
21.625 75.875 2.5292
21.625 76.125 2.1121
21.625 76.375 1.1816
21.625 76.625 1.2915
21.625 76.875 2.4419
21.625 77.125 3.6052
21.625 77.375 4.7818
21.625 77.625 4.8816
21.625 77.875 3.9045
21.625 78.125 3.6978
21.625 78.375 4.2612
21.625 78.625 4.5605
21.625 78.875 4.5954
21.625 79.125 4.8087
21.625 79.375 5.2004
21.625 79.625 4.7163
21.625 79.875 3.3562
21.625 80.125 2.8106
21.625 80.375 3.0792
21.625 80.625 3.2609
21.625 80.875 3.3556
21.625 81.125 2.9242
21.625 81.375 1.9668
21.625 81.625 1.5718
21.625 81.875 1.7393
21.625 82.125 1.7306
21.625 82.375 1.5456
21.625 82.625 1.4721
21.625 82.875 1.51
21.625 83.125 1.6483
21.625 83.375 1.8871
21.625 83.625 2.0891
21.625 83.875 2.2544
21.625 84.125 3.7651
21.625 84.375 6.6212
21.625 84.625 6.5658
21.625 84.875 3.5991
21.625 85.125 5.9783
21.625 85.375 13.704
21.625 85.625 15.279
21.625 85.875 10.705
21.625 86.125 10.667
21.625 86.375 15.166
21.625 86.625 14.179
21.625 86.875 7.7074
21.625 87.125 8.1843
NaN NaN NaN
NaN NaN NaN
21.875 69.625 0.69673
21.875 69.875 1.8136
21.875 70.125 2.1278
21.875 70.375 1.6392
21.875 70.625 1.412
21.875 70.875 1.4463
21.875 71.125 1.2566
21.875 71.375 0.84307
21.875 71.625 0.4969
21.875 71.875 0.21805
21.875 72.125 0.10957
NaN NaN NaN
21.875 72.875 0.098649
21.875 73.125 0.068072
21.875 73.375 0.076081
21.875 73.625 0.22897
21.875 73.875 0.52675
21.875 74.125 0.96429
21.875 74.375 1.5416
21.875 74.625 1.404
21.875 74.875 0.55149
21.875 75.125 0.29267
21.875 75.375 0.62758
21.875 75.625 0.81105
21.875 75.875 0.84308
21.875 76.125 0.77683
21.875 76.375 0.61229
21.875 76.625 0.78483
21.875 76.875 1.2945
21.875 77.125 1.9104
21.875 77.375 2.6326
21.875 77.625 3.092
21.875 77.875 3.2886
21.875 78.125 3.9176
21.875 78.375 4.9791
21.875 78.625 5.3089
21.875 78.875 4.907
21.875 79.125 4.9179
21.875 79.375 5.3417
21.875 79.625 4.795
21.875 79.875 3.2777
21.875 80.125 2.8957
21.875 80.375 3.6493
21.875 80.625 4.0429
21.875 80.875 4.0763
21.875 81.125 3.3705
21.875 81.375 1.9253
21.875 81.625 1.2733
21.875 81.875 1.4146
21.875 82.125 1.4233
21.875 82.375 1.2996
21.875 82.625 1.2333
21.875 82.875 1.2246
21.875 83.125 1.3309
21.875 83.375 1.5522
21.875 83.625 1.7855
21.875 83.875 2.0309
21.875 84.125 2.8092
21.875 84.375 4.1204
21.875 84.625 4.3213
21.875 84.875 3.412
21.875 85.125 6.2659
21.875 85.375 12.883
21.875 85.625 13.897
21.875 85.875 9.3063
21.875 86.125 11.199
21.875 86.375 19.575
21.875 86.625 18.768
21.875 86.875 8.7769
21.875 87.125 6.2673
21.875 87.375 11.239
21.875 87.625 14.795
21.875 87.875 16.934
21.875 88.375 18.925
NaN NaN NaN
NaN NaN NaN
22.125 69.125 0.058971
22.125 69.375 0.080813
22.125 69.625 0.6192
22.125 69.875 1.6741
22.125 70.125 1.851
22.125 70.375 1.1499
22.125 70.625 0.73933
22.125 70.875 0.6192
22.125 71.125 0.54748
22.125 71.375 0.52419
22.125 71.625 0.39643
22.125 71.875 0.16417
22.125 72.125 0.078629
NaN NaN NaN
22.125 72.875 0.090641
22.125 73.125 0.067708
22.125 73.375 0.07499
22.125 73.625 0.22387
22.125 73.875 0.51437
22.125 74.125 0.99123
22.125 74.375 1.6545
22.125 74.625 1.5249
22.125 74.875 0.60246
22.125 75.125 0.2155
22.125 75.375 0.36403
22.125 75.625 0.41098
22.125 75.875 0.35637
22.125 76.125 0.36766
22.125 76.375 0.44483
22.125 76.625 0.55477
22.125 76.875 0.69747
22.125 77.125 1.0167
22.125 77.375 1.5125
22.125 77.625 2.0309
22.125 77.875 2.5718
22.125 78.125 3.5012
22.125 78.375 4.8189
22.125 78.625 5.3904
22.125 78.875 5.2158
22.125 79.125 5.219
22.125 79.375 5.4002
22.125 79.625 4.8058
22.125 79.875 3.4357
22.125 80.125 3.0702
22.125 80.375 3.7094
22.125 80.625 4.1316
22.125 80.875 4.337
22.125 81.125 3.8251
22.125 81.375 2.5962
22.125 81.625 1.9166
22.125 81.875 1.7863
22.125 82.125 1.6239
22.125 82.375 1.4295
22.125 82.625 1.3589
22.125 82.875 1.412
22.125 83.125 1.5537
22.125 83.375 1.7837
22.125 83.625 1.8925
22.125 83.875 1.8802
22.125 84.125 2.0917
22.125 84.375 2.527
22.125 84.625 2.8008
22.125 84.875 2.9129
22.125 85.125 5.4192
22.125 85.375 10.32
22.125 85.625 10.861
22.125 85.875 7.0442
22.125 86.125 9.071
22.125 86.375 16.942
22.125 86.625 16.498
22.125 86.875 7.7377
22.125 87.125 4.9383
22.125 87.375 8.0995
22.125 87.625 10.702
22.125 87.875 12.747
22.125 88.125 14.104
22.125 88.375 14.774
NaN NaN NaN
22.375 69.125 0.019658
22.375 69.875 0.55804
22.375 70.125 0.61701
22.375 70.375 0.38332
22.375 70.625 0.37167
22.375 70.875 0.58208
22.375 71.125 0.65233
22.375 71.375 0.58244
22.375 71.625 0.41462
22.375 71.875 0.14889
22.375 72.125 0.046595
NaN NaN NaN
22.375 72.875 0.082633
22.375 73.125 0.10702
22.375 73.375 0.19293
22.375 73.625 0.23188
22.375 73.875 0.22387
22.375 74.125 0.43428
22.375 74.375 0.8631
22.375 74.625 0.88203
22.375 74.875 0.49107
22.375 75.125 0.55041
22.375 75.375 1.06
22.375 75.625 1.2329
22.375 75.875 1.0691
22.375 76.125 0.88457
22.375 76.375 0.67927
22.375 76.625 0.60136
22.375 76.875 0.65088
22.375 77.125 0.92426
22.375 77.375 1.4215
22.375 77.625 1.6982
22.375 77.875 1.7542
22.375 78.125 2.4484
22.375 78.375 3.7808
22.375 78.625 4.8051
22.375 78.875 5.5215
22.375 79.125 5.7119
22.375 79.375 5.3763
22.375 79.625 4.749
22.375 79.875 3.8302
22.375 80.125 3.3337
22.375 80.375 3.2595
22.375 80.625 3.5274
22.375 80.875 4.1375
22.375 81.125 4.2882
22.375 81.375 3.9795
22.375 81.625 3.5015
22.375 81.875 2.8543
22.375 82.125 2.3323
22.375 82.375 1.9355
22.375 82.625 1.8489
22.375 82.875 2.0724
22.375 83.125 2.3166
22.375 83.375 2.5816
22.375 83.625 2.4102
22.375 83.875 1.8023
22.375 84.125 1.6126
22.375 84.375 1.8412
22.375 84.625 2.0043
22.375 84.875 2.1019
22.375 85.125 3.4381
22.375 85.375 6.0133
22.375 85.625 6.1734
22.375 85.875 3.9186
22.375 86.125 4.2827
22.375 86.375 7.2655
22.375 86.625 7.3679
22.375 86.875 4.5896
22.375 87.125 4.1972
22.375 87.375 6.1906
22.375 87.625 7.7464
22.375 87.875 8.8647
22.375 88.125 10.399
22.375 88.375 12.351
22.375 88.625 14.607
22.375 88.875 17.168
NaN NaN NaN
22.625 70.375 0
22.625 70.625 0.14488
22.625 70.875 0.43464
22.625 71.125 0.54458
22.625 71.375 0.47469
22.625 71.625 0.3298
22.625 71.875 0.10994
22.625 72.125 0.026937
22.625 72.375 0.080813
22.625 72.625 0.092826
22.625 72.875 0.062976
22.625 73.125 0.095011
22.625 73.375 0.18893
22.625 73.625 0.17692
22.625 73.875 0.058972
22.625 74.125 0.13687
22.625 74.375 0.41062
22.625 74.625 0.5038
22.625 74.875 0.41644
22.625 75.125 0.63558
22.625 75.375 1.1612
22.625 75.625 1.3502
22.625 75.875 1.2024
22.625 76.125 1.0684
22.625 76.375 0.94828
22.625 76.625 0.84636
22.625 76.875 0.76263
22.625 77.125 0.97412
22.625 77.375 1.4808
22.625 77.625 1.6217
22.625 77.875 1.3968
22.625 78.125 1.771
22.625 78.375 2.7444
22.625 78.625 3.6584
22.625 78.875 4.5132
22.625 79.125 4.7843
22.625 79.375 4.4719
22.625 79.625 4.1964
22.625 79.875 3.9576
22.625 80.125 3.689
22.625 80.375 3.3905
22.625 80.625 3.6552
22.625 80.875 4.4829
22.625 81.125 4.9496
22.625 81.375 5.0552
22.625 81.625 4.4906
22.625 81.875 3.2558
22.625 82.125 2.3818
22.625 82.375 1.8685
22.625 82.625 1.8056
22.625 82.875 2.1929
22.625 83.125 2.6257
22.625 83.375 3.104
22.625 83.625 3.1168
22.625 83.875 2.6639
22.625 84.125 2.5704
22.625 84.375 2.8361
22.625 84.625 2.9486
22.625 84.875 2.9078
22.625 85.125 3.5958
22.625 85.375 5.0126
22.625 85.625 4.8131
22.625 85.875 2.9974
22.625 86.125 2.8069
22.625 86.375 4.2419
22.625 86.625 4.6679
22.625 86.875 4.0847
22.625 87.125 4.2478
22.625 87.375 5.1571
22.625 87.625 5.9089
22.625 87.875 6.5029
22.625 88.125 7.9
22.625 88.375 10.1
22.625 88.625 11.856
22.625 88.875 13.167
22.625 92.625 68.995
22.625 92.875 108.72
NaN NaN NaN
NaN NaN NaN
NaN NaN NaN
22.875 70.625 0.058971
22.875 70.875 0.17692
22.875 71.125 0.22424
22.875 71.375 0.20094
22.875 71.625 0.14197
22.875 71.875 0.047323
22.875 72.125 0.019658
22.875 72.375 0.058971
22.875 72.625 0.062976
22.875 72.875 0.03167
22.875 73.125 0.03167
22.875 73.375 0.062977
22.875 73.625 0.058972
22.875 73.875 0.019657
22.875 74.125 0.099013
22.875 74.375 0.29704
22.875 74.625 0.39024
22.875 74.875 0.37858
22.875 75.125 0.47104
22.875 75.375 0.66762
22.875 75.625 0.76263
22.875 75.875 0.75608
22.875 76.125 0.91916
22.875 76.375 1.2519
22.875 76.625 1.2897
22.875 76.875 1.0327
22.875 77.125 1.1663
22.875 77.375 1.6905
22.875 77.625 1.8015
22.875 77.875 1.4994
22.875 78.125 1.4688
22.875 78.375 1.7098
22.875 78.625 1.9504
22.875 78.875 2.1907
22.875 79.125 2.4364
22.875 79.375 2.6876
22.875 79.625 3.148
22.875 79.875 3.8179
22.875 80.125 4.1361
22.875 80.375 4.1025
22.875 80.625 4.5149
22.875 80.875 5.3734
22.875 81.125 5.8095
22.875 81.375 5.8233
22.875 81.625 4.8837
22.875 81.875 2.9908
22.875 82.125 1.7724
22.875 82.375 1.2286
22.875 82.625 1.2289
22.875 82.875 1.7735
22.875 83.125 2.4808
22.875 83.375 3.3508
22.875 83.625 4.0123
22.875 83.875 4.4651
22.875 84.125 4.9649
22.875 84.375 5.5116
22.875 84.625 5.6336
22.875 84.875 5.3307
22.875 85.125 5.8921
22.875 85.375 7.3176
22.875 85.625 6.7803
22.875 85.875 4.2802
22.875 86.125 4.6438
22.875 86.375 7.8712
22.875 86.625 8.3977
22.875 86.875 6.223
22.875 87.125 5.0901
22.875 87.375 4.9991
22.875 87.625 5.1895
22.875 87.875 5.6613
22.875 88.125 6.6056
22.875 88.375 8.0223
22.875 88.625 9.0114
22.875 92.625 55.971
22.875 92.875 78.902
23.125 68.875 0
23.125 69.125 0
23.125 69.375 0
23.125 69.625 0
23.125 69.875 0
23.125 70.125 0
23.125 70.875 0.036038
23.125 71.125 0.04805
23.125 71.375 0.04805
23.125 71.625 0.036038
23.125 71.875 0.012013
23.125 72.125 0.012013
23.125 72.375 0.036038
23.125 72.625 0.036038
23.125 72.875 0.012013
23.125 73.125 0.0040042
23.125 73.375 0.012013
23.125 73.625 0.012013
23.125 73.875 0.0040042
23.125 74.125 0.060065
23.125 74.375 0.18019
23.125 74.625 0.26574
23.125 74.875 0.3167
23.125 75.125 0.35783
23.125 75.375 0.38914
23.125 75.625 0.45648
23.125 75.875 0.55987
23.125 76.125 0.79357
23.125 76.375 1.1576
23.125 76.625 1.2067
23.125 76.875 0.94099
23.125 77.125 1.0389
23.125 77.375 1.5005
23.125 77.625 1.6312
23.125 77.875 1.431
23.125 78.125 1.5187
23.125 78.375 1.8944
23.125 78.625 1.9748
23.125 78.875 1.7601
23.125 79.125 1.7513
23.125 79.375 1.9486
23.125 79.625 2.4568
23.125 79.875 3.2759
23.125 80.125 3.8044
23.125 80.375 4.0425
23.125 80.625 4.4975
23.125 80.875 5.1695
23.125 81.125 5.392
23.125 81.375 5.1647
23.125 81.625 4.5343
23.125 81.875 3.5004
23.125 82.125 2.9376
23.125 82.375 2.8459
23.125 82.625 2.5613
23.125 82.875 2.0837
23.125 83.125 2.3458
23.125 83.375 3.3475
23.125 83.625 4.3715
23.125 83.875 5.4177
23.125 84.125 6.0701
23.125 84.375 6.3285
23.125 84.625 6.3227
23.125 84.875 6.0526
23.125 85.125 6.4843
23.125 85.375 7.618
23.125 85.625 7.0285
23.125 85.875 4.7163
23.125 86.125 5.2441
23.125 86.375 8.612
23.125 86.625 9.1299
23.125 86.875 6.7982
23.125 87.125 5.4501
23.125 87.375 5.0861
23.125 87.625 5.199
23.125 87.875 5.7887
23.125 88.125 6.4836
23.125 88.375 7.2837
23.125 88.625 7.8206
NaN NaN NaN
23.125 92.625 50.294
23.125 92.875 61.157
NaN NaN NaN
23.375 68.875 0
23.375 69.125 0
23.375 69.375 0
23.375 69.625 0
23.375 69.875 0
23.375 70.125 0
23.375 70.375 0
23.375 70.625 0.0040042
23.375 70.875 0.012013
23.375 71.125 0.016017
23.375 71.375 0.016017
23.375 71.625 0.012013
23.375 71.875 0.0040042
23.375 72.125 0.0040042
23.375 72.375 0.012013
23.375 72.625 0.012013
23.375 72.875 0.0040042
23.375 73.125 0.012013
23.375 73.375 0.036038
23.375 73.625 0.036038
23.375 73.875 0.012013
23.375 74.125 0.020021
23.375 74.375 0.060065
23.375 74.625 0.13032
23.375 74.875 0.23079
23.375 75.125 0.29595
23.375 75.375 0.3258
23.375 75.625 0.43173
23.375 75.875 0.61374
23.375 76.125 0.69164
23.375 76.375 0.66543
23.375 76.625 0.59737
23.375 76.875 0.48742
23.375 77.125 0.5919
23.375 77.375 0.91078
23.375 77.625 1.1106
23.375 77.875 1.1914
23.375 78.125 1.9206
23.375 78.375 3.298
23.375 78.625 3.7316
23.375 78.875 3.2212
23.375 79.125 2.7291
23.375 79.375 2.2551
23.375 79.625 2.1226
23.375 79.875 2.3316
23.375 80.125 2.6941
23.375 80.375 3.2103
23.375 80.625 3.6027
23.375 80.875 3.8713
23.375 81.125 3.697
23.375 81.375 3.0797
23.375 81.625 3.4422
23.375 81.875 4.7847
23.375 82.125 5.8775
23.375 82.375 6.7205
23.375 82.625 5.8025
23.375 82.875 3.1233
23.375 83.125 2.2205
23.375 83.375 3.0942
23.375 83.625 4.1946
23.375 83.875 5.5218
23.375 84.125 5.8859
23.375 84.375 5.2867
23.375 84.625 5.0159
23.375 84.875 5.0734
23.375 85.125 5.3726
23.375 85.375 5.9135
23.375 85.625 5.5579
23.375 85.875 4.3057
23.375 86.125 4.6078
23.375 86.375 6.4643
23.375 86.625 6.8652
23.375 86.875 5.8101
23.375 87.125 5.3278
23.375 87.375 5.4181
23.375 87.625 5.9372
23.375 87.875 6.8851
23.375 88.125 7.5342
23.375 88.375 7.8844
23.375 88.625 8.2837
23.375 91.375 19.615
23.375 91.625 21.314
23.375 92.625 51.963
23.375 92.875 55.483
23.375 93.125 64.299
23.625 68.625 0
23.625 68.875 0
23.625 69.125 0
23.625 69.375 0
23.625 69.625 0
23.625 69.875 0
23.625 70.125 0
23.625 70.375 0
23.625 70.625 0
23.625 70.875 0
23.625 71.125 0.0040042
23.625 71.375 0.012013
23.625 71.625 0.016017
23.625 71.875 0.016017
23.625 72.125 0.016017
23.625 72.375 0.016017
23.625 72.625 0.012013
23.625 72.875 0.0040042
23.625 73.125 0.016017
23.625 73.375 0.048051
23.625 73.625 0.048051
23.625 73.875 0.016017
23.625 74.125 0.012013
23.625 74.375 0.036039
23.625 74.625 0.1103
23.625 74.875 0.2348
23.625 75.125 0.28867
23.625 75.375 0.27192
23.625 75.625 0.4088
23.625 75.875 0.69928
23.625 76.125 0.73423
23.625 76.375 0.51364
23.625 76.625 0.39933
23.625 76.875 0.39132
23.625 77.125 0.4998
23.625 77.375 0.72477
23.625 77.625 0.88495
23.625 77.875 0.98031
23.625 78.125 1.8259
23.625 78.375 3.4218
23.625 78.625 3.9653
23.625 78.875 3.4564
23.625 79.125 2.8357
23.625 79.375 2.1033
23.625 79.625 1.8256
23.625 79.875 2.0025
23.625 80.125 2.341
23.625 80.375 2.8412
23.625 80.625 3.1481
23.625 80.875 3.2616
23.625 81.125 3.037
23.625 81.375 2.4742
23.625 81.625 3.1415
23.625 81.875 5.0388
23.625 82.125 6.3854
23.625 82.375 7.1811
23.625 82.625 6.0908
23.625 82.875 3.1146
23.625 83.125 1.9617
23.625 83.375 2.6322
23.625 83.625 3.428
23.625 83.875 4.349
23.625 84.125 4.4855
23.625 84.375 3.8375
23.625 84.625 3.8401
23.625 84.875 4.4931
23.625 85.125 5.009
23.625 85.375 5.3875
23.625 85.625 5.0628
23.625 85.875 4.0348
23.625 86.125 4.0356
23.625 86.375 5.065
23.625 86.625 5.4272
23.625 86.875 5.1221
23.625 87.125 5.0741
23.625 87.375 5.283
23.625 87.625 5.8801
23.625 87.875 6.8651
23.625 88.125 7.5491
23.625 88.375 7.9321
23.625 91.375 18.077
23.625 91.625 18.902
NaN NaN NaN
23.625 92.375 43.388
23.625 92.625 50.369
23.625 92.875 49.67
23.625 93.125 53.583
23.875 68.875 0
23.875 69.125 0
23.875 69.375 0
23.875 69.625 0
23.875 69.875 0
23.875 70.125 0
23.875 70.375 0
23.875 70.625 0
23.875 70.875 0
23.875 71.125 0.012013
23.875 71.375 0.036038
23.875 71.625 0.04805
23.875 71.875 0.04805
23.875 72.125 0.04805
23.875 72.375 0.04805
23.875 72.625 0.036038
23.875 72.875 0.012013
23.875 73.125 0.016017
23.875 73.375 0.048051
23.875 73.625 0.048051
23.875 73.875 0.016017
23.875 74.125 0.036039
23.875 74.375 0.10811
23.875 74.625 0.20567
23.875 74.875 0.32872
23.875 75.125 0.33599
23.875 75.375 0.22752
23.875 75.625 0.38769
23.875 75.875 0.8165
23.875 76.125 0.92134
23.875 76.375 0.7022
23.875 76.625 0.61264
23.875 76.875 0.65269
23.875 77.125 0.76263
23.875 77.375 0.94246
23.875 77.625 0.95409
23.875 77.875 0.79757
23.875 78.125 1.2348
23.875 78.375 2.2657
23.875 78.625 2.6759
23.875 78.875 2.4655
23.875 79.125 2.0713
23.875 79.375 1.4932
23.875 79.625 1.5657
23.875 79.875 2.2886
23.875 80.125 2.7451
23.875 80.375 2.9351
23.875 80.625 3.1335
23.875 80.875 3.3403
23.875 81.125 3.412
23.875 81.375 3.3486
23.875 81.625 3.6322
23.875 81.875 4.2627
23.875 82.125 4.4611
23.875 82.375 4.2274
23.875 82.625 3.4262
23.875 82.875 2.0574
23.875 83.125 1.5693
23.875 83.375 1.9617
23.875 83.625 2.0716
23.875 83.875 1.8991
23.875 84.125 1.8689
23.875 84.375 1.981
23.875 84.625 2.7953
23.875 84.875 4.3118
23.875 85.125 5.3933
23.875 85.375 6.0398
23.875 85.625 5.5433
23.875 85.875 3.9038
23.875 86.125 3.5274
23.875 86.375 4.4141
23.875 86.625 4.8164
23.875 86.875 4.7341
23.875 87.125 4.689
23.875 87.375 4.6809
23.875 87.625 5.0275
23.875 87.875 5.7286
23.875 88.125 6.5284
23.875 88.375 7.4268
23.875 91.375 15.962
23.875 91.625 18.311
23.875 91.875 21.555
23.875 92.125 28.985
23.875 92.375 40.601
23.875 92.625 45.511
23.875 92.875 43.717
23.875 93.125 47.771
23.875 93.375 57.671
24.125 68.875 0
24.125 69.125 0
24.125 69.375 0
24.125 69.625 0
24.125 69.875 0
24.125 70.125 0
24.125 70.375 0
24.125 70.625 0
24.125 70.875 0
24.125 71.125 0.012013
24.125 71.375 0.036038
24.125 71.625 0.04805
24.125 71.875 0.04805
24.125 72.125 0.04805
24.125 72.375 0.04805
24.125 72.625 0.040043
24.125 72.875 0.024026
24.125 73.125 0.078993
24.125 73.375 0.20495
24.125 73.625 0.20094
24.125 73.875 0.06698
24.125 74.125 0.051691
24.125 74.375 0.15507
24.125 74.625 0.25263
24.125 74.875 0.34437
24.125 75.125 0.33636
24.125 75.375 0.2286
24.125 75.625 0.36147
24.125 75.875 0.73496
24.125 76.125 0.85908
24.125 76.375 0.73387
24.125 76.625 0.70693
24.125 76.875 0.77828
24.125 77.125 0.96283
24.125 77.375 1.2606
24.125 77.625 1.2337
24.125 77.875 0.88202
24.125 78.125 1.0455
24.125 78.375 1.724
24.125 78.625 2.068
24.125 78.875 2.0775
24.125 79.125 1.9526
24.125 79.375 1.6934
24.125 79.625 1.8474
24.125 79.875 2.4146
24.125 80.125 2.875
24.125 80.375 3.2289
24.125 80.625 3.3992
24.125 80.875 3.3861
24.125 81.125 3.5434
24.125 81.375 3.871
24.125 81.625 4.0963
24.125 81.875 4.2193
24.125 82.125 3.9999
24.125 82.375 3.4378
24.125 82.625 2.7924
24.125 82.875 2.0637
24.125 83.125 1.8685
24.125 83.375 2.2071
24.125 83.625 2.0287
24.125 83.875 1.3334
24.125 84.125 1.1547
24.125 84.375 1.4925
24.125 84.625 2.3414
24.125 84.875 3.7013
24.125 85.125 4.8462
24.125 85.375 5.776
24.125 85.625 5.6754
24.125 85.875 4.5448
24.125 86.125 4.4101
24.125 86.375 5.2714
24.125 86.625 5.552
24.125 86.875 5.2521
24.125 87.125 5.1877
24.125 87.375 5.3588
24.125 87.625 5.3373
24.125 87.875 5.1232
24.125 88.125 5.6762
24.125 88.375 6.9961
24.125 91.875 23.35
24.125 92.125 28.457
24.125 92.375 35.989
24.125 92.625 38.084
24.125 92.875 34.741
24.125 93.125 37.798
24.125 93.375 47.255
24.125 93.625 57.387
24.125 93.875 68.192
NaN NaN NaN
24.375 71.375 0.012013
24.375 71.625 0.016017
24.375 71.875 0.016017
24.375 72.125 0.016017
24.375 72.375 0.016017
24.375 72.625 0.024026
24.375 72.875 0.040043
24.375 73.125 0.20495
24.375 73.375 0.51872
24.375 73.625 0.50671
24.375 73.875 0.16891
24.375 74.125 0.058972
24.375 74.375 0.17691
24.375 74.625 0.25118
24.375 74.875 0.28175
24.375 75.125 0.28976
24.375 75.375 0.2752
24.375 75.625 0.33017
24.375 75.875 0.45466
24.375 76.125 0.54749
24.375 76.375 0.60864
24.375 76.625 0.68217
24.375 76.875 0.76809
24.375 77.125 1.1004
24.375 77.375 1.6792
24.375 77.625 1.7236
24.375 77.875 1.2337
24.375 78.125 1.2581
24.375 78.375 1.7968
24.375 78.625 2.1416
24.375 78.875 2.2922
24.375 79.125 2.4797
24.375 79.375 2.7039
24.375 79.625 2.6708
24.375 79.875 2.3803
24.375 80.125 2.7309
24.375 80.375 3.7225
24.375 80.625 3.9453
24.375 80.875 3.3992
24.375 81.125 3.4313
24.375 81.375 4.0414
24.375 81.625 4.5339
24.375 81.875 4.9088
24.375 82.125 5.0016
24.375 82.375 4.8124
24.375 82.625 4.1895
24.375 82.875 3.1331
24.375 83.125 2.8594
24.375 83.375 3.3683
24.375 83.625 3.2991
24.375 83.875 2.6519
24.375 84.125 2.3428
24.375 84.375 2.372
24.375 84.625 2.4783
24.375 84.875 2.6617
24.375 85.125 3.3676
24.375 85.375 4.5958
24.375 85.625 5.4592
24.375 85.875 5.958
24.375 86.125 6.6838
24.375 86.375 7.6368
24.375 86.625 7.6342
24.375 86.875 6.6762
24.375 87.125 6.5702
24.375 87.375 7.3165
24.375 87.625 6.8094
24.375 87.875 5.049
24.375 88.125 4.9926
24.375 92.375 29.555
24.375 92.625 28.086
24.375 92.875 22.74
24.375 93.125 23.664
24.375 93.375 30.858
24.375 93.625 37.446
24.375 93.875 43.425
24.375 94.125 40.363
24.625 71.125 0
24.625 71.375 0
24.625 71.625 0
24.625 71.875 0
24.625 72.125 0
24.625 72.375 0
24.625 72.625 0.012013
24.625 72.875 0.036038
24.625 73.125 0.23989
24.625 73.375 0.62357
24.625 73.625 0.61956
24.625 73.875 0.22788
24.625 74.125 0.074989
24.625 74.375 0.1609
24.625 74.625 0.21587
24.625 74.875 0.23989
24.625 75.125 0.27884
24.625 75.375 0.33272
24.625 75.625 0.35201
24.625 75.875 0.33672
24.625 76.125 0.39497
24.625 76.375 0.52674
24.625 76.625 0.66289
24.625 76.875 0.8034
24.625 77.125 1.151
24.625 77.375 1.7058
24.625 77.625 1.7655
24.625 77.875 1.3301
24.625 78.125 1.2963
24.625 78.375 1.6639
24.625 78.625 1.9148
24.625 78.875 2.0487
24.625 79.125 2.3454
24.625 79.375 2.8047
24.625 79.625 2.7411
24.625 79.875 2.1543
24.625 80.125 2.4153
24.625 80.375 3.5241
24.625 80.625 3.8244
24.625 80.875 3.3163
24.625 81.125 3.2769
24.625 81.375 3.7065
24.625 81.625 4.1371
24.625 81.875 4.5689
24.625 82.125 4.7519
24.625 82.375 4.6865
24.625 82.625 4.1764
24.625 82.875 3.222
24.625 83.125 2.9992
24.625 83.375 3.5081
24.625 83.625 3.5132
24.625 83.875 3.0145
24.625 84.125 2.7105
24.625 84.375 2.6013
24.625 84.625 2.4419
24.625 84.875 2.2322
24.625 85.125 2.6475
24.625 85.375 3.6879
24.625 85.625 4.7086
24.625 85.875 5.7097
24.625 86.125 6.7249
24.625 86.375 7.7543
24.625 86.625 7.6183
24.625 86.875 6.3165
24.625 87.125 6.3708
24.625 87.375 7.781
24.625 87.625 7.3441
24.625 87.875 5.0603
24.625 92.375 23.445
24.625 92.625 23.147
24.625 92.875 20.235
24.625 93.125 21.425
24.625 93.375 26.716
24.625 93.625 30.512
24.625 93.875 32.812
24.625 94.125 34.608
NaN NaN NaN
24.875 71.125 0
24.875 71.375 0
24.875 71.625 0
24.875 71.875 0
24.875 72.125 0
24.875 72.375 0
24.875 72.625 0.0040042
24.875 72.875 0.012013
24.875 73.125 0.18383
24.875 73.375 0.51946
24.875 73.625 0.53948
24.875 73.875 0.24389
24.875 74.125 0.099742
24.875 74.375 0.10702
24.875 74.625 0.1467
24.875 74.875 0.21878
24.875 75.125 0.3036
24.875 75.375 0.40115
24.875 75.625 0.427
24.875 75.875 0.38112
24.875 76.125 0.40152
24.875 76.375 0.48815
24.875 76.625 0.64905
24.875 76.875 0.88421
24.875 77.125 1.1146
24.875 77.375 1.3403
24.875 77.625 1.3593
24.875 77.875 1.1714
24.875 78.125 1.1601
24.875 78.375 1.3254
24.875 78.625 1.3877
24.875 78.875 1.3469
24.875 79.125 1.5496
24.875 79.375 1.9959
24.875 79.625 2.0582
24.875 79.875 1.7364
24.875 80.125 1.9282
24.875 80.375 2.6337
24.875 80.625 3.0367
24.875 80.875 3.1372
24.875 81.125 3.0804
24.875 81.375 2.8663
24.875 81.625 2.9059
24.875 81.875 3.1994
24.875 82.125 3.2507
24.875 82.375 3.0599
24.875 82.625 2.7531
24.875 82.875 2.3301
24.875 83.125 2.2879
24.875 83.375 2.6264
24.875 83.625 2.6708
24.875 83.875 2.4211
24.875 84.125 2.2577
24.875 84.375 2.1805
24.875 84.625 2.2322
24.875 84.875 2.4127
24.875 85.125 2.6861
24.875 85.375 3.0523
24.875 85.625 3.4236
24.875 85.875 3.8
24.875 86.125 4.5336
24.875 86.375 5.6242
24.875 86.625 5.504
24.875 86.875 4.1731
24.875 87.125 4.5892
24.875 87.375 6.7522
24.875 87.625 6.9416
24.875 87.875 5.1571
24.875 88.125 4.9347
24.875 92.625 23.267
24.875 92.875 27.227
24.875 93.125 31.081
24.875 93.375 34.829
24.875 93.625 36.586
24.875 93.875 36.351
24.875 94.125 41.929
24.875 94.375 53.318
25.125 71.125 0.026938
25.125 71.375 0.019657
25.125 71.625 0.012013
25.125 71.875 0.0040042
25.125 72.125 0
25.125 72.375 0
25.125 72.625 0
25.125 72.875 0
25.125 73.125 0.11685
25.125 73.375 0.35055
25.125 73.625 0.38259
25.125 73.875 0.21295
25.125 74.125 0.11212
25.125 74.375 0.080085
25.125 74.625 0.10011
25.125 74.875 0.17218
25.125 75.125 0.253
25.125 75.375 0.34254
25.125 75.625 0.37603
25.125 75.875 0.35346
25.125 76.125 0.39387
25.125 76.375 0.49726
25.125 76.625 0.71712
25.125 76.875 1.0535
25.125 77.125 1.2329
25.125 77.375 1.2555
25.125 77.625 1.2038
25.125 77.875 1.0779
25.125 78.125 1.0935
25.125 78.375 1.2508
25.125 78.625 1.277
25.125 78.875 1.1721
25.125 79.125 1.3159
25.125 79.375 1.7084
25.125 79.625 1.8965
25.125 79.875 1.8805
25.125 80.125 1.9828
25.125 80.375 2.2034
25.125 80.625 2.4699
25.125 80.875 2.7822
25.125 81.125 2.7571
25.125 81.375 2.3945
25.125 81.625 2.301
25.125 81.875 2.4764
25.125 82.125 2.4652
25.125 82.375 2.2671
25.125 82.625 2.0469
25.125 82.875 1.8045
25.125 83.125 1.7622
25.125 83.375 1.9202
25.125 83.625 2.0149
25.125 83.875 2.0462
25.125 84.125 2.2023
25.125 84.375 2.4834
25.125 84.625 2.7931
25.125 84.875 3.1317
25.125 85.125 3.2886
25.125 85.375 3.2638
25.125 85.625 3.2281
25.125 85.875 3.1816
25.125 86.125 3.6177
25.125 86.375 4.5365
25.125 86.625 4.4517
25.125 86.875 3.3632
25.125 87.125 3.8419
25.125 87.375 5.8877
25.125 87.625 6.3431
25.125 87.875 5.208
25.125 88.125 5.0494
25.125 88.375 5.8669
25.125 92.375 30.465
25.125 92.625 33.822
25.125 92.875 31.141
25.125 93.125 30.898
25.125 93.375 33.09
25.125 93.625 37.014
25.125 93.875 42.668
25.125 94.125 50.052
25.125 94.375 59.162
25.375 70.875 0.080813
25.375 71.125 0.080813
25.375 71.375 0.058971
25.375 71.625 0.036038
25.375 71.875 0.012013
25.375 72.125 0
25.375 72.375 0
25.375 72.625 0
25.375 72.875 0
25.375 73.125 0.03895
25.375 73.375 0.11685
25.375 73.625 0.14889
25.375 73.875 0.13505
25.375 74.125 0.11212
25.375 74.375 0.080085
25.375 74.625 0.076081
25.375 74.875 0.10011
25.375 75.125 0.12704
25.375 75.375 0.15689
25.375 75.625 0.19912
25.375 75.875 0.25372
25.375 76.125 0.37203
25.375 76.375 0.55404
25.375 76.625 0.8671
25.375 76.875 1.3113
25.375 77.125 1.506
25.375 77.375 1.4514
25.375 77.625 1.2992
25.375 77.875 1.0495
25.375 78.125 1.0964
25.375 78.375 1.4401
25.375 78.625 1.5828
25.375 78.875 1.5245
25.375 79.125 1.6443
25.375 79.375 1.942
25.375 79.625 2.2562
25.375 79.875 2.5867
25.375 80.125 2.5791
25.375 80.375 2.2333
25.375 80.625 2.1241
25.375 80.875 2.2515
25.375 81.125 2.3072
25.375 81.375 2.2911
25.375 81.625 2.3221
25.375 81.875 2.4
25.375 82.125 2.3953
25.375 82.375 2.3079
25.375 82.625 2.0578
25.375 82.875 1.645
25.375 83.125 1.4222
25.375 83.375 1.3895
25.375 83.625 1.5453
25.375 83.875 1.8896
25.375 84.125 2.5445
25.375 84.375 3.5099
25.375 84.625 4.1247
25.375 84.875 4.389
25.375 85.125 4.4549
25.375 85.375 4.3224
25.375 85.625 4.1222
25.375 85.875 3.8543
25.375 86.125 3.9773
25.375 86.375 4.4913
25.375 86.625 4.4611
25.375 86.875 3.8867
25.375 87.125 4.1287
25.375 87.375 5.1873
25.375 87.625 5.5488
25.375 87.875 5.2132
25.375 88.125 5.0894
25.375 88.375 5.1775
25.375 88.625 5.397
25.375 90.125 11.069
25.375 90.375 21.611
25.375 90.625 25.362
25.375 90.875 22.321
25.375 91.125 33.196
25.375 91.375 57.988
25.375 91.625 64.974
25.375 91.875 54.157
25.375 92.125 53.119
25.375 92.375 61.859
25.375 92.625 54.812
25.375 92.875 31.978
25.375 93.125 20.873
25.375 93.375 21.497
25.375 93.625 31.794
25.375 93.875 51.763
25.375 94.125 58.976
25.375 94.375 53.432
25.625 70.875 0.12341
25.625 71.125 0.12376
25.625 71.375 0.094646
25.625 71.625 0.060064
25.625 71.875 0.020021
25.625 72.125 0
25.625 72.375 0
25.625 72.625 0
25.625 72.875 0
25.625 73.125 0
25.625 73.375 0
25.625 73.625 0.02803
25.625 73.875 0.08409
25.625 74.125 0.10011
25.625 74.375 0.07608
25.625 74.625 0.072076
25.625 74.875 0.088093
25.625 75.125 0.099742
25.625 75.375 0.10702
25.625 75.625 0.16891
25.625 75.875 0.2854
25.625 76.125 0.44665
25.625 76.375 0.65269
25.625 76.625 0.92644
25.625 76.875 1.2679
25.625 77.125 1.4234
25.625 77.375 1.3928
25.625 77.625 1.2803
25.625 77.875 1.0859
25.625 78.125 1.1489
25.625 78.375 1.4692
25.625 78.625 1.6359
25.625 78.875 1.649
25.625 79.125 1.7764
25.625 79.375 2.0182
25.625 79.625 2.3596
25.625 79.875 2.8008
25.625 80.125 2.808
25.625 80.375 2.3814
25.625 80.625 2.1819
25.625 80.875 2.2096
25.625 81.125 2.3327
25.625 81.375 2.5511
25.625 81.625 2.6282
25.625 81.875 2.5642
25.625 82.125 2.5198
25.625 82.375 2.495
25.625 82.625 2.3123
25.625 82.875 1.9715
25.625 83.125 1.7175
25.625 83.375 1.55
25.625 83.625 1.6811
25.625 83.875 2.1106
25.625 84.125 2.8245
25.625 84.375 3.8226
25.625 84.625 4.4534
25.625 84.875 4.717
25.625 85.125 4.8604
25.625 85.375 4.8837
25.625 85.625 4.7811
25.625 85.875 4.5525
25.625 86.125 4.6136
25.625 86.375 4.9646
25.625 86.625 5.2201
25.625 86.875 5.3802
25.625 87.125 5.4734
25.625 87.375 5.4997
25.625 87.625 5.5483
25.625 87.875 5.6197
25.625 88.125 5.8411
25.625 90.125 12.428
25.625 90.375 23.658
25.625 90.625 27.342
25.625 90.875 23.48
25.625 91.125 33.948
25.625 91.375 58.746
25.625 91.625 66.07
25.625 91.875 55.919
25.625 92.125 54.233
25.625 92.375 61.011
25.625 92.625 51.614
25.625 92.875 26.042
25.625 93.125 14.641
25.625 93.375 17.412
25.625 93.625 27.328
25.625 93.875 44.391
25.625 94.125 50.064
25.625 94.375 44.347
NaN NaN NaN
NaN NaN NaN
25.875 70.375 0.096828
25.875 70.625 0.12341
25.875 70.875 0.15471
25.875 71.125 0.1558
25.875 71.375 0.12668
25.875 71.625 0.084089
25.875 71.875 0.02803
25.875 72.125 0
25.875 72.375 0
25.875 72.625 0
25.875 72.875 0
25.875 73.125 0
25.875 73.375 0
25.875 73.625 0.020021
25.875 73.875 0.060064
25.875 74.125 0.07608
25.875 74.375 0.068072
25.875 74.625 0.088093
25.875 74.875 0.13614
25.875 75.125 0.17109
25.875 75.375 0.19293
25.875 75.625 0.28539
25.875 75.875 0.44848
25.875 76.125 0.61774
25.875 76.375 0.79321
25.875 76.625 0.89513
25.875 76.875 0.92353
25.875 77.125 0.98504
25.875 77.375 1.0797
25.875 77.625 1.147
25.875 77.875 1.1871
25.875 78.125 1.2508
25.875 78.375 1.3381
25.875 78.625 1.4364
25.875 78.875 1.5456
25.875 79.125 1.7124
25.875 79.375 1.9366
25.875 79.625 2.2067
25.875 79.875 2.5227
25.875 80.125 2.6697
25.875 80.375 2.6479
25.875 80.625 2.6436
25.875 80.875 2.6566
25.875 81.125 2.8336
25.875 81.375 3.1743
25.875 81.625 3.2194
25.875 81.875 2.969
25.875 82.125 2.8386
25.875 82.375 2.8284
25.875 82.625 2.8102
25.875 82.875 2.784
25.875 83.125 2.6479
25.875 83.375 2.4018
25.875 83.625 2.4222
25.875 83.875 2.709
25.875 84.125 3.0421
25.875 84.375 3.4214
25.875 84.625 3.7793
25.875 84.875 4.1156
25.875 85.125 4.5051
25.875 85.375 4.9478
25.875 85.625 5.2048
25.875 85.875 5.2762
25.875 86.125 5.5266
25.875 86.375 5.9562
25.875 86.625 6.7285
25.875 86.875 7.8439
25.875 87.125 7.8759
25.875 87.375 6.8247
25.875 87.625 6.342
25.875 87.875 6.4279
25.875 90.125 10.367
25.875 90.375 14.988
25.875 90.625 15.352
25.875 90.875 11.459
25.875 91.125 13.646
25.875 91.375 21.912
25.875 91.625 25.199
25.875 91.875 23.506
25.875 92.125 24.414
25.875 92.375 27.921
25.875 92.625 24.228
25.875 92.875 13.333
25.875 93.125 12.202
25.875 93.375 20.833
25.875 93.625 23.616
25.875 93.875 20.552
25.875 94.125 23.315
25.875 94.375 31.907
25.875 94.625 48.942
25.875 94.875 74.421
26.125 70.375 0.10775
26.125 70.625 0.13833
26.125 70.875 0.17036
26.125 71.125 0.17146
26.125 71.375 0.1416
26.125 71.625 0.09501
26.125 71.875 0.03167
26.125 72.125 0
26.125 72.375 0
26.125 72.625 0.0040042
26.125 72.875 0.012013
26.125 73.125 0.012013
26.125 73.375 0.0040042
26.125 73.625 0.012013
26.125 73.875 0.036038
26.125 74.125 0.056059
26.125 74.375 0.072077
26.125 74.625 0.10811
26.125 74.875 0.16417
26.125 75.125 0.20312
26.125 75.375 0.22497
26.125 75.625 0.31742
26.125 75.875 0.4805
26.125 76.125 0.65705
26.125 76.375 0.84709
26.125 76.625 0.90605
26.125 76.875 0.83397
26.125 77.125 0.82961
26.125 77.375 0.89294
26.125 77.625 0.98722
26.125 77.875 1.1125
26.125 78.125 1.1878
26.125 78.375 1.2133
26.125 78.625 1.3083
26.125 78.875 1.4728
26.125 79.125 1.6705
26.125 79.375 1.9013
26.125 79.625 2.159
26.125 79.875 2.4437
26.125 80.125 2.6574
26.125 80.375 2.8
26.125 80.625 2.9049
26.125 80.875 2.9718
26.125 81.125 3.144
26.125 81.375 3.4215
26.125 81.625 3.3654
26.125 81.875 2.9759
26.125 82.125 2.7913
26.125 82.375 2.8117
26.125 82.625 2.8743
26.125 82.875 2.9792
26.125 83.125 2.9024
26.125 83.375 2.6439
26.125 83.625 2.661
26.125 83.875 2.9537
26.125 84.125 3.1852
26.125 84.375 3.3555
26.125 84.625 3.7054
26.125 84.875 4.2347
26.125 85.125 4.7989
26.125 85.375 5.398
26.125 85.625 5.5819
26.125 85.875 5.3504
26.125 86.125 5.3202
26.125 86.375 5.4912
26.125 86.625 6.0806
26.125 86.875 7.0882
26.125 87.125 7.0147
26.125 87.375 5.8601
26.125 87.625 5.33
26.125 87.875 5.4247
26.125 88.125 6.3245
26.125 89.375 8.4508
26.125 89.875 6.9892
26.125 90.125 7.1513
26.125 90.375 8.34
26.125 90.625 7.8683
26.125 90.875 5.7359
26.125 91.125 4.4818
26.125 91.375 4.1062
26.125 91.625 4.6584
26.125 91.875 6.1385
26.125 92.125 7.714
26.125 92.375 9.3849
26.125 92.625 9.7849
26.125 92.875 8.9142
26.125 93.125 15.795
26.125 93.375 30.428
26.125 93.625 29.204
26.125 93.875 12.122
26.125 94.125 10.642
26.125 94.375 24.764
26.125 94.625 48.01
26.125 94.875 80.38
26.375 70.375 0.10775
26.375 70.625 0.13833
26.375 70.875 0.17036
26.375 71.125 0.17073
26.375 71.375 0.13942
26.375 71.625 0.092826
26.375 71.875 0.030942
26.375 72.125 0
26.375 72.375 0
26.375 72.625 0.012013
26.375 72.875 0.036038
26.375 73.125 0.036038
26.375 73.375 0.012013
26.375 73.625 0.0040042
26.375 73.875 0.012013
26.375 74.125 0.040043
26.375 74.375 0.088093
26.375 74.625 0.13214
26.375 74.875 0.17218
26.375 75.125 0.19584
26.375 75.375 0.20312
26.375 75.625 0.265
26.375 75.875 0.3815
26.375 76.125 0.5646
26.375 76.375 0.81432
26.375 76.625 0.9592
26.375 76.875 0.99924
26.375 77.125 0.95701
26.375 77.375 0.83252
26.375 77.625 0.80085
26.375 77.875 0.862
26.375 78.125 0.95993
26.375 78.375 1.0946
26.375 78.625 1.2515
26.375 78.875 1.4306
26.375 79.125 1.6508
26.375 79.375 1.9122
26.375 79.625 2.2165
26.375 79.875 2.5638
26.375 80.125 2.7709
26.375 80.375 2.8379
26.375 80.625 2.966
26.375 80.875 3.1553
26.375 81.125 3.2642
26.375 81.375 3.2926
26.375 81.625 3.0662
26.375 81.875 2.5849
26.375 82.125 2.3778
26.375 82.375 2.4448
26.375 82.625 2.5045
26.375 82.875 2.5569
26.375 83.125 2.4808
26.375 83.375 2.2762
26.375 83.625 2.3974
26.375 83.875 2.8445
26.375 84.125 3.2536
26.375 84.375 3.6249
26.375 84.625 4.2318
26.375 84.875 5.0741
26.375 85.125 5.7417
26.375 85.375 6.2346
26.375 85.625 5.9124
26.375 85.875 4.7753
26.375 86.125 3.9944
26.375 86.375 3.57
26.375 86.625 3.2762
26.375 86.875 3.1131
26.375 87.125 2.8896
26.375 87.625 2.5125
26.375 87.875 2.61
26.375 88.125 2.9012
26.375 88.375 3.3861
26.375 88.875 3.3031
26.375 89.375 3.0276
26.375 89.625 2.8073
26.375 89.875 2.4783
26.375 90.125 2.7808
26.375 90.375 3.7148
26.375 90.625 4.8914
26.375 90.875 6.3103
26.375 91.125 6.4563
26.375 91.375 5.3293
26.375 91.625 4.4494
26.375 91.875 3.8168
26.375 92.125 4.1342
26.375 92.375 5.4017
26.375 92.625 8.2852
26.375 92.875 12.784
26.375 93.125 25.422
26.375 93.375 46.199
26.375 93.625 44.091
26.375 93.875 19.101
26.375 94.125 12.044
26.375 94.375 22.919
26.375 94.625 43.847
26.375 94.875 74.826
26.625 69.875 0.04805
26.625 70.125 0.066616
26.625 70.375 0.10375
26.625 70.625 0.14633
26.625 70.875 0.19439
26.625 71.125 0.2024
26.625 71.375 0.17036
26.625 71.625 0.11976
26.625 71.875 0.050599
26.625 72.125 0.012013
26.625 72.375 0.0040042
26.625 72.625 0.012013
26.625 72.875 0.036038
26.625 73.125 0.036038
26.625 73.375 0.012013
26.625 73.625 0
26.625 73.875 0
26.625 74.125 0.024026
26.625 74.375 0.072077
26.625 74.625 0.11212
26.625 74.875 0.14415
26.625 75.125 0.17582
26.625 75.375 0.20713
26.625 75.625 0.27739
26.625 75.875 0.38659
26.625 76.125 0.53403
26.625 76.375 0.71967
26.625 76.625 0.85618
26.625 76.875 0.94355
26.625 77.125 0.92898
26.625 77.375 0.8125
26.625 77.625 0.76118
26.625 77.875 0.775
26.625 78.125 0.88058
26.625 78.375 1.0779
26.625 78.625 1.2734
26.625 78.875 1.467
26.625 79.125 1.7149
26.625 79.375 2.0171
26.625 79.625 2.349
26.625 79.875 2.7109
26.625 80.125 2.9297
26.625 80.375 3.0054
26.625 80.625 3.1685
26.625 80.875 3.4189
26.625 81.125 3.5507
26.625 81.375 3.5638
26.625 81.625 3.4669
26.625 81.875 3.2602
26.625 82.125 3.2489
26.625 82.375 3.4331
26.625 82.625 3.4771
26.625 82.875 3.381
26.625 83.125 3.1641
26.625 83.375 2.8263
26.625 83.625 2.8394
26.625 83.875 3.2034
26.625 84.125 3.4633
26.625 84.375 3.6191
26.625 84.625 3.9551
26.625 84.875 4.4713
26.625 85.125 4.9102
26.625 85.375 5.2721
26.625 85.625 5.1768
26.625 86.125 5.0505
26.625 88.375 3.9547
26.625 88.625 2.9715
26.625 88.875 6.2237
26.625 89.125 9.9268
26.625 89.375 14.081
26.625 89.625 14.139
26.625 89.875 10.102
26.625 90.125 8.4832
26.625 90.375 9.284
26.625 90.625 12.144
26.625 90.875 17.064
26.625 91.125 18.799
26.625 91.375 17.351
26.625 91.625 25.455
26.625 91.875 43.111
26.625 92.125 41.771
26.625 92.375 21.435
26.625 92.625 12.115
26.625 92.875 13.811
26.625 93.125 24.628
26.625 93.375 44.567
26.625 93.625 42.456
26.625 93.875 18.296
26.625 94.125 9.9928
26.625 94.375 17.546
26.625 94.625 32.583
26.625 94.875 55.102
26.625 95.125 66.468
26.875 69.625 0.016017
26.875 69.875 0.016017
26.875 70.125 0.042591
26.875 70.375 0.09574
26.875 70.625 0.16235
26.875 70.875 0.24244
26.875 71.125 0.26646
26.875 71.375 0.23443
26.875 71.625 0.17582
26.875 71.875 0.090641
26.875 72.125 0.036038
26.875 72.375 0.012013
26.875 72.625 0.0040042
26.875 72.875 0.012013
26.875 73.125 0.012013
26.875 73.375 0.0040042
26.875 73.625 0
26.875 73.875 0
26.875 74.125 0.0080084
26.875 74.375 0.024026
26.875 74.625 0.048051
26.875 74.875 0.080085
26.875 75.125 0.14306
26.875 75.375 0.23698
26.875 75.625 0.35456
26.875 75.875 0.4958
26.875 76.125 0.56532
26.875 76.375 0.56314
26.875 76.625 0.597
26.875 76.875 0.66689
26.875 77.125 0.74552
26.875 77.375 0.83287
26.875 77.625 0.86819
26.875 77.875 0.85145
26.875 78.125 0.94974
26.875 78.375 1.1631
26.875 78.625 1.3738
26.875 78.875 1.582
26.875 79.125 1.8627
26.875 79.375 2.2158
26.875 79.625 2.5565
26.875 79.875 2.8848
26.875 80.125 3.1335
26.875 80.375 3.3024
26.875 80.625 3.5121
26.875 80.875 3.7625
26.875 81.125 4.0035
26.875 81.375 4.235
26.875 81.625 4.5678
26.875 81.875 5.0016
26.875 82.125 5.4046
26.875 82.375 5.7767
26.875 82.625 5.7924
26.875 82.875 5.4516
26.875 83.125 4.9522
26.875 83.375 4.294
26.875 83.625 3.9867
26.875 83.875 4.0304
26.875 84.125 3.8143
26.875 84.375 3.3381
26.875 84.625 2.8754
26.875 84.875 2.4262
26.875 88.375 9.7354
26.875 88.625 7.2517
26.875 88.875 17.69
26.875 92.375 57.485
26.875 92.625 21.275
26.875 92.875 11.993
26.875 93.125 13.412
26.875 93.375 25.534
26.875 93.625 24.298
26.875 93.875 9.7059
26.875 94.125 4.488
26.875 94.375 8.6444
26.875 94.625 14.218
26.875 94.875 21.208
26.875 95.125 38.364
26.875 95.375 65.688
26.875 95.625 78.559
27.125 69.875 0
27.125 70.125 0.030942
27.125 70.375 0.092826
27.125 70.625 0.16345
27.125 70.875 0.2428
27.125 71.125 0.27411
27.125 71.375 0.25736
27.125 71.625 0.21041
27.125 71.875 0.13323
27.125 72.125 0.078993
27.125 72.375 0.047687
27.125 72.625 0.02803
27.125 72.875 0.020021
27.125 73.125 0.024025
27.125 73.375 0.040043
27.125 73.625 0.044047
27.125 73.875 0.036038
27.125 74.125 0.02803
27.125 74.375 0.020021
27.125 74.625 0.02803
27.125 74.875 0.052056
27.125 75.125 0.15398
27.125 75.375 0.3338
27.125 75.625 0.518
27.125 75.875 0.70656
27.125 76.125 0.74151
27.125 76.375 0.62284
27.125 76.625 0.55513
27.125 76.875 0.53839
27.125 77.125 0.62393
27.125 77.375 0.81176
27.125 77.625 0.92935
27.125 77.875 0.97668
27.125 78.125 1.107
27.125 78.375 1.3203
27.125 78.625 1.5617
27.125 78.875 1.831
27.125 79.125 2.0764
27.125 79.375 2.2977
27.125 79.625 2.5372
27.125 79.875 2.795
27.125 80.125 3.0395
27.125 80.375 3.2711
27.125 80.625 3.6955
27.125 80.875 4.3129
27.125 81.125 4.9572
27.125 81.375 5.6285
27.125 81.625 5.8447
27.125 81.875 5.606
27.125 82.125 5.524
27.125 82.375 5.599
27.125 82.625 5.4123
27.125 82.875 4.9638
27.125 83.125 4.4989
27.125 83.375 4.0177
27.125 83.625 4.2609
27.125 83.875 5.2285
27.125 84.125 5.6882
27.125 84.375 5.6402
27.125 84.625 9.1657
27.125 88.125 60.863
27.125 88.375 30.122
27.125 88.625 22.123
27.125 92.125 159.3
27.125 92.375 104.06
27.125 92.625 60.249
27.125 92.875 27.859
27.125 93.125 26.279
27.125 93.375 55.511
27.125 93.625 59.651
27.125 93.875 38.699
27.125 94.125 22.849
27.125 94.375 12.1
27.125 94.625 6.6135
27.125 94.875 6.3893
27.125 95.125 21.022
27.125 95.375 50.509
27.125 95.625 66.183
27.125 95.875 68.042
27.375 70.125 0.03167
27.375 70.375 0.09501
27.375 70.625 0.14961
27.375 70.875 0.19548
27.375 71.125 0.22533
27.375 71.375 0.23916
27.375 71.625 0.22351
27.375 71.875 0.17837
27.375 72.125 0.14088
27.375 72.375 0.11103
27.375 72.625 0.084089
27.375 72.875 0.060064
27.375 73.125 0.072077
27.375 73.375 0.12013
27.375 73.625 0.13214
27.375 73.875 0.10811
27.375 74.125 0.08409
27.375 74.375 0.060064
27.375 74.625 0.052056
27.375 74.875 0.060064
27.375 75.125 0.20858
27.375 75.375 0.49762
27.375 75.625 0.76772
27.375 75.875 1.0189
27.375 76.125 1.0626
27.375 76.375 0.89878
27.375 76.625 0.7306
27.375 76.875 0.55804
27.375 77.125 0.56423
27.375 77.375 0.74916
27.375 77.625 0.94464
27.375 77.875 1.1507
27.375 78.125 1.3523
27.375 78.375 1.5496
27.375 78.625 1.8368
27.375 78.875 2.214
27.375 79.125 2.356
27.375 79.375 2.2628
27.375 79.625 2.2912
27.375 79.875 2.4411
27.375 80.125 2.6479
27.375 80.375 2.9115
27.375 80.625 3.7189
27.375 80.875 5.0701
27.375 81.125 6.4119
27.375 81.375 7.7442
27.375 81.625 7.2979
27.375 81.875 5.0731
27.375 82.125 3.6071
27.375 82.375 2.9002
27.375 82.625 2.337
27.375 82.875 1.9177
27.375 83.125 1.8045
27.375 83.625 3.6617
27.375 84.125 9.0853
27.375 84.375 10.525
27.375 88.125 116.34
27.375 88.375 65.115
27.375 88.625 47.585
27.375 92.125 157.79
27.375 92.375 161.17
27.375 92.625 129.04
27.375 92.875 61.408
27.375 93.125 63.228
27.375 93.375 134.5
27.375 93.625 148.51
27.375 93.875 105.28
27.375 94.125 65.076
27.375 94.375 27.913
27.375 94.625 9.7704
27.375 94.875 10.647
27.375 95.125 14.439
27.375 95.375 21.146
27.375 95.625 24.29
27.375 95.875 23.869
27.375 96.125 25.608
27.375 96.375 29.508
NaN NaN NaN
27.375 96.875 90.818
27.625 70.125 0.086638
27.625 70.375 0.13469
27.625 70.625 0.16963
27.625 70.875 0.19147
27.625 71.125 0.20931
27.625 71.375 0.22315
27.625 71.625 0.22314
27.625 71.875 0.20931
27.625 72.125 0.18383
27.625 72.375 0.1467
27.625 72.625 0.12013
27.625 72.875 0.10411
27.625 73.125 0.12013
27.625 73.375 0.16818
27.625 73.625 0.1922
27.625 73.875 0.1922
27.625 74.125 0.19147
27.625 74.375 0.19002
27.625 74.625 0.17364
27.625 74.875 0.14233
27.625 75.125 0.27884
27.625 75.375 0.58317
27.625 75.625 0.84926
27.625 75.875 1.0771
27.625 76.125 1.1175
27.625 76.375 0.97048
27.625 76.625 0.82269
27.625 76.875 0.67417
27.625 77.125 0.67672
27.625 77.375 0.83033
27.625 77.625 1.0251
27.625 77.875 1.261
27.625 78.125 1.4616
27.625 78.375 1.6268
27.625 78.625 1.8984
27.625 78.875 2.2762
27.625 79.125 2.4612
27.625 79.375 2.4532
27.625 79.625 2.6377
27.625 79.875 3.0148
27.625 80.125 3.7334
27.625 80.375 4.7935
27.625 80.625 5.8083
27.625 80.875 6.7782
27.625 81.125 7.386
27.625 81.375 7.6322
27.625 81.625 6.7873
27.625 81.875 4.8513
27.625 82.125 4.2176
27.625 82.375 4.8859
27.625 82.625 5.0836
27.625 88.375 81.865
27.625 88.625 59.839
27.625 91.625 42.59
27.625 91.875 90.014
27.625 92.125 145.89
27.625 92.375 210.22
27.625 92.625 204.7
27.625 92.875 129.33
27.625 93.125 110.22
27.625 93.375 147.38
27.625 93.625 147.59
27.625 93.875 110.85
27.625 94.125 76.612
27.625 94.375 44.865
27.625 94.625 27.929
27.625 94.875 25.803
27.625 95.125 19.774
27.625 95.375 9.8402
27.625 95.625 4.0228
27.625 95.875 2.3214
27.625 96.125 7.6903
27.625 96.375 20.13
27.625 96.625 42.481
27.625 96.875 74.743
27.875 70.375 0.21186
27.875 71.875 0.22605
27.875 72.125 0.20786
27.875 72.375 0.15471
27.875 72.625 0.13614
27.875 72.875 0.15216
27.875 73.125 0.16818
27.875 73.375 0.18419
27.875 73.625 0.22424
27.875 73.875 0.2883
27.875 74.125 0.35019
27.875 74.375 0.40989
27.875 74.625 0.39278
27.875 74.875 0.29886
27.875 75.125 0.36475
27.875 75.375 0.59044
27.875 75.625 0.76262
27.875 75.875 0.8813
27.875 76.125 0.90641
27.875 76.375 0.83798
27.875 76.625 0.83143
27.875 76.875 0.88675
27.875 77.125 0.96139
27.875 77.375 1.0553
27.875 77.625 1.1707
27.875 77.875 1.3076
27.875 78.125 1.4346
27.875 78.375 1.5518
27.875 78.625 1.7462
27.875 78.875 2.0178
27.875 79.125 2.392
27.875 79.375 2.8689
27.875 79.625 3.5769
27.875 79.875 4.516
27.875 80.125 6.2961
27.875 80.375 8.9171
27.875 80.625 9.9639
27.875 80.875 9.4369
27.875 81.125 7.8796
27.875 81.375 5.2922
27.875 81.625 4.3126
27.875 88.375 155.34
27.875 88.625 154.44
27.875 92.875 231.61
27.875 93.125 167.25
27.875 93.375 94.161
27.875 93.625 56.889
27.875 93.875 55.435
27.875 94.125 57.457
27.875 94.375 62.957
27.875 94.625 61.09
27.875 94.875 51.859
27.875 95.125 37.025
27.875 95.375 16.591
27.875 95.625 5.3821
27.875 95.875 3.3996
27.875 96.125 5.6591
27.875 96.375 12.161
27.875 96.625 36.809
NaN NaN NaN
27.875 97.125 101.58
28.125 72.125 0.23989
28.125 72.375 0.18674
28.125 72.625 0.17582
28.125 72.875 0.20713
28.125 73.125 0.22278
28.125 73.375 0.22278
28.125 73.625 0.25118
28.125 73.875 0.30796
28.125 74.125 0.41717
28.125 74.375 0.57879
28.125 74.625 0.60864
28.125 74.875 0.50672
28.125 75.125 0.50235
28.125 75.375 0.59554
28.125 75.625 0.71275
28.125 75.875 0.85399
28.125 76.125 0.9137
28.125 76.375 0.89185
28.125 76.625 0.95483
28.125 76.875 1.1026
28.125 77.125 1.2166
28.125 77.375 1.2966
28.125 77.625 1.3694
28.125 77.875 1.435
28.125 78.125 1.5882
28.125 78.375 1.8292
28.125 78.625 2.2085
28.125 78.875 2.7262
28.125 79.125 3.1597
28.125 79.375 3.5092
28.125 79.625 3.97
28.125 79.875 4.5423
28.125 80.125 6.0337
28.125 80.375 8.4442
28.125 80.625 9.1362
28.125 80.875 8.1097
28.125 81.125 6.212
28.125 81.375 3.4433
28.125 92.875 233.1
28.125 93.125 171.25
28.125 93.375 72.88
28.125 93.625 32.166
28.125 93.875 49.11
28.125 94.125 65.573
28.125 94.375 81.557
28.125 94.625 82.188
28.125 94.875 67.467
28.125 95.125 63.431
28.125 95.375 70.083
28.125 95.625 58.818
28.125 95.875 29.64
28.125 96.125 17.68
28.125 96.375 22.937
NaN NaN NaN
NaN NaN NaN
NaN NaN NaN
28.375 72.375 0.2428
28.375 72.625 0.23916
28.375 72.875 0.26901
28.375 73.125 0.28394
28.375 73.375 0.28394
28.375 73.625 0.27302
28.375 73.875 0.25118
28.375 74.125 0.39242
28.375 74.375 0.69674
28.375 74.625 0.82124
28.375 74.875 0.7659
28.375 75.125 0.69164
28.375 75.375 0.59846
28.375 75.625 0.69965
28.375 75.875 0.99523
28.375 76.125 1.1394
28.375 76.375 1.1321
28.375 76.625 1.1929
28.375 76.875 1.3218
28.375 77.125 1.4423
28.375 77.375 1.5544
28.375 77.625 1.6213
28.375 77.875 1.6432
28.375 78.125 1.9224
28.375 78.375 2.459
28.375 78.625 3.2853
28.375 78.875 4.4014
28.375 79.125 4.7644
28.375 79.375 4.3741
28.375 79.625 3.8172
28.375 79.875 3.0935
28.375 80.125 2.9461
28.375 80.375 3.3748
28.375 80.625 3.325
28.375 80.875 2.7964
28.375 81.125 2.3833
28.375 93.375 83.536
28.375 93.625 73.424
28.375 93.875 91.88
28.375 94.125 100.96
28.375 94.375 100.67
28.375 94.625 91.221
28.375 94.875 72.627
28.375 95.125 98.992
28.375 95.375 170.31
28.375 95.625 164.33
28.375 95.875 81.044
28.375 96.125 43.754
NaN NaN NaN
28.625 72.375 0.34036
28.625 72.625 0.33599
28.625 72.875 0.34109
28.625 73.125 0.33672
28.625 73.375 0.32288
28.625 73.625 0.3156
28.625 73.875 0.31488
28.625 74.125 0.48269
28.625 74.375 0.81906
28.625 74.625 0.94391
28.625 74.875 0.85726
28.625 75.125 0.76736
28.625 75.375 0.67417
28.625 75.625 0.77573
28.625 75.875 1.072
28.625 76.125 1.2395
28.625 76.375 1.2781
28.625 76.625 1.3341
28.625 76.875 1.4077
28.625 77.125 1.5081
28.625 77.375 1.6355
28.625 77.625 1.7386
28.625 77.875 1.8172
28.625 78.125 2.1914
28.625 78.375 2.8612
28.625 78.625 3.5664
28.625 78.875 4.3068
28.625 79.125 4.3923
28.625 79.375 3.823
28.625 79.625 3.1721
28.625 79.875 2.4397
28.625 80.125 2.8481
28.625 80.375 4.3974
28.625 80.625 5.4454
28.625 93.625 90.756
28.625 93.875 102.79
28.625 94.125 106.31
28.625 94.375 97.045
28.625 94.625 84.129
28.625 94.875 67.566
28.625 95.125 110
28.625 95.375 211.43
28.625 95.625 208.66
28.625 95.875 101.69
28.625 96.125 54.883
NaN NaN NaN
28.875 72.875 0.42336
28.875 73.125 0.38113
28.875 73.375 0.33964
28.875 73.625 0.37895
28.875 73.875 0.49907
28.875 74.125 0.688
28.875 74.375 0.94573
28.875 74.625 0.97667
28.875 74.875 0.78083
28.875 75.125 0.7295
28.875 75.375 0.82269
28.875 75.625 0.94099
28.875 75.875 1.0844
28.875 76.125 1.214
28.875 76.375 1.3298
28.875 76.625 1.3786
28.875 76.875 1.3604
28.875 77.125 1.4142
28.875 77.375 1.5402
28.875 77.625 1.7211
28.875 77.875 1.957
28.875 78.125 2.3953
28.875 78.375 3.036
28.875 78.625 3.0516
28.875 78.875 2.4422
28.875 79.125 2.0436
28.875 79.375 1.8558
28.875 79.625 2.0349
28.875 79.875 2.5809
28.875 94.125 81.637
28.875 94.375 70.693
28.875 94.625 60.909
28.875 94.875 52.284
28.875 95.125 96.459
28.875 95.375 193.44
28.875 95.625 191.81
28.875 95.875 91.592
28.875 96.125 51.07
NaN NaN NaN
29.125 73.125 0.47467
29.125 73.375 0.46303
29.125 73.625 0.53294
29.125 73.875 0.68435
29.125 74.125 0.83725
29.125 74.375 0.99161
29.125 74.625 0.97886
29.125 74.875 0.79903
29.125 75.125 0.81868
29.125 75.375 1.0378
29.125 75.625 1.1609
29.125 75.875 1.1878
29.125 76.125 1.2326
29.125 76.375 1.2952
29.125 76.625 1.3291
29.125 76.875 1.3341
29.125 77.125 1.4386
29.125 77.375 1.6425
29.125 77.625 1.8074
29.125 77.875 1.9333
29.125 78.125 2.1685
29.125 78.375 2.5128
29.125 78.625 2.341
29.125 78.875 1.653
29.125 79.125 2.7087
29.125 79.375 5.508
29.125 79.625 6.6051
29.125 79.875 6.0002
29.125 80.125 7.9899
29.125 94.375 68.424
29.125 94.625 64.873
29.125 94.875 58.8
29.125 95.625 143.97
29.125 95.875 75.984
29.125 96.125 54.411
29.375 73.375 0.69309
29.375 73.625 0.77754
29.375 73.875 0.87073
29.375 74.125 0.93044
29.375 74.375 0.95665
29.375 74.625 0.95046
29.375 74.875 0.91187
29.375 75.125 1.0349
29.375 75.375 1.3196
29.375 75.625 1.4353
29.375 75.875 1.3822
29.375 76.125 1.2952
29.375 76.375 1.1743
29.375 76.625 1.1856
29.375 76.875 1.329
29.375 77.125 1.5813
29.375 77.375 1.9424
29.375 77.625 1.9974
29.375 77.875 1.7462
29.375 78.125 1.5111
29.375 78.375 1.2919
29.375 78.625 1.4346
29.375 78.875 1.9392
29.375 79.125 6.3876
29.375 79.375 14.78
29.375 79.625 16.883
29.375 79.875 12.697
29.375 80.125 9.5982
NaN NaN NaN
29.625 73.375 0.83579
29.625 73.625 0.92387
29.625 73.875 1.004
29.625 74.125 1.0375
29.625 74.375 1.0243
29.625 74.625 1.0571
29.625 74.875 1.1358
29.625 75.125 1.2788
29.625 75.375 1.4863
29.625 75.625 1.5544
29.625 75.875 1.483
29.625 76.125 1.3917
29.625 76.375 1.2803
29.625 76.625 1.2886
29.625 76.875 1.4168
29.625 77.125 1.6185
29.625 77.375 1.8936
29.625 77.625 1.9249
29.625 77.875 1.7124
29.625 78.125 2.2813
29.625 78.375 3.6319
29.625 78.625 5.1695
29.625 78.875 6.8943
29.625 79.125 10.96
29.625 79.375 17.366
29.625 79.625 18.648
29.625 79.875 14.807
29.625 80.125 10.328
29.875 73.625 0.97194
29.875 73.875 1.0841
29.875 74.125 1.1583
29.875 74.375 1.1947
29.875 74.625 1.2988
29.875 74.875 1.4706
29.875 75.125 1.5504
29.875 75.375 1.538
29.875 75.625 1.518
29.875 75.875 1.4903
29.875 76.125 1.522
29.875 76.375 1.613
29.875 76.625 1.6381
29.875 76.875 1.5973
29.875 77.125 1.55
29.875 77.375 1.4961
29.875 77.625 1.5901
29.875 77.875 1.8318
29.875 78.125 4.4793
29.875 78.375 9.5326
29.875 78.625 13.546
29.875 78.875 16.518
29.875 79.125 16.425
29.875 79.375 13.266
29.875 79.625 11.901
29.875 79.875 12.329
29.875 80.125 10.181
29.875 80.375 5.4563
30.125 74.125 1.3203
30.125 74.375 1.3662
30.125 74.625 1.4903
30.125 74.875 1.6927
30.125 75.125 1.7404
30.125 75.375 1.6334
30.125 75.625 1.6792
30.125 75.875 1.878
30.125 76.125 1.8969
30.125 76.375 1.736
30.125 76.625 1.566
30.125 76.875 1.3869
30.125 77.125 1.4812
30.125 77.375 1.8489
30.125 77.625 2.353
30.125 77.875 2.9937
30.125 78.125 5.8093
30.125 78.375 10.8
30.125 78.625 15.296
30.125 78.875 19.297
30.125 79.125 18.16
30.125 79.375 11.885
30.125 79.625 10.309
30.125 79.875 13.435
30.125 80.125 12.467
30.125 80.375 7.4067
30.125 80.625 13.599
30.375 74.125 1.5234
30.375 74.375 1.5387
30.375 74.625 1.6315
30.375 74.875 1.8019
30.375 75.125 1.8489
30.375 75.375 1.7724
30.375 75.625 2.0382
30.375 75.875 2.6461
30.375 76.125 2.5165
30.375 76.375 1.6494
30.375 76.625 1.0724
30.375 76.875 0.78555
30.375 77.125 1.412
30.375 77.375 2.9519
30.375 77.625 4.2139
30.375 77.875 5.1982
30.375 78.125 6.2718
30.375 78.375 7.4344
30.375 78.625 10.421
30.375 78.875 15.232
30.375 79.125 16.166
30.375 79.375 13.221
30.375 79.625 13.875
30.375 79.875 18.126
30.375 80.125 17.189
30.375 80.375 11.064
30.375 80.625 10.169
30.625 74.375 1.9137
30.625 74.625 1.9479
30.625 74.875 1.9704
30.625 75.125 1.9308
30.625 75.375 1.8288
30.625 75.625 2.1419
30.625 75.875 2.87
30.625 76.125 2.6395
30.625 76.375 1.4506
30.625 76.625 1.5835
30.625 76.875 3.0381
30.625 77.125 5.3441
30.625 77.375 8.5016
30.625 77.625 9.2643
30.625 77.875 7.6321
30.625 78.125 8.1236
30.625 78.375 10.739
30.625 78.625 15.869
30.625 78.875 23.515
30.625 79.125 25.832
30.625 79.375 22.82
30.625 79.625 20.381
30.625 79.875 18.514
30.625 80.125 14.991
30.875 74.625 2.4393
30.875 74.875 2.1983
30.875 75.125 1.9861
30.875 75.375 1.8026
30.875 75.625 1.9905
30.875 75.875 2.5496
30.875 76.125 2.266
30.875 76.375 1.1398
30.875 76.625 3.0993
30.875 76.875 8.1446
30.875 77.125 13.278
30.875 77.375 18.498
30.875 77.625 17.504
30.875 77.875 10.295
30.875 78.125 11.365
30.875 78.375 20.713
30.875 78.625 31.64
30.875 78.875 44.146
30.875 79.125 47.16
30.875 79.375 0
30.875 79.625 0
30.875 79.875 14.104
31.125 74.875 2.4073
31.125 75.125 2.1947
31.125 75.375 2.0178
31.125 75.625 2.6111
31.125 75.875 3.9748
31.125 76.125 3.7928
31.125 76.375 2.0651
31.125 76.625 3.677
31.125 76.875 8.6284
31.125 77.125 13.488
31.125 77.375 18.257
31.125 77.625 17.017
31.125 77.875 9.7678
31.125 78.125 11.009
31.125 78.375 20.74
31.125 78.625 31.18
31.125 78.875 0
31.125 79.125 0.35158
31.375 74.875 2.5973
31.375 75.125 2.5565
31.375 75.375 2.4742
31.375 75.625 4.0039
31.375 75.875 7.1454
31.375 76.125 7.2197
31.375 76.375 4.2267
31.375 76.625 3.3166
31.375 76.875 4.4895
31.375 77.125 5.9765
31.375 77.375 7.7776
31.375 77.625 7.8021
31.375 77.875 6.0496
31.375 78.125 7.0555
31.375 78.375 10.82
31.375 78.625 14.488
31.625 74.875 3.4349
31.625 75.125 3.3472
31.625 75.375 2.7494
31.625 75.625 3.8801
31.625 75.875 6.7392
31.625 76.125 6.8869
31.625 76.375 4.3235
31.625 76.625 2.9023
31.625 76.875 2.6235
31.625 77.125 4.1575
31.625 77.375 7.5044
31.625 77.625 9.6102
31.625 77.875 10.475
31.625 78.125 9.4147
31.625 78.375 6.429
31.625 78.625 4.8914
31.875 74.875 4.9201
31.875 75.125 4.5666
31.875 75.375 2.8434
31.875 75.625 2.2398
31.875 75.875 2.756
31.875 76.125 2.7946
31.875 76.375 2.3556
31.875 76.625 2.4342
31.875 76.875 3.0305
31.875 77.125 8.0315
31.875 77.375 17.437
31.875 77.625 22.441
31.875 77.875 23.044
31.875 78.125 18.086
31.875 78.375 7.5684
31.875 78.625 2.3905
32.125 75.375 2.7291
32.125 75.625 1.5755
32.125 75.875 0.82706
32.125 76.125 2.4564
32.125 76.375 6.4636
32.125 76.625 9.5807
32.125 76.875 11.808
32.125 77.125 16.487
32.125 77.375 23.618
32.125 77.625 26.614
32.125 77.875 25.476
32.125 78.125 18.972
32.125 78.375 7.1047
32.375 75.375 2.4066
32.375 75.625 1.8871
32.375 75.875 0.95228
32.375 76.125 5.8723
32.375 76.375 16.648
32.375 76.625 24.342
32.375 76.875 28.955
32.375 77.125 29.524
32.375 77.375 26.048
32.375 77.625 22.13
32.375 77.875 17.77
32.375 78.125 12.073
32.375 78.375 5.0376
32.625 74.875 1.7101
32.625 75.125 2.795
32.625 75.375 5.6387
32.625 75.625 5.7174
32.625 75.875 3.0308
32.625 76.125 7.212
32.625 76.375 18.261
32.625 76.625 25.92
32.625 76.875 30.19
32.625 77.125 28.607
32.625 77.375 21.17
32.625 77.625 15.294
32.625 77.875 10.98
32.625 78.125 7.1305
32.625 78.375 3.7465
32.625 78.625 2.1233
32.625 78.875 2.2609
32.625 79.125 2.0884
32.625 79.375 1.6057
32.875 74.375 2.0356
32.875 74.625 1.4306
32.875 74.875 1.4757
32.875 75.125 5.1407
32.875 75.375 12.425
32.875 75.625 13.066
32.875 75.875 7.0628
32.875 76.125 6.4752
32.875 76.375 11.304
32.875 76.625 14.316
32.875 76.875 15.512
32.875 77.125 13.735
32.875 77.375 8.9844
32.875 77.625 6.1076
32.875 77.875 5.1043
32.875 78.125 4.1455
32.875 78.375 3.2311
32.875 78.625 2.5143
32.875 78.875 1.9952
32.875 79.125 1.8212
32.875 79.375 1.9923
33.125 73.875 4.4112
33.125 74.125 5.4254
33.125 74.375 9.7762
33.125 74.625 11.276
33.125 74.875 9.9258
33.125 75.125 11.123
33.125 75.375 14.868
33.125 75.625 14.059
33.125 75.875 8.6954
33.125 76.125 6.678
33.125 76.375 8.0066
33.125 76.625 8.0776
33.125 76.875 6.8909
33.125 77.125 5.0199
33.125 77.375 2.4644
33.125 77.625 1.5132
33.125 77.875 2.1663
33.125 78.125 2.7105
33.125 78.375 3.1459
33.125 78.625 2.9176
33.125 78.875 2.0258
33.125 79.125 1.7469
33.375 73.875 4.5467
33.375 74.125 11.497
33.375 74.375 26.734
33.375 74.625 31.921
33.375 74.875 27.061
33.375 75.125 20.742
33.375 75.375 12.966
33.375 75.625 8.6954
33.375 75.875 7.9288
33.375 76.125 7.8203
33.375 76.375 8.37
33.375 76.625 7.2055
33.375 76.875 4.3267
33.375 77.125 2.4615
33.375 77.375 1.6097
33.375 77.625 1.5111
33.375 77.875 2.1656
33.375 78.125 2.8255
33.375 78.375 3.491
33.375 78.625 3.3334
33.375 78.875 2.3527
33.625 73.875 7.8505
33.625 74.125 15.555
33.625 74.375 31.097
33.625 74.625 35.501
33.625 74.875 28.765
33.625 75.125 20.614
33.625 75.375 11.047
33.625 75.625 7.0847
33.625 75.875 8.7255
33.625 76.125 9.2826
33.625 76.375 8.7554
33.625 76.625 6.7155
33.625 76.875 3.1626
33.625 77.125 1.3159
33.625 77.375 1.1754
33.625 77.625 1.3662
33.625 77.875 1.8882
33.625 78.125 2.4812
33.625 78.375 3.1452
33.625 78.625 3.0421
33.625 78.875 2.1721
33.875 73.875 14.323
33.875 74.125 17.6
33.875 74.375 22.868
33.875 74.625 22.014
33.875 74.875 15.04
33.875 75.125 10.739
33.875 75.375 9.1107
33.875 75.625 9.2265
33.875 75.875 11.086
33.875 76.125 11.065
33.875 76.375 9.1632
33.875 76.625 6.6077
33.875 76.875 3.3985
33.875 77.125 1.5831
33.875 77.375 1.1616
33.875 77.625 1.0786
33.875 77.875 1.3341
33.875 78.125 1.6774
33.875 78.375 2.1084
33.875 78.625 2.044
33.875 78.875 1.4841
34.125 73.625 14.963
34.125 73.875 16.256
34.125 74.125 16.475
34.125 74.375 15.619
34.125 74.625 12.52
34.125 74.875 7.1756
34.125 75.125 5.6791
34.125 75.375 8.0299
34.125 75.625 9.5804
34.125 75.875 10.33
34.125 76.125 9.6674
34.125 76.375 7.5917
34.125 76.625 5.6609
34.125 76.875 3.875
34.125 77.125 2.6661
34.125 77.375 2.0342
34.125 77.625 1.8423
34.125 77.875 2.0905
34.125 78.125 2.1448
34.125 78.375 2.0051
34.125 78.625 1.6588
34.125 78.875 1.1063
34.125 79.125 0.88348
34.125 79.375 0.99051
34.375 73.625 13.76
34.375 73.875 13.649
34.375 74.125 12.18
34.375 74.375 9.3513
34.375 74.625 7.0154
34.375 74.875 5.172
34.375 75.125 5.4352
34.375 75.375 7.8049
34.375 75.625 8.1461
34.375 75.875 6.4585
34.375 76.125 5.0901
34.375 76.375 4.041
34.375 76.625 3.8751
34.375 76.875 4.5921
34.375 77.125 4.5649
34.375 77.375 3.7931
34.375 77.625 3.6573
34.375 77.875 4.1575
34.375 78.125 3.8834
34.375 78.375 2.835
34.375 78.625 1.8867
34.375 78.875 1.0386
34.375 79.125 0.71385
34.375 79.375 0.91261
34.625 73.875 21.462
34.625 74.125 18.618
34.625 74.375 12.694
34.625 74.625 9.2174
34.625 74.875 8.1872
34.625 75.125 8.2312
34.625 75.375 9.3495
34.625 75.625 8.3976
34.625 75.875 5.3755
34.625 76.125 3.4335
34.625 76.375 2.5715
34.625 76.625 3.0505
34.625 76.875 4.8707
34.625 77.125 5.453
34.625 77.375 4.7978
34.625 77.625 4.6347
34.625 77.875 4.9638
34.625 78.125 4.479
34.625 78.375 3.1801
34.625 78.625 2.0829
34.625 78.875 1.1874
34.625 79.125 0.77683
34.625 79.375 0.85108
34.625 79.625 1.103
34.875 74.125 35.788
34.875 74.375 25.647
34.875 74.625 19.125
34.875 74.875 16.221
34.875 75.125 14.067
34.875 75.375 12.664
34.875 75.625 10.335
34.875 75.875 7.0814
34.875 76.125 4.6974
34.875 76.375 3.183
34.875 76.625 3.1873
34.875 76.875 4.7105
34.875 77.125 5.3308
34.875 77.375 5.0482
34.875 77.625 4.7745
34.875 77.875 4.5095
34.875 78.125 3.9314
34.875 78.375 3.0403
34.875 78.625 2.2475
34.875 78.875 1.5529
34.875 79.125 1.0724
34.875 79.375 0.80595
34.875 79.625 0.69091
34.875 79.875 0.72732
35.125 74.375 24.914
35.125 74.625 19.092
35.125 74.875 16.492
35.125 75.125 13.963
35.125 75.375 11.504
35.125 75.625 9.061
35.125 75.875 6.6343
35.125 76.125 5.0712
35.125 76.375 4.3716
35.125 76.625 4.8687
35.125 76.875 6.563
35.125 77.125 7.1363
35.125 77.375 6.5888
35.125 77.625 5.717
35.125 77.875 4.5208
35.125 78.125 3.61
35.125 78.375 2.9847
35.125 78.625 2.4025
35.125 78.875 1.8638
35.125 79.125 1.4157
35.125 79.375 1.0582
35.125 79.625 0.84235
35.125 79.875 0.76809
35.375 73.875 14.301
35.375 74.125 13.134
35.375 74.375 10.494
35.375 74.625 9.1159
35.375 74.875 9.0008
35.375 75.125 7.9189
35.375 75.375 5.8702
35.375 75.625 4.5753
35.375 75.875 4.0344
35.375 76.125 4.5551
35.375 76.375 6.137
35.375 76.625 8.0948
35.375 76.875 10.428
35.375 77.125 10.87
35.375 77.375 9.4195
35.375 77.625 7.4621
35.375 77.875 4.9977
35.375 78.125 3.5147
35.375 78.375 3.013
35.375 78.625 2.5481
35.375 78.875 2.1201
35.375 79.125 1.8066
35.375 79.375 1.6079
35.375 79.625 1.5573
35.375 79.875 1.6548
NaN NaN NaN
35.625 73.375 8.3157
35.625 73.625 5.7879
35.625 73.875 4.4717
35.625 74.125 3.6813
35.625 74.375 3.4171
35.625 74.625 4.7494
35.625 74.875 7.6782
35.625 75.125 8.7923
35.625 75.375 8.0911
35.625 75.625 7.4537
35.625 75.875 6.88
35.625 76.125 7.4119
35.625 76.375 9.0492
35.625 76.625 10.663
35.625 76.875 12.252
35.625 77.125 12.166
35.625 78.375 3.3403
35.625 78.625 3.4426
35.625 78.875 3.9296
35.625 79.125 4.5579
35.625 79.375 5.3274
35.625 79.625 5.3079
35.625 79.875 4.499
35.625 80.125 4.2511
35.875 73.125 18.287
35.875 73.375 13.831
35.875 73.625 10.343
35.875 73.875 7.8206
35.875 74.125 5.6013
35.875 74.375 3.6842
35.875 74.625 5.9922
35.875 74.875 12.525
35.875 75.125 16.583
35.875 75.375 18.166
35.875 75.625 17.696
35.875 75.875 15.171
35.875 76.125 13.642
35.875 76.375 13.108
35.875 76.625 12.572
35.875 79.375 12.217
36.125 72.625 14.255
36.125 72.875 0
36.125 73.125 0
36.125 73.375 14.355
36.125 73.625 12.015
36.125 73.875 10.553
36.125 74.125 8.6033
36.125 74.375 6.1643
36.125 74.625 7.7303
36.125 74.875 13.301
36.125 75.125 17.401
36.125 75.375 20.03
36.125 75.625 19.814
36.125 75.875 16.753
36.125 76.125 14.635
36.125 76.375 13.46
36.125 76.625 12.429
36.375 73.125 9.9199
36.375 73.375 9.8873
36.375 73.625 10.804
36.375 73.875 12.67
36.375 74.125 12.688
36.375 74.375 10.857
36.375 74.625 9.9641
36.375 74.875 10.008
36.375 75.125 11.247
36.375 75.375 13.682
36.375 75.625 13.809
36.375 75.875 11.625
36.375 76.125 10.391
36.625 73.375 10.154
36.625 73.625 12.328
36.625 73.875 14.928
36.625 74.125 15.41
36.625 74.375 13.772
36.625 74.625 11.507
36.625 74.875 8.6157
36.625 75.125 8.2582
36.625 75.375 10.435
36.625 75.625 10.744
36.875 73.875 17.328
36.875 74.375 14.909
36.875 74.625 12.361
36.875 74.875 9.1254
36.875 75.125 8.4344
36.875 75.375 10.288
