8.125 77.375 184.02
8.375 77.125 204.37
8.375 77.375 209.17
8.375 77.625 194.39
8.375 77.875 160.02
8.625 76.875 201.21
8.625 77.125 208.25
8.625 77.375 208.66
8.625 77.625 189.43
8.625 77.875 150.54
8.875 76.875 192.9
8.875 77.125 198.31
8.875 77.375 182.48
8.875 77.625 160.1
8.875 77.875 131.17
9.125 76.625 158.25
9.125 76.875 207.25
9.125 77.125 213.11
9.125 77.375 175.82
9.125 77.625 144.25
9.125 77.875 118.4
9.125 78.125 120.3
NaN NaN NaN
9.375 76.625 163.47
9.375 76.875 244.24
9.375 77.125 252.64
9.375 77.375 188.67
9.375 77.625 141.86
9.375 77.875 112.23
9.375 78.125 107.97
9.375 78.375 129.09
9.375 78.625 133.12
NaN NaN NaN
9.625 76.375 148.07
9.625 76.625 176.91
9.625 76.875 289.97
9.625 77.125 306.02
9.625 77.375 225.06
9.625 77.625 162.47
9.625 77.875 118.26
9.625 78.125 104.55
9.625 78.375 121.33
9.625 78.625 122.53
9.875 76.625 198.56
9.875 76.875 344.44
9.875 77.125 373.25
9.875 77.375 285
9.875 77.625 206.07
9.875 77.875 136.48
9.875 78.125 110.02
9.875 78.375 126.7
9.875 78.625 123.08
9.875 78.875 99.158
10.125 76.375 145.7
10.125 76.625 197.99
10.125 76.875 338.66
10.125 77.125 373.37
10.125 77.375 302.12
10.125 77.625 229.43
10.125 77.875 155.3
10.125 78.125 122.05
10.125 78.375 129.7
10.125 78.625 121.53
10.125 78.875 97.548
10.125 79.125 90.33
10.375 76.375 138.84
10.375 76.625 175.19
10.375 76.875 272.64
10.375 77.125 306.4
10.375 77.375 276.44
10.375 77.625 232.55
10.375 77.875 174.72
10.375 78.125 140.64
10.375 78.375 130.34
10.375 78.625 117.89
10.375 78.875 103.31
10.375 79.125 95.295
NaN NaN NaN
NaN NaN NaN
10.625 76.125 157.02
10.625 76.375 177.09
10.625 76.625 199.16
10.625 76.875 223.21
10.625 77.125 228.51
10.625 77.375 215.07
10.625 77.625 191.99
10.625 77.875 159.27
10.625 78.125 136.09
10.625 78.375 122.45
10.625 78.625 111.03
10.625 78.875 101.84
10.625 79.125 95.249
10.625 79.375 91.273
10.625 79.625 96.68
10.875 76.125 162.04
10.875 76.375 260.46
10.875 76.625 269.9
10.875 76.875 190.36
10.875 77.125 139.73
10.875 77.375 118.01
10.875 77.625 107.76
10.875 77.875 108.95
10.875 78.125 108.38
10.875 78.375 106.05
10.875 78.625 100.96
10.875 78.875 93.125
10.875 79.125 90.19
10.875 79.375 92.152
10.875 79.625 102.79
11.125 76.125 198.71
11.125 76.375 343.91
11.125 76.625 350.84
11.125 76.875 219.53
11.125 77.125 132.15
11.125 77.375 88.706
11.125 77.625 74.201
11.125 77.875 88.628
11.125 78.125 101.91
11.125 78.375 114.04
11.125 78.625 111.5
11.125 78.875 94.284
11.125 79.125 86.725
11.125 79.375 88.823
11.125 79.625 101.3
11.375 75.875 176.98
11.375 76.125 267.03
11.375 76.375 427.41
11.375 76.625 441.99
11.375 76.875 310.72
11.375 77.125 205.77
11.375 77.375 127.15
11.375 77.625 91.324
11.375 77.875 98.29
11.375 78.125 116.66
11.375 78.375 146.44
11.375 78.625 142.66
11.375 78.875 105.31
11.375 79.125 84.856
11.375 79.375 81.282
11.375 79.625 92.209
11.625 75.875 194.41
11.625 76.125 272.77
11.625 76.375 388.38
11.625 76.625 398.14
11.625 76.875 302.05
11.625 77.125 218.49
11.625 77.375 147.47
11.625 77.625 108.47
11.625 77.875 101.49
11.625 78.125 115.17
11.625 78.375 149.49
11.625 78.625 146.59
11.625 78.875 106.48
11.625 79.125 83.461
11.625 79.375 77.537
NaN NaN NaN
NaN NaN NaN
11.875 75.875 187.41
11.875 76.125 215.95
11.875 76.375 226.8
11.875 76.625 219.32
11.875 76.875 193.52
11.875 77.125 170.3
11.875 77.375 149.65
11.875 77.625 125.63
11.875 77.875 98.241
11.875 78.125 97.422
11.875 78.375 123.18
11.875 78.625 123.29
11.875 78.875 97.775
11.875 79.125 82.54
11.875 79.375 77.587
11.875 79.625 88.925
12.125 75.375 141.15
12.125 75.625 158.92
12.125 75.875 187.61
12.125 76.125 182.5
12.125 76.375 143.61
12.125 76.625 126.63
12.125 76.875 131.56
12.125 77.125 136.88
12.125 77.375 142.57
12.125 77.625 130.35
12.125 77.875 100.2
12.125 78.125 90.881
12.125 78.375 102.39
12.125 78.625 103.81
12.125 78.875 95.149
12.125 79.125 88.001
12.125 79.375 82.367
12.125 79.625 89.884
12.375 75.125 131.97
12.375 75.375 185.49
12.375 75.625 206.49
12.375 75.875 194.98
12.375 76.125 172.42
12.375 76.375 138.82
12.375 76.625 120.06
12.375 76.875 116.17
12.375 77.125 118.23
12.375 77.375 126.23
12.375 77.625 122.61
12.375 77.875 107.37
12.375 78.125 95.546
12.375 78.375 87.127
12.375 78.625 88.145
12.375 78.875 98.599
12.375 79.125 99.842
12.375 79.375 91.878
12.375 79.625 90.964
12.375 79.875 97.103
12.625 75.125 124.4
12.625 75.375 192.33
12.625 75.625 212.39
12.625 75.875 184.59
12.625 76.125 158.38
12.625 76.375 133.76
12.625 76.625 118.65
12.625 76.875 113.04
12.625 77.125 112.43
12.625 77.375 116.81
12.625 77.625 115.17
12.625 77.875 107.5
12.625 78.125 96.053
12.625 78.375 80.837
12.625 78.625 80.586
12.625 78.875 95.298
12.625 79.125 99.323
12.625 79.375 92.66
12.625 79.625 89.224
12.625 79.875 89.013
12.875 75.125 111.6
12.875 75.375 161.68
12.875 75.625 176.62
12.875 75.875 156.42
12.875 76.125 140.36
12.875 76.375 128.44
12.875 76.625 122.38
12.875 76.875 122.18
12.875 77.125 119.5
12.875 77.375 114.33
12.875 77.625 108.02
12.875 77.875 100.57
12.875 78.125 92.401
12.875 78.375 83.519
12.875 78.625 81.133
12.875 78.875 85.245
12.875 79.125 86.439
12.875 79.375 84.715
12.875 79.625 84.662
12.875 79.875 86.279
NaN NaN NaN
13.125 75.125 120.75
13.125 75.375 161.37
13.125 75.625 169.89
13.125 75.875 146.33
13.125 76.125 129.75
13.125 76.375 120.16
13.125 76.625 117.25
13.125 76.875 121
13.125 77.125 117.7
13.125 77.375 107.35
13.125 77.625 99.098
13.125 77.875 92.946
13.125 78.125 88.711
13.125 78.375 86.394
13.125 78.625 85.161
13.125 78.875 85.012
13.125 79.125 84.974
13.125 79.375 85.047
13.125 79.625 85.173
13.125 79.875 85.352
13.125 80.125 97.207
NaN NaN NaN
13.375 75.125 151.87
13.375 75.375 191.39
13.375 75.625 192.2
13.375 75.875 154.31
13.375 76.125 126.55
13.375 76.375 108.93
13.375 76.625 103.25
13.375 76.875 109.5
13.375 77.125 107.04
13.375 77.375 95.863
13.375 77.625 88.391
13.375 77.875 84.624
13.375 78.125 84.982
13.375 78.375 89.463
13.375 78.625 92.668
13.375 78.875 94.599
13.375 79.125 94.928
13.375 79.375 93.656
13.375 79.625 90.758
13.375 79.875 86.233
13.375 80.125 98.824
13.625 74.875 136.75
13.625 75.125 160.83
13.625 75.375 178.47
13.625 75.625 171.75
13.625 75.875 140.67
13.625 76.125 117.79
13.625 76.375 103.12
13.625 76.625 97.093
13.625 76.875 99.709
13.625 77.125 96.235
13.625 77.375 86.669
13.625 77.625 82.327
13.625 77.875 83.208
13.625 78.125 85.427
13.625 78.375 88.986
13.625 78.625 93.211
13.625 78.875 98.103
13.625 79.125 99.687
13.625 79.375 97.962
13.625 79.625 94.021
13.625 79.875 87.863
13.625 80.125 101.5
13.875 74.875 142.48
13.875 75.125 147.65
13.875 75.375 122.61
13.875 75.625 108.53
13.875 75.875 105.4
13.875 76.125 103.47
13.875 76.375 102.72
13.875 76.625 98.774
13.875 76.875 91.626
13.875 77.125 85.292
13.875 77.375 79.769
13.875 77.625 80.904
13.875 77.875 88.695
13.875 78.125 90.049
13.875 78.375 84.964
13.875 78.625 86.789
13.875 78.875 95.523
13.875 79.125 99.25
13.875 79.375 97.969
13.875 79.625 94.966
13.875 79.875 90.241
14.125 74.625 98.144
14.125 74.875 134.12
14.125 75.125 131.37
14.125 75.375 89.879
14.125 75.625 74.732
14.125 75.875 85.927
14.125 76.125 95.047
14.125 76.375 102.09
14.125 76.625 98.81
14.125 76.875 85.201
14.125 77.125 77.315
14.125 77.375 75.149
14.125 77.625 78.129
14.125 77.875 86.252
14.125 78.125 85.505
14.125 78.375 75.886
14.125 78.625 76.312
14.125 78.875 86.781
14.125 79.125 92.295
14.125 79.375 92.851
14.125 79.625 92.537
14.125 79.875 91.354
14.375 74.625 79.369
14.375 74.875 111.67
14.375 75.125 111.97
14.375 75.375 80.269
14.375 75.625 70.358
14.375 75.875 82.24
14.375 76.125 92.531
14.375 76.375 101.23
14.375 76.625 97.2
14.375 76.875 80.434
14.375 77.125 72.304
14.375 77.375 72.809
14.375 77.625 74.001
14.375 77.875 75.878
14.375 78.125 71.795
14.375 78.375 61.753
14.375 78.625 61.78
14.375 78.875 71.877
14.375 79.125 78.82
14.375 79.375 82.608
14.375 79.625 86.736
14.375 79.875 91.201
NaN NaN NaN
14.625 74.625 79.205
14.625 74.875 95.734
14.625 75.125 94.4
14.625 75.375 75.205
14.625 75.625 69.337
14.625 75.875 76.795
14.625 76.125 85.453
14.625 76.375 95.309
14.625 76.625 91.898
14.625 76.875 75.219
14.625 77.125 67.729
14.625 77.375 69.428
14.625 77.625 69.432
14.625 77.875 67.741
14.625 78.125 61.903
14.625 78.375 51.917
14.625 78.625 53.467
14.625 78.875 66.554
14.625 79.125 75.035
14.625 79.375 78.91
14.625 79.625 83.991
14.625 79.875 90.276
14.875 74.375 90.828
14.875 74.625 97.65
14.875 74.875 86.302
14.875 75.125 78.647
14.875 75.375 74.685
14.875 75.625 71.667
14.875 75.875 69.593
14.875 76.125 73.811
14.875 76.375 84.323
14.875 76.625 82.904
14.875 76.875 69.556
14.875 77.125 63.589
14.875 77.375 65.006
14.875 77.625 64.424
14.875 77.875 61.844
14.875 78.125 55.828
14.875 78.375 46.378
14.875 78.625 51.373
14.875 78.875 70.812
14.875 79.125 80.94
14.875 79.375 81.756
14.875 79.625 84.304
14.875 79.875 88.584
15.125 74.125 63.28
15.125 74.375 100.22
15.125 74.625 105.76
15.125 74.875 79.895
15.125 75.125 70.385
15.125 75.375 77.233
15.125 75.625 75.955
15.125 75.875 66.552
15.125 76.125 64.762
15.125 76.375 70.585
15.125 76.625 68.9
15.125 76.875 59.708
15.125 77.125 58.052
15.125 77.375 63.93
15.125 77.625 64.955
15.125 77.875 61.125
15.125 78.125 53.806
15.125 78.375 42.995
15.125 78.625 48.482
15.125 78.875 70.265
15.125 79.125 80.318
15.125 79.375 78.643
15.125 79.625 79.604
15.125 79.875 83.203
15.375 73.875 46.733
15.375 74.125 60.776
15.375 74.375 98.296
15.375 74.625 103.54
15.375 74.875 76.512
15.375 75.125 69.615
15.375 75.375 82.849
15.375 75.625 82.202
15.375 75.875 67.673
15.375 76.125 58.304
15.375 76.375 54.094
15.375 76.625 49.886
15.375 76.875 45.679
15.375 77.125 51.117
15.375 77.375 66.2
15.375 77.625 71.024
15.375 77.875 65.587
15.375 78.125 55.835
15.375 78.375 41.769
15.375 78.625 44.795
15.375 78.875 64.912
15.375 79.125 73.17
15.375 79.375 69.569
15.375 79.625 69.891
15.375 79.875 74.134
15.625 73.875 57.533
15.625 74.125 71.657
15.625 74.375 98.349
15.625 74.625 98.47
15.625 74.875 72.02
15.625 75.125 65.212
15.625 75.375 78.045
15.625 75.625 77.964
15.625 75.875 64.967
15.625 76.125 54.698
15.625 76.375 47.154
15.625 76.625 42.223
15.625 76.875 39.902
15.625 77.125 45.95
15.625 77.375 60.365
15.625 77.625 64.326
15.625 77.875 57.833
15.625 78.125 49.053
15.625 78.375 37.986
15.625 78.625 42.91
15.625 78.875 63.824
15.625 79.125 70.923
15.625 79.375 64.207
15.625 79.625 63.592
15.625 79.875 69.077
15.625 80.125 83.074
15.875 73.875 83.079
15.875 74.125 95.923
15.875 74.375 100.38
15.875 74.625 90.547
15.875 74.875 66.419
15.875 75.125 57.177
15.875 75.375 62.821
15.875 75.625 63.24
15.875 75.875 58.435
15.875 76.125 53.943
15.875 76.375 49.764
15.875 76.625 45.91
15.875 76.875 42.38
15.875 77.125 42.551
15.875 77.375 46.425
15.875 77.625 44.862
15.875 77.875 37.863
15.875 78.125 33.458
15.875 78.375 31.647
15.875 78.625 42.827
15.875 78.875 67
15.875 79.125 73.575
15.875 79.375 62.553
15.875 79.625 60.705
15.875 79.875 68.03
15.875 80.125 77.107
15.875 80.375 87.937
NaN NaN NaN
15.875 80.875 105.86
16.125 73.625 58.101
16.125 73.875 87.579
16.125 74.125 97.377
16.125 74.375 87.494
16.125 74.625 74.444
16.125 74.875 58.225
16.125 75.125 51.475
16.125 75.375 54.192
16.125 75.625 55.187
16.125 75.875 54.459
16.125 76.125 52.887
16.125 76.375 50.469
16.125 76.625 47.319
16.125 76.875 43.434
16.125 77.125 40.826
16.125 77.375 39.497
16.125 77.625 35.418
16.125 77.875 28.589
16.125 78.125 26.711
16.125 78.375 29.785
16.125 78.625 41.688
16.125 78.875 62.421
16.125 79.125 67.647
16.125 79.375 57.368
16.125 79.625 56.138
16.125 79.875 63.955
16.125 80.125 69.876
16.125 80.375 73.9
16.125 80.625 80.377
16.125 80.875 89.305
16.375 73.625 44.735
16.375 73.875 71.034
16.375 74.125 76.017
16.375 74.375 59.684
16.375 74.625 50.158
16.375 74.875 47.439
16.375 75.125 48.106
16.375 75.375 52.159
16.375 75.625 53.804
16.375 75.875 53.041
16.375 76.125 51.529
16.375 76.375 49.27
16.375 76.625 46.448
16.375 76.875 43.064
16.375 77.125 40.776
16.375 77.375 39.583
16.375 77.625 35.994
16.375 77.875 30.01
16.375 78.125 28.813
16.375 78.375 32.401
16.375 78.625 39.493
16.375 78.875 50.087
16.375 79.125 53.139
16.375 79.375 48.651
16.375 79.625 49.89
16.375 79.875 56.854
16.375 80.125 61.381
16.375 80.375 63.472
16.375 80.625 68.43
16.375 80.875 76.256
16.375 81.125 81.248
NaN NaN NaN
NaN NaN NaN
16.625 73.625 37.817
16.625 73.875 61.122
16.625 74.125 63.181
16.625 74.375 43.997
16.625 74.625 38.584
16.625 74.875 46.944
16.625 75.125 52.434
16.625 75.375 55.053
16.625 75.625 55.4
16.625 75.875 53.476
16.625 76.125 51.025
16.625 76.375 48.048
16.625 76.625 44.803
16.625 76.875 41.287
16.625 77.125 39.466
16.625 77.375 39.336
16.625 77.625 36.908
16.625 77.875 32.179
16.625 78.125 31.566
16.625 78.375 35.069
16.625 78.625 38.247
16.625 78.875 41.102
16.625 79.125 42.237
16.625 79.375 41.653
16.625 79.625 44.106
16.625 79.875 49.596
16.625 80.125 53.3
16.625 80.375 55.219
16.625 80.625 60.594
16.625 80.875 69.425
16.625 81.125 73.556
16.625 81.375 72.987
16.625 81.625 74.679
16.625 81.875 78.629
16.625 82.125 93.292
16.875 73.375 28.575
16.875 73.625 37.346
16.875 73.875 57.841
16.875 74.125 58.869
16.875 74.375 40.431
16.875 74.625 39.722
16.875 74.875 56.742
16.875 75.125 64.459
16.875 75.375 62.874
16.875 75.625 59.976
16.875 75.875 55.764
16.875 76.125 51.374
16.875 76.375 46.806
16.875 76.625 42.383
16.875 76.875 38.105
16.875 77.125 36.896
16.875 77.375 38.758
16.875 77.625 38.158
16.875 77.875 35.096
16.875 78.125 34.973
16.875 78.375 37.786
16.875 78.625 37.951
16.875 78.875 35.466
16.875 79.125 34.941
16.875 79.375 36.375
16.875 79.625 38.789
16.875 79.875 42.181
16.875 80.125 45.632
16.875 80.375 49.141
16.875 80.625 56.867
16.875 80.875 68.809
16.875 81.125 74.083
16.875 81.375 72.688
16.875 81.625 72.376
16.875 81.875 73.147
16.875 82.125 82.547
17.125 73.375 27.756
17.125 73.625 36.739
17.125 73.875 56.109
17.125 74.125 57.833
17.125 74.375 41.911
17.125 74.625 42.729
17.125 74.875 60.286
17.125 75.125 66.042
17.125 75.375 59.994
17.125 75.625 55.245
17.125 75.875 51.795
17.125 76.125 48.166
17.125 76.375 44.36
17.125 76.625 39.901
17.125 76.875 34.789
17.125 77.125 32.999
17.125 77.375 34.531
17.125 77.625 34.559
17.125 77.875 33.083
17.125 78.125 33.662
17.125 78.375 36.296
17.125 78.625 35.645
17.125 78.875 31.711
17.125 79.125 30.819
17.125 79.375 32.97
17.125 79.625 35.3
17.125 79.875 37.807
17.125 80.125 40.943
17.125 80.375 44.706
17.125 80.625 51.923
17.125 80.875 62.593
17.125 81.125 68.784
17.125 81.375 70.497
17.125 81.625 71.643
17.125 81.875 72.225
17.125 82.125 76.654
17.125 82.375 84.931
17.375 73.375 26.23
17.375 73.625 35.994
17.375 73.875 55.924
17.375 74.125 60.071
17.375 74.375 48.435
17.375 74.625 47.604
17.375 74.875 57.578
17.375 75.125 57.181
17.375 75.375 46.414
17.375 75.625 41.209
17.375 75.875 41.566
17.375 76.125 41.401
17.375 76.375 40.711
17.375 76.625 37.358
17.375 76.875 31.342
17.375 77.125 27.775
17.375 77.375 26.657
17.375 77.625 26.112
17.375 77.875 26.14
17.375 78.125 27.635
17.375 78.375 30.596
17.375 78.625 31.329
17.375 78.875 29.835
17.375 79.125 29.872
17.375 79.375 31.439
17.375 79.625 33.64
17.375 79.875 36.473
17.375 80.125 39.231
17.375 80.375 41.912
17.375 80.625 45.76
17.375 80.875 50.775
17.375 81.125 57.66
17.375 81.375 66.413
17.375 81.625 72.48
17.375 81.875 75.86
17.375 82.125 75.612
17.375 82.375 71.738
NaN NaN NaN
17.625 73.375 26.155
17.625 73.625 36.345
17.625 73.875 54.948
17.625 74.125 59.443
17.625 74.375 49.829
17.625 74.625 47.034
17.625 74.875 51.057
17.625 75.125 47.86
17.625 75.375 37.442
17.625 75.625 33.172
17.625 75.875 35.05
17.625 76.125 36.478
17.625 76.375 37.457
17.625 76.625 34.992
17.625 76.875 29.081
17.625 77.125 25.113
17.625 77.375 23.089
17.625 77.625 21.972
17.625 77.875 21.76
17.625 78.125 23.421
17.625 78.375 26.953
17.625 78.625 28.749
17.625 78.875 28.809
17.625 79.125 29.025
17.625 79.375 29.396
17.625 79.625 31.119
17.625 79.875 34.194
17.625 80.125 36.63
17.625 80.375 38.427
17.625 80.625 39.843
17.625 80.875 40.877
17.625 81.125 46.509
17.625 81.375 56.74
17.625 81.625 65.202
17.625 81.875 71.892
17.625 82.125 73.217
17.625 82.375 69.176
17.625 82.625 66.602
17.625 82.875 65.498
17.625 83.125 73.099
17.875 73.375 27.532
17.875 73.625 37.793
17.875 73.875 53.181
17.875 74.125 55.948
17.875 74.375 46.093
17.875 74.625 41.019
17.875 74.875 40.723
17.875 75.125 38.077
17.875 75.375 33.08
17.875 75.625 31.136
17.875 75.875 32.243
17.875 76.125 33.398
17.875 76.375 34.6
17.875 76.625 32.802
17.875 76.875 28.005
17.875 77.125 25.014
17.875 77.375 23.829
17.875 77.625 22.139
17.875 77.875 19.945
17.875 78.125 21.02
17.875 78.375 25.366
17.875 78.625 27.903
17.875 78.875 28.632
17.875 79.125 28.278
17.875 79.375 26.841
17.875 79.625 27.737
17.875 79.875 30.967
17.875 80.125 33.139
17.875 80.375 34.25
17.875 80.625 34.17
17.875 80.875 32.897
17.875 81.125 35.333
17.875 81.375 41.477
17.875 81.625 49.806
17.875 81.875 60.321
17.875 82.125 69.467
17.875 82.375 77.244
17.875 82.625 78.242
17.875 82.875 72.459
17.875 83.125 71.938
17.875 83.375 76.68
NaN NaN NaN
18.125 73.375 28.857
18.125 73.625 37.743
18.125 73.875 47.352
18.125 74.125 47.713
18.125 74.375 38.826
18.125 74.625 34.109
18.125 74.875 33.563
18.125 75.125 32.325
18.125 75.375 30.394
18.125 75.625 29.906
18.125 75.875 30.86
18.125 76.125 31.556
18.125 76.375 31.995
18.125 76.625 30.309
18.125 76.875 26.496
18.125 77.125 23.962
18.125 77.375 22.707
18.125 77.625 21.13
18.125 77.875 19.234
18.125 78.125 20.529
18.125 78.375 25.015
18.125 78.625 27.187
18.125 78.875 27.046
18.125 79.125 25.937
18.125 79.375 23.861
18.125 79.625 24.052
18.125 79.875 26.51
18.125 80.125 28.227
18.125 80.375 29.2
18.125 80.625 29.826
18.125 80.875 30.104
18.125 81.125 31.787
18.125 81.375 34.875
18.125 81.625 40.182
18.125 81.875 47.706
18.125 82.125 58.365
18.125 82.375 72.162
18.125 82.625 77.385
18.125 82.875 74.035
18.125 83.125 69.76
18.125 83.375 64.56
18.125 83.625 70.21
18.375 73.125 19.261
18.375 73.375 30.128
18.375 73.625 36.196
18.375 73.875 37.463
18.375 74.125 34.74
18.375 74.375 28.027
18.375 74.625 26.307
18.375 74.875 29.578
18.375 75.125 30.604
18.375 75.375 29.384
18.375 75.625 29.482
18.375 75.875 30.899
18.375 76.125 30.952
18.375 76.375 29.643
18.375 76.625 27.51
18.375 76.875 24.554
18.375 77.125 21.958
18.375 77.375 19.722
18.375 77.625 18.945
18.375 77.875 19.628
18.375 78.125 21.945
18.375 78.375 25.899
18.375 78.625 26.601
18.375 78.875 24.051
18.375 79.125 22.003
18.375 79.375 20.456
18.375 79.625 20.063
18.375 79.875 20.822
18.375 80.125 21.893
18.375 80.375 23.276
18.375 80.625 26.81
18.375 80.875 32.496
18.375 81.125 35.871
18.375 81.375 36.936
18.375 81.625 36.328
18.375 81.875 34.049
18.375 82.125 39.915
18.375 82.375 53.928
18.375 82.625 64.032
18.375 82.875 70.227
18.375 83.125 66.563
18.375 83.375 53.041
18.375 83.625 49.989
18.375 83.875 57.405
18.625 73.125 17.249
18.625 73.375 28.501
18.625 73.625 33.538
18.625 73.875 32.359
18.625 74.125 29.283
18.625 74.375 24.312
18.625 74.625 24.203
18.625 74.875 28.956
18.625 75.125 30.515
18.625 75.375 28.881
18.625 75.625 28.531
18.625 75.875 29.463
18.625 76.125 28.874
18.625 76.375 26.761
18.625 76.625 24.491
18.625 76.875 22.063
18.625 77.125 19.856
18.625 77.375 17.868
18.625 77.625 17.859
18.625 77.875 19.826
18.625 78.125 22.142
18.625 78.375 24.804
18.625 78.625 24.662
18.625 78.875 21.714
18.625 79.125 19.834
18.625 79.375 19.023
18.625 79.625 18.434
18.625 79.875 18.068
18.625 80.125 18.574
18.625 80.375 19.95
18.625 80.625 24.251
18.625 80.875 31.476
18.625 81.125 35.744
18.625 81.375 37.054
18.625 81.625 34.791
18.625 81.875 28.954
18.625 82.125 31.155
18.625 82.375 41.394
18.625 82.625 51.414
18.625 82.875 61.215
18.625 83.125 58.287
18.625 83.375 42.628
18.625 83.625 37.338
18.625 83.875 42.417
18.625 84.125 49.534
18.875 73.125 14.657
18.875 73.375 23.976
18.875 73.625 29.77
18.875 73.875 32.038
18.875 74.125 31.342
18.875 74.375 27.682
18.875 74.625 27.799
18.875 74.875 31.696
18.875 75.125 32.059
18.875 75.375 28.887
18.875 75.625 27.052
18.875 75.875 26.554
18.875 76.125 25.319
18.875 76.375 23.349
18.875 76.625 21.251
18.875 76.875 19.025
18.875 77.125 17.656
18.875 77.375 17.145
18.875 77.625 17.869
18.875 77.875 19.83
18.875 78.125 21.117
18.875 78.375 21.731
18.875 78.625 21.37
18.875 78.875 20.034
18.875 79.125 19.431
18.875 79.375 19.56
18.875 79.625 19.166
18.875 79.875 18.248
18.875 80.125 18.267
18.875 80.375 19.223
18.875 80.625 22.148
18.875 80.875 27.044
18.875 81.125 31.405
18.875 81.375 35.232
18.875 81.625 35.57
18.875 81.875 32.421
18.875 82.125 32.083
18.875 82.375 34.559
18.875 82.625 39.53
18.875 82.875 46.999
18.875 83.125 44.929
18.875 83.375 33.32
18.875 83.625 32.26
18.875 83.875 41.748
18.875 84.125 48.945
18.875 84.375 53.853
19.125 73.125 12.095
19.125 73.375 19.07
19.125 73.625 25.164
19.125 73.875 30.376
19.125 74.125 31.149
19.125 74.375 27.482
19.125 74.625 26.789
19.125 74.875 29.069
19.125 75.125 28.63
19.125 75.375 25.472
19.125 75.625 23.562
19.125 75.875 22.9
19.125 76.125 22.096
19.125 76.375 21.149
19.125 76.625 19.702
19.125 76.875 17.756
19.125 77.125 16.821
19.125 77.375 16.898
19.125 77.625 17.853
19.125 77.875 19.688
19.125 78.125 20.721
19.125 78.375 20.953
19.125 78.625 20.881
19.125 78.875 20.508
19.125 79.125 20.218
19.125 79.375 20.012
19.125 79.625 19.165
19.125 79.875 17.678
19.125 80.125 17.279
19.125 80.375 17.967
19.125 80.625 20.329
19.125 80.875 24.363
19.125 81.125 28.419
19.125 81.375 32.497
19.125 81.625 33.965
19.125 81.875 32.823
19.125 82.125 31.513
19.125 82.375 30.035
19.125 82.625 31.997
19.125 82.875 37.399
19.125 83.125 35.974
19.125 83.375 27.722
19.125 83.625 28.164
19.125 83.875 37.299
19.125 84.125 42.768
19.125 84.375 44.569
19.125 84.625 44.878
19.375 72.875 8.8414
19.375 73.125 9.5618
19.375 73.375 13.784
19.375 73.625 19.72
19.375 73.875 27.371
19.375 74.125 28.702
19.375 74.375 23.714
19.375 74.625 21.172
19.375 74.875 21.075
19.375 75.125 20.23
19.375 75.375 18.636
19.375 75.625 18.06
19.375 75.875 18.504
19.375 76.125 19.203
19.375 76.375 20.159
19.375 76.625 19.844
19.375 76.875 18.258
19.375 77.125 17.352
19.375 77.375 17.127
19.375 77.625 17.81
19.375 77.875 19.399
19.375 78.125 20.952
19.375 78.375 22.468
19.375 78.625 23.196
19.375 78.875 23.135
19.375 79.125 22.196
19.375 79.375 20.378
19.375 79.625 18.432
19.375 79.875 16.358
19.375 80.125 15.609
19.375 80.375 16.184
19.375 80.625 18.792
19.375 80.875 23.433
19.375 81.125 26.786
19.375 81.375 28.85
19.375 81.625 29.975
19.375 81.875 30.161
19.375 82.125 29.444
19.375 82.375 27.824
19.375 82.625 28.813
19.375 82.875 32.413
19.375 83.125 31.42
19.375 83.375 25.833
19.375 83.625 25.051
19.375 83.875 29.072
19.375 84.125 31.001
19.375 84.375 30.836
19.375 84.625 30.148
19.375 84.875 28.937
19.625 72.875 7.9535
19.625 73.125 8.8101
19.625 73.375 12.344
19.625 73.625 17.234
19.625 73.875 23.48
19.625 74.125 24.34
19.625 74.375 19.813
19.625 74.625 17.839
19.625 74.875 18.417
19.625 75.125 19.04
19.625 75.375 19.708
19.625 75.625 19.759
19.625 75.875 19.193
19.625 76.125 19.623
19.625 76.375 21.049
19.625 76.625 20.99
19.625 76.875 19.448
19.625 77.125 18.354
19.625 77.375 17.709
19.625 77.625 17.807
19.625 77.875 18.65
19.625 78.125 20.052
19.625 78.375 22.014
19.625 78.625 22.879
19.625 78.875 22.646
19.625 79.125 21.374
19.625 79.375 19.063
19.625 79.625 16.969
19.625 79.875 15.092
19.625 80.125 14.542
19.625 80.375 15.319
19.625 80.625 17.79
19.625 80.875 21.953
19.625 81.125 24.824
19.625 81.375 26.404
19.625 81.625 27.654
19.625 81.875 28.575
19.625 82.125 27.885
19.625 82.375 25.584
19.625 82.625 25.024
19.625 82.875 26.205
19.625 83.125 25.481
19.625 83.375 22.853
19.625 83.625 23.521
19.625 83.875 27.487
19.625 84.125 28.173
19.625 84.375 25.58
19.625 84.625 23.274
19.625 84.875 21.254
19.625 85.125 30.302
19.625 85.375 50.417
19.875 72.875 7.6368
19.875 73.125 9.8395
19.875 73.375 14.751
19.875 73.625 17.705
19.875 73.875 18.702
19.875 74.125 18.06
19.875 74.375 15.781
19.875 74.625 16.792
19.875 74.875 21.095
19.875 75.125 25.06
19.875 75.375 28.688
19.875 75.625 28.658
19.875 75.875 24.969
19.875 76.125 23.355
19.875 76.375 23.817
19.875 76.625 23.141
19.875 76.875 21.328
19.875 77.125 19.829
19.875 77.375 18.643
19.875 77.625 17.847
19.875 77.875 17.44
19.875 78.125 18.021
19.875 78.375 19.589
19.875 78.625 19.929
19.875 78.875 19.04
19.875 79.125 17.752
19.875 79.375 16.065
19.875 79.625 14.774
19.875 79.875 13.879
19.875 80.125 14.079
19.875 80.375 15.375
19.875 80.625 17.322
19.875 80.875 19.922
19.875 81.125 22.534
19.875 81.375 25.159
19.875 81.625 27.003
19.875 81.875 28.065
19.875 82.125 26.836
19.875 82.375 23.316
19.875 82.625 20.628
19.875 82.875 18.771
19.875 83.125 18.155
19.875 83.375 18.78
19.875 83.625 23.576
19.875 83.875 32.543
19.875 84.125 34.284
19.875 84.375 28.799
19.875 84.625 24.253
19.875 84.875 20.647
19.875 85.125 24.551
19.875 85.375 35.966
NaN NaN NaN
NaN NaN NaN
NaN NaN NaN
20.125 72.875 6.7658
20.125 73.125 9.3831
20.125 73.375 14.409
20.125 73.625 17.16
20.125 73.875 17.635
20.125 74.125 16.864
20.125 74.375 14.848
20.125 74.625 16.235
20.125 74.875 21.025
20.125 75.125 25.768
20.125 75.375 30.466
20.125 75.625 30.744
20.125 75.875 26.603
20.125 76.125 24.283
20.125 76.375 23.783
20.125 76.625 22.589
20.125 76.875 20.699
20.125 77.125 19.376
20.125 77.375 18.619
20.125 77.625 18.166
20.125 77.875 18.018
20.125 78.125 18.56
20.125 78.375 19.793
20.125 78.625 19.754
20.125 78.875 18.441
20.125 79.125 16.968
20.125 79.375 15.335
20.125 79.625 14.085
20.125 79.875 13.219
20.125 80.125 13.577
20.125 80.375 15.158
20.125 80.625 16.759
20.125 80.875 18.378
20.125 81.125 20.525
20.125 81.375 23.198
20.125 81.625 25.121
20.125 81.875 26.291
20.125 82.125 25.543
20.125 82.375 22.875
20.125 82.625 19.556
20.125 82.875 15.585
20.125 83.125 14.354
20.125 83.375 15.864
20.125 83.625 21.753
20.125 83.875 32.021
20.125 84.125 34.642
20.125 84.375 29.615
20.125 84.625 25.025
20.125 84.875 20.87
20.125 85.125 21.782
20.125 85.375 27.763
20.125 85.625 34.131
20.125 85.875 40.887
20.125 86.125 51.717
NaN NaN NaN
20.375 73.125 7.4406
20.375 73.375 11.32
20.375 73.625 15.599
20.375 73.875 20.279
20.375 74.125 20.751
20.375 74.375 17.015
20.375 74.625 16.167
20.375 74.875 18.207
20.375 75.125 21.164
20.375 75.375 25.04
20.375 75.625 26.017
20.375 75.875 24.095
20.375 76.125 22.406
20.375 76.375 20.948
20.375 76.625 19.334
20.375 76.875 17.562
20.375 77.125 16.997
20.375 77.375 17.638
20.375 77.625 18.766
20.375 77.875 20.382
20.375 78.125 21.669
20.375 78.375 22.625
20.375 78.625 22.352
20.375 78.875 20.849
20.375 79.125 19.022
20.375 79.375 16.872
20.375 79.625 14.902
20.375 79.875 13.113
20.375 80.125 13.035
20.375 80.375 14.669
20.375 80.625 16.098
20.375 80.875 17.323
20.375 81.125 18.798
20.375 81.375 20.522
20.375 81.625 22.007
20.375 81.875 23.254
20.375 82.125 24.005
20.375 82.375 24.261
20.375 82.625 21.809
20.375 82.875 16.647
20.375 83.125 14.079
20.375 83.375 14.104
20.375 83.625 18.051
20.375 83.875 25.92
20.375 84.125 29.245
20.375 84.375 28.028
20.375 84.625 25.587
20.375 84.875 21.923
20.375 85.125 21.996
20.375 85.375 25.807
20.375 85.625 30.922
20.375 85.875 37.34
20.375 86.125 45.276
20.375 86.375 54.728
NaN NaN NaN
20.625 73.125 5.5004
20.625 73.375 8.149
20.625 73.625 12.498
20.625 73.875 18.548
20.625 74.125 19.76
20.625 74.375 16.134
20.625 74.625 14.393
20.625 74.875 14.539
20.625 75.125 16.31
20.625 75.375 19.707
20.625 75.625 21.293
20.625 75.875 21.066
20.625 76.125 20.153
20.625 76.375 18.553
20.625 76.625 17.212
20.625 76.875 16.13
20.625 77.125 16.122
20.625 77.375 17.189
20.625 77.625 18.698
20.625 77.875 20.649
20.625 78.125 22.193
20.625 78.375 23.33
20.625 78.625 23.222
20.625 78.875 21.868
20.625 79.125 19.924
20.625 79.375 17.391
20.625 79.625 14.953
20.625 79.875 12.609
20.625 80.125 12.2
20.625 80.375 13.726
20.625 80.625 14.878
20.625 80.875 15.659
20.625 81.125 16.599
20.625 81.375 17.698
20.625 81.625 19.014
20.625 81.875 20.546
20.625 82.125 22.078
20.625 82.375 23.609
20.625 82.625 22.056
20.625 82.875 17.42
20.625 83.125 14.617
20.625 83.375 13.648
20.625 83.625 15.59
20.625 83.875 20.445
20.625 84.125 23.348
20.625 84.375 24.301
20.625 84.625 23.694
20.625 84.875 21.529
20.625 85.125 21.457
20.625 85.375 23.477
20.625 85.625 27.491
20.625 85.875 33.498
20.625 86.125 39.259
20.625 86.375 44.775
20.625 86.625 56.732
NaN NaN NaN
20.875 70.625 4.907
20.875 70.875 5.4108
20.875 71.125 4.9048
20.875 71.375 3.389
20.875 72.875 2.9534
20.875 73.125 3.5624
20.875 73.375 4.8975
20.875 73.625 7.8578
20.875 73.875 12.443
20.875 74.125 13.891
20.875 74.375 12.203
20.875 74.625 10.913
20.875 74.875 10.022
20.875 75.125 11.207
20.875 75.375 14.467
20.875 75.625 16.57
20.875 75.875 17.516
20.875 76.125 17.525
20.875 76.375 16.597
20.875 76.625 16.223
20.875 76.875 16.402
20.875 77.125 16.752
20.875 77.375 17.272
20.875 77.625 17.961
20.875 77.875 18.817
20.875 78.125 20.133
20.875 78.375 21.908
20.875 78.625 22.363
20.875 78.875 21.498
20.875 79.125 19.674
20.875 79.375 16.892
20.875 79.625 14.237
20.875 79.875 11.709
20.875 80.125 11.072
20.875 80.375 12.328
20.875 80.625 13.099
20.875 80.875 13.384
20.875 81.125 13.927
20.875 81.375 14.726
20.875 81.625 16.14
20.875 81.875 18.169
20.875 82.125 19.762
20.875 82.375 20.919
20.875 82.625 20.3
20.875 82.875 17.904
20.875 83.125 15.969
20.875 83.375 14.494
20.875 83.625 14.37
20.875 83.875 15.596
20.875 84.125 16.95
20.875 84.375 18.433
20.875 84.625 19.345
20.875 84.875 19.687
20.875 85.125 20.163
20.875 85.375 20.772
20.875 85.625 23.838
20.875 85.875 29.36
20.875 86.125 33.668
20.875 86.375 36.761
20.875 86.625 46.322
21.125 70.375 4.5143
21.125 70.625 5.1749
21.125 70.875 6.1738
21.125 71.125 5.753
21.125 71.375 3.9125
NaN NaN NaN
NaN NaN NaN
21.125 72.875 2.2176
21.125 73.125 2.4102
21.125 73.375 3.037
21.125 73.625 4.8847
21.125 73.875 7.9535
21.125 74.125 9.2647
21.125 74.375 8.8185
21.125 74.625 8.1876
21.125 74.875 7.3722
21.125 75.125 8.7901
21.125 75.375 12.441
21.125 75.625 15.177
21.125 75.875 16.998
21.125 76.125 17.398
21.125 76.375 16.376
21.125 76.625 16.459
21.125 76.875 17.645
21.125 77.125 18.764
21.125 77.375 19.817
21.125 77.625 20.119
21.125 77.875 19.669
21.125 78.125 20
21.125 78.375 21.111
21.125 78.625 21.212
21.125 78.875 20.304
21.125 79.125 18.67
21.125 79.375 16.31
21.125 79.625 13.826
21.125 79.875 11.219
21.125 80.125 10.424
21.125 80.375 11.443
21.125 80.625 12.06
21.125 80.875 12.275
21.125 81.125 12.502
21.125 81.375 12.741
21.125 81.625 14.073
21.125 81.875 16.5
21.125 82.125 18.359
21.125 82.375 19.649
21.125 82.625 19.711
21.125 82.875 18.544
21.125 83.125 17.301
21.125 83.375 15.982
21.125 83.625 15.253
21.125 83.875 15.115
21.125 84.125 16.222
21.125 84.375 18.574
21.125 84.625 19.803
21.125 84.875 19.908
21.125 85.125 21.224
21.125 85.375 23.752
21.125 85.625 26.96
21.125 85.875 30.848
21.125 86.125 33.904
21.125 86.375 36.127
21.125 86.625 42.348
21.375 70.125 3.4222
21.375 70.375 4.3257
21.375 70.625 5.5856
21.375 70.875 7.2018
21.375 71.125 7.0896
21.375 71.375 5.2492
21.375 71.625 3.7778
21.375 71.875 2.6756
21.375 72.875 1.8624
21.375 73.125 2.044
21.375 73.375 2.5674
21.375 73.625 3.5794
21.375 73.875 5.0799
21.375 74.125 5.8801
21.375 74.375 5.9798
21.375 74.625 6.2161
21.375 74.875 6.5888
21.375 75.125 9.0602
21.375 75.375 13.63
21.375 75.625 17.115
21.375 75.875 19.513
21.375 76.125 19.772
21.375 76.375 17.89
21.375 76.625 17.918
21.375 76.875 19.857
21.375 77.125 22.158
21.375 77.375 24.821
21.375 77.625 25.17
21.375 77.875 23.205
21.375 78.125 21.796
21.375 78.375 20.941
21.375 78.625 19.771
21.375 78.875 18.286
21.375 79.125 16.91
21.375 79.375 15.644
21.375 79.625 13.72
21.375 79.875 11.138
21.375 80.125 10.255
21.375 80.375 11.071
21.375 80.625 11.763
21.375 80.875 12.331
21.375 81.125 12.324
21.375 81.375 11.742
21.375 81.625 12.813
21.375 81.875 15.538
21.375 82.125 17.867
21.375 82.375 19.8
21.375 82.625 20.292
21.375 82.875 19.342
21.375 83.125 18.615
21.375 83.375 18.111
21.375 83.625 18.24
21.375 83.875 19.001
21.375 84.125 21.163
21.375 84.375 24.726
21.375 84.625 25.068
21.375 84.875 22.191
21.375 85.125 24.64
21.375 85.375 32.416
21.375 85.625 36.856
21.375 85.875 37.962
21.375 86.125 39.968
21.375 86.375 42.873
21.375 86.625 44.812
21.375 86.875 45.782
21.625 69.875 2.5081
21.625 70.125 3.044
21.625 70.375 3.8142
21.625 70.625 5.116
21.625 70.875 6.9492
21.625 71.125 7.3132
21.625 71.375 6.208
21.625 71.625 4.8353
21.625 71.875 3.1951
21.625 72.125 2.1969
21.625 72.875 1.5526
21.625 73.125 1.779
21.625 73.375 2.3054
21.625 73.625 3.0003
21.625 73.875 3.8638
21.625 74.125 4.5724
21.625 74.375 5.1265
21.625 74.625 5.6103
21.625 74.875 6.0238
21.625 75.125 8.2095
21.625 75.375 12.167
21.625 75.625 15.253
21.625 75.875 17.466
21.625 76.125 17.869
21.625 76.375 16.461
21.625 76.625 16.927
21.625 76.875 19.264
21.625 77.125 22.082
21.625 77.375 25.378
21.625 77.625 26.232
21.625 77.875 24.643
21.625 78.125 23.311
21.625 78.375 22.238
21.625 78.625 20.962
21.625 78.875 19.483
21.625 79.125 18.225
21.625 79.375 17.187
21.625 79.625 15.119
21.625 79.875 12.02
21.625 80.125 10.894
21.625 80.375 11.74
21.625 80.625 12.498
21.625 80.875 13.169
21.625 81.125 12.803
21.625 81.375 11.402
21.625 81.625 11.915
21.625 81.875 14.344
21.625 82.125 16.712
21.625 82.375 19.019
21.625 82.625 19.991
21.625 82.875 19.628
21.625 83.125 19.417
21.625 83.375 19.359
21.625 83.625 19.768
21.625 83.875 20.645
21.625 84.125 22.652
21.625 84.375 25.789
21.625 84.625 25.863
21.625 84.875 22.874
21.625 85.125 26.334
21.625 85.375 36.243
21.625 85.625 40.882
21.625 85.875 40.252
21.625 86.125 42.698
21.625 86.375 48.22
21.625 86.625 47.947
21.625 86.875 41.879
21.625 87.125 46.694
NaN NaN NaN
NaN NaN NaN
21.875 69.625 1.6607
21.875 69.875 2.6173
21.875 70.125 3.0571
21.875 70.375 2.9799
21.875 70.625 3.7662
21.875 70.875 5.4159
21.875 71.125 6.4235
21.875 71.375 6.789
21.875 71.625 5.9791
21.875 71.875 3.9937
21.875 72.125 2.566
NaN NaN NaN
21.875 72.875 1.2883
21.875 73.125 1.6152
21.875 73.375 2.2507
21.875 73.625 3.1473
21.875 73.875 4.3049
21.875 74.125 5.3421
21.875 74.375 6.2586
21.875 74.625 6.3704
21.875 74.875 5.6773
21.875 75.125 6.2378
21.875 75.375 8.0522
21.875 75.625 9.5913
21.875 75.875 10.855
21.875 76.125 11.688
21.875 76.375 12.091
21.875 76.625 13.484
21.875 76.875 15.867
21.875 77.125 18.534
21.875 77.375 21.488
21.875 77.625 23.303
21.875 77.875 23.981
21.875 78.125 24.547
21.875 78.375 25.003
21.875 78.625 24.787
21.875 78.875 23.898
21.875 79.125 22.615
21.875 79.375 20.939
21.875 79.625 18.022
21.875 79.875 13.863
21.875 80.125 12.34
21.875 80.375 13.451
21.875 80.625 14.267
21.875 80.875 14.787
21.875 81.125 13.938
21.875 81.375 11.72
21.875 81.625 11.379
21.875 81.875 12.917
21.875 82.125 14.893
21.875 82.375 17.306
21.875 82.625 18.809
21.875 82.875 19.403
21.875 83.125 19.708
21.875 83.375 19.726
21.875 83.625 19.839
21.875 83.875 20.048
21.875 84.125 20.69
21.875 84.375 21.764
21.875 84.625 22.187
21.875 84.875 21.958
21.875 85.125 26.306
21.875 85.375 35.234
21.875 85.625 39.038
21.875 85.875 37.72
21.875 86.125 42.095
21.875 86.375 52.166
21.875 86.625 51.754
21.875 86.875 40.861
21.875 87.125 41.027
21.875 87.375 52.25
21.875 87.625 64.064
21.875 87.875 76.467
21.875 88.375 89.794
NaN NaN NaN
NaN NaN NaN
22.125 69.125 0.7437
22.125 69.375 0.69346
22.125 69.625 1.1423
22.125 69.875 2.0902
22.125 70.125 2.3767
22.125 70.375 2.0018
22.125 70.625 2.5227
22.125 70.875 3.9394
22.125 71.125 5.1152
22.125 71.375 6.05
22.125 71.625 5.5874
22.125 71.875 3.7272
22.125 72.125 2.3508
NaN NaN NaN
22.125 72.875 1.1201
22.125 73.125 1.4736
22.125 73.375 2.1084
22.125 73.625 2.9737
22.125 73.875 4.0694
22.125 74.125 5.1502
22.125 74.375 6.216
22.125 74.625 6.3595
22.125 74.875 5.5804
22.125 75.125 5.6769
22.125 75.375 6.6489
22.125 75.625 7.4971
22.125 75.875 8.2214
22.125 76.125 9.1088
22.125 76.375 10.159
22.125 76.625 11.755
22.125 76.875 13.897
22.125 77.125 16.209
22.125 77.375 18.692
22.125 77.625 20.543
22.125 77.875 21.761
22.125 78.125 23.073
22.125 78.375 24.48
22.125 78.625 25.242
22.125 78.875 25.36
22.125 79.125 24.444
22.125 79.375 22.493
22.125 79.625 19.33
22.125 79.875 14.955
22.125 80.125 13.104
22.125 80.375 13.779
22.125 80.625 14.597
22.125 80.875 15.557
22.125 81.125 15.181
22.125 81.375 13.469
22.125 81.625 12.881
22.125 81.875 13.417
22.125 82.125 14.514
22.125 82.375 16.169
22.125 82.625 17.726
22.125 82.875 19.184
22.125 83.125 20.173
22.125 83.375 20.692
22.125 83.625 20.526
22.125 83.875 19.675
22.125 84.125 19.047
22.125 84.375 18.643
22.125 84.625 18.922
22.125 84.875 19.883
22.125 85.125 23.794
22.125 85.375 30.655
22.125 85.625 33.279
22.125 85.875 31.666
22.125 86.125 35.755
22.125 86.375 45.547
22.125 86.625 45.658
22.125 86.875 36.087
22.125 87.125 35.279
22.125 87.375 43.234
22.125 87.625 53.041
22.125 87.875 64.702
22.125 88.125 73.297
22.125 88.375 78.829
NaN NaN NaN
22.375 69.125 0.63523
22.375 69.875 0.92679
22.375 70.125 1.0029
22.375 70.375 0.87985
22.375 70.625 1.3855
22.375 70.875 2.5198
22.375 71.125 3.3884
22.375 71.375 3.9911
22.375 71.625 3.6602
22.375 71.875 2.3957
22.375 72.125 1.5515
NaN NaN NaN
22.375 72.875 1.048
22.375 73.125 1.3542
22.375 73.375 1.8783
22.375 73.625 2.4794
22.375 73.875 3.1572
22.375 74.125 3.997
22.375 74.375 4.9987
22.375 74.625 5.5776
22.375 74.875 5.7334
22.375 75.125 6.5265
22.375 75.375 7.9572
22.375 75.625 8.9699
22.375 75.875 9.5647
22.375 76.125 10.13
22.375 76.375 10.667
22.375 76.625 11.741
22.375 76.875 13.354
22.375 77.125 15.104
22.375 77.375 16.992
22.375 77.625 17.952
22.375 77.875 17.983
22.375 78.125 18.888
22.375 78.375 20.668
22.375 78.625 22.328
22.375 78.875 23.87
22.375 79.125 23.711
22.375 79.375 21.849
22.375 79.625 19.043
22.375 79.875 15.294
22.375 80.125 13.188
22.375 80.375 12.726
22.375 80.625 13.489
22.375 80.875 15.479
22.375 81.125 16.532
22.375 81.375 16.649
22.375 81.625 16.42
22.375 81.875 15.845
22.375 82.125 15.575
22.375 82.375 15.609
22.375 82.625 16.741
22.375 82.875 18.973
22.375 83.125 20.811
22.375 83.375 22.258
22.375 83.625 21.83
22.375 83.875 19.527
22.375 84.125 17.726
22.375 84.375 16.427
22.375 84.625 16.068
22.375 84.875 16.65
22.375 85.125 18.797
22.375 85.375 22.507
22.375 85.625 23.605
22.375 85.875 22.09
22.375 86.125 23.677
22.375 86.375 28.364
22.375 86.625 29.657
22.375 86.875 27.556
22.375 87.125 29.45
22.375 87.375 35.34
22.375 87.625 42.77
22.375 87.875 51.74
22.375 88.125 59.99
22.375 88.375 67.522
22.375 88.625 73.903
22.375 88.875 79.131
NaN NaN NaN
22.625 70.375 0.24717
22.625 70.625 0.63996
22.625 70.875 1.4393
22.625 71.125 2.0261
22.625 71.375 2.4004
22.625 71.625 2.2329
22.625 71.875 1.5238
22.625 72.125 1.1368
22.625 72.375 1.072
22.625 72.625 1.0801
22.625 72.875 1.1609
22.625 73.125 1.3571
22.625 73.375 1.6687
22.625 73.625 2.0279
22.625 73.875 2.435
22.625 74.125 3.143
22.625 74.375 4.1521
22.625 74.625 5.1011
22.625 74.875 5.99
22.625 75.125 7.1501
22.625 75.375 8.5814
22.625 75.625 9.477
22.625 75.875 9.8366
22.625 76.125 10.157
22.625 76.375 10.437
22.625 76.625 11.219
22.625 76.875 12.503
22.625 77.125 13.992
22.625 77.375 15.686
22.625 77.625 16.107
22.625 77.875 15.256
22.625 78.125 15.443
22.625 78.375 16.667
22.625 78.625 18.199
22.625 78.875 20.037
22.625 79.125 20.352
22.625 79.375 19.145
22.625 79.625 17.378
22.625 79.875 15.052
22.625 80.125 13.556
22.625 80.375 12.893
22.625 80.625 13.763
22.625 80.875 16.164
22.625 81.125 17.81
22.625 81.375 18.699
22.625 81.625 18.318
22.625 81.875 16.666
22.625 82.125 15.366
22.625 82.375 14.417
22.625 82.625 15.235
22.625 82.875 17.822
22.625 83.125 20.442
22.625 83.375 23.095
22.625 83.625 23.524
22.625 83.875 21.729
22.625 84.125 20.089
22.625 84.375 18.606
22.625 84.625 17.841
22.625 84.875 17.795
22.625 85.125 18.696
22.625 85.375 20.544
22.625 85.625 20.525
22.625 85.875 18.638
22.625 86.125 19.225
22.625 86.375 22.286
22.625 86.625 24.09
22.625 86.875 24.635
22.625 87.125 26.562
22.625 87.375 29.87
22.625 87.625 34.63
22.625 87.875 40.841
22.625 88.125 47.688
22.625 88.375 55.172
22.625 88.625 61.371
22.625 88.875 66.287
22.625 92.625 118.3
22.625 92.875 173.4
NaN NaN NaN
NaN NaN NaN
NaN NaN NaN
22.875 70.625 0.28612
22.875 70.875 0.69819
22.875 71.125 1.0287
22.875 71.375 1.2777
22.875 71.625 1.3054
22.875 71.875 1.1117
22.875 72.125 1.107
22.875 72.375 1.2912
22.875 72.625 1.4084
22.875 72.875 1.4586
22.875 73.125 1.4823
22.875 73.375 1.4794
22.875 73.625 1.6195
22.875 73.875 1.9028
22.875 74.125 2.5882
22.875 74.375 3.6759
22.875 74.625 4.9299
22.875 74.875 6.3503
22.875 75.125 7.5476
22.875 75.375 8.5218
22.875 75.625 9.0183
22.875 75.875 9.0372
22.875 76.125 9.1876
22.875 76.375 9.4693
22.875 76.625 10.188
22.875 76.875 11.344
22.875 77.125 12.873
22.875 77.375 14.773
22.875 77.625 15.008
22.875 77.875 13.579
22.875 78.125 12.736
22.875 78.375 12.478
22.875 78.625 12.852
22.875 78.875 13.86
22.875 79.125 14.369
22.875 79.375 14.383
22.875 79.625 14.335
22.875 79.875 14.227
22.875 80.125 14.21
22.875 80.375 14.282
22.875 80.625 15.416
22.875 80.875 17.613
22.875 81.125 19.013
22.875 81.375 19.618
22.875 81.625 18.574
22.875 81.875 15.88
22.875 82.125 13.887
22.875 82.375 12.594
22.875 82.625 13.209
22.875 82.875 15.733
22.875 83.125 19.065
22.875 83.375 23.203
22.875 83.625 25.607
22.875 83.875 26.279
22.875 84.125 26.137
22.875 84.375 25.183
22.875 84.625 24.242
22.875 84.875 23.316
22.875 85.125 23.491
22.875 85.375 24.768
22.875 85.625 24.04
22.875 85.875 21.308
22.875 86.125 22.4
22.875 86.375 27.315
22.875 86.625 28.957
22.875 86.875 27.325
22.875 87.125 26.614
22.875 87.375 26.824
22.875 87.625 28.621
22.875 87.875 32.006
22.875 88.125 36.391
22.875 88.375 41.776
22.875 88.625 47.414
22.875 92.625 98.521
22.875 92.875 134.3
23.125 68.875 1.1401
23.125 69.125 1.1321
23.125 69.375 0.95301
23.125 69.625 0.7073
23.125 69.875 0.39496
23.125 70.125 0.2104
23.125 70.875 0.37203
23.125 71.125 0.56314
23.125 71.375 0.78082
23.125 71.625 0.98795
23.125 71.875 1.1845
23.125 72.125 1.4219
23.125 72.375 1.7
23.125 72.625 1.8642
23.125 72.875 1.9144
23.125 73.125 1.875
23.125 73.375 1.7462
23.125 73.625 1.6825
23.125 73.875 1.684
23.125 74.125 2.1587
23.125 74.375 3.1066
23.125 74.625 4.4428
23.125 74.875 6.1676
23.125 75.125 7.4883
23.125 75.375 8.4049
23.125 75.625 8.8461
23.125 75.875 8.8119
23.125 76.125 8.7132
23.125 76.375 8.5502
23.125 76.625 8.8705
23.125 76.875 9.6743
23.125 77.125 10.983
23.125 77.375 12.797
23.125 77.625 13.099
23.125 77.875 11.889
23.125 78.125 11.125
23.125 78.375 10.805
23.125 78.625 10.762
23.125 78.875 10.996
23.125 79.125 11.186
23.125 79.375 11.332
23.125 79.625 11.866
23.125 79.875 12.788
23.125 80.125 13.672
23.125 80.375 14.519
23.125 80.625 15.727
23.125 80.875 17.297
23.125 81.125 18.072
23.125 81.375 18.053
23.125 81.625 17.315
23.125 81.875 15.858
23.125 82.125 14.876
23.125 82.375 14.372
23.125 82.625 14.476
23.125 82.875 15.189
23.125 83.125 17.657
23.125 83.375 21.881
23.125 83.625 25.156
23.125 83.875 27.482
23.125 84.125 28.19
23.125 84.375 27.282
23.125 84.625 26.297
23.125 84.875 25.235
23.125 85.125 25.032
23.125 85.375 25.687
23.125 85.625 24.698
23.125 85.875 22.064
23.125 86.125 23.362
23.125 86.375 28.59
23.125 86.625 30.205
23.125 86.875 28.209
23.125 87.125 26.627
23.125 87.375 25.461
23.125 87.625 25.844
23.125 87.875 27.775
23.125 88.125 30.39
23.125 88.375 33.688
23.125 88.625 38.136
NaN NaN NaN
23.125 92.625 90.675
23.125 92.875 112.52
NaN NaN NaN
23.375 68.875 1.2857
23.375 69.125 1.3549
23.375 69.375 1.2544
23.375 69.625 1.0182
23.375 69.875 0.64614
23.375 70.125 0.43901
23.375 70.375 0.39678
23.375 70.625 0.40406
23.375 70.875 0.46085
23.375 71.125 0.6294
23.375 71.375 0.90969
23.375 71.625 1.2806
23.375 71.875 1.7422
23.375 72.125 2.0815
23.375 72.375 2.2984
23.375 72.625 2.4473
23.375 72.875 2.5282
23.375 73.125 2.5354
23.375 73.375 2.4692
23.375 73.625 2.2169
23.375 73.875 1.7786
23.375 74.125 1.8543
23.375 74.375 2.444
23.375 74.625 3.6398
23.375 74.875 5.4418
23.375 75.125 6.9721
23.375 75.375 8.2309
23.375 75.625 8.9604
23.375 75.875 9.1606
23.375 76.125 8.7336
23.375 76.375 7.6794
23.375 76.625 7.2659
23.375 76.875 7.493
23.375 77.125 8.3234
23.375 77.375 9.7569
23.375 77.625 10.378
23.375 77.875 10.186
23.375 78.125 10.61
23.375 78.375 11.649
23.375 78.625 11.928
23.375 78.875 11.447
23.375 79.125 10.802
23.375 79.375 9.995
23.375 79.625 9.972
23.375 79.875 10.734
23.375 80.125 11.945
23.375 80.375 13.605
23.375 80.625 14.696
23.375 80.875 15.217
23.375 81.125 14.987
23.375 81.375 14.004
23.375 81.625 14.541
23.375 81.875 16.599
23.375 82.125 18.336
23.375 82.375 19.751
23.375 82.625 19.036
23.375 82.875 16.189
23.375 83.125 16.22
23.375 83.375 19.131
23.375 83.625 22.17
23.375 83.875 25.337
23.375 84.125 26.248
23.375 84.375 24.905
23.375 84.625 24.006
23.375 84.875 23.551
23.375 85.125 23.316
23.375 85.375 23.302
23.375 85.625 22.499
23.375 85.875 20.906
23.375 86.125 22.11
23.375 86.375 26.111
23.375 86.625 27.835
23.375 86.875 27.285
23.375 87.125 26.6
23.375 87.375 25.782
23.375 87.625 26.298
23.375 87.875 28.148
23.375 88.125 29.684
23.375 88.375 30.908
23.375 88.625 33.541
23.375 91.375 65.549
23.375 91.625 67.703
23.375 92.625 94.767
23.375 92.875 108.06
23.375 93.125 128.69
23.625 68.625 0.91224
23.625 68.875 1.167
23.625 69.125 1.2679
23.625 69.375 1.2147
23.625 69.625 1.0174
23.625 69.875 0.67599
23.625 70.125 0.48488
23.625 70.375 0.44411
23.625 70.625 0.43246
23.625 70.875 0.44994
23.625 71.125 0.59153
23.625 71.375 0.85727
23.625 71.625 1.2435
23.625 71.875 1.7502
23.625 72.125 2.0855
23.625 72.375 2.2493
23.625 72.625 2.3829
23.625 72.875 2.4862
23.625 73.125 2.5525
23.625 73.375 2.5816
23.625 73.625 2.3101
23.625 73.875 1.7378
23.625 74.125 1.6763
23.625 74.375 2.1255
23.625 74.625 3.2741
23.625 74.875 5.1218
23.625 75.125 6.84
23.625 75.375 8.4285
23.625 75.625 9.6542
23.625 75.875 10.517
23.625 76.125 10.21
23.625 76.375 8.7336
23.625 76.625 7.7653
23.625 76.875 7.3052
23.625 77.125 7.4756
23.625 77.375 8.2764
23.625 77.625 8.682
23.625 77.875 8.6921
23.625 78.125 9.4674
23.625 78.375 11.008
23.625 78.625 11.424
23.625 78.875 10.716
23.625 79.125 9.7398
23.625 79.375 8.4962
23.625 79.625 8.2927
23.625 79.875 9.1294
23.625 80.125 10.504
23.625 80.375 12.417
23.625 80.625 13.446
23.625 80.875 13.593
23.625 81.125 13.159
23.625 81.375 12.144
23.625 81.625 13.299
23.625 81.875 16.622
23.625 82.125 19.137
23.625 82.375 20.842
23.625 82.625 19.7
23.625 82.875 15.711
23.625 83.125 14.551
23.625 83.375 16.22
23.625 83.625 18.291
23.625 83.875 20.763
23.625 84.125 21.499
23.625 84.375 20.498
23.625 84.625 20.466
23.625 84.875 21.402
23.625 85.125 21.946
23.625 85.375 22.096
23.625 85.625 21.487
23.625 85.875 20.117
23.625 86.125 20.983
23.625 86.375 24.087
23.625 86.625 25.949
23.625 86.875 26.57
23.625 87.125 26.677
23.625 87.375 26.269
23.625 87.625 26.721
23.625 87.875 28.038
23.625 88.125 28.894
23.625 88.375 29.29
23.625 91.375 65.918
23.625 91.625 68.096
NaN NaN NaN
23.625 92.375 87.527
23.625 92.625 96.249
23.625 92.875 102.81
23.625 93.125 117.47
23.875 68.875 0.78411
23.875 69.125 0.8711
23.875 69.375 0.83397
23.875 69.625 0.7051
23.875 69.875 0.48452
23.875 70.125 0.34801
23.875 70.375 0.29559
23.875 70.625 0.29268
23.875 70.875 0.33927
23.875 71.125 0.44957
23.875 71.375 0.62357
23.875 71.625 0.87657
23.875 71.875 1.2086
23.875 72.125 1.4339
23.875 72.375 1.5526
23.875 72.625 1.6709
23.875 72.875 1.7888
23.875 73.125 1.9264
23.875 73.375 2.0837
23.875 73.625 1.9621
23.875 73.875 1.5617
23.875 74.125 1.6246
23.875 74.375 2.151
23.875 74.625 3.3453
23.875 74.875 5.2077
23.875 75.125 7.0919
23.875 75.375 8.9979
23.875 75.625 10.928
23.875 75.875 12.881
23.875 76.125 13.143
23.875 76.375 11.713
23.875 76.625 10.369
23.875 76.875 9.1107
23.875 77.125 8.4394
23.875 77.375 8.3551
23.875 77.625 8.0107
23.875 77.875 7.4064
23.875 78.125 7.6968
23.875 78.375 8.8821
23.875 78.625 9.2509
23.875 78.875 8.8031
23.875 79.125 7.9983
23.875 79.375 6.8363
23.875 79.625 6.8287
23.875 79.875 7.9754
23.875 80.125 9.3499
23.875 80.375 10.952
23.875 80.625 11.977
23.875 80.875 12.424
23.875 81.125 12.59
23.875 81.375 12.475
23.875 81.625 13.588
23.875 81.875 15.929
23.875 82.125 17.28
23.875 82.375 17.643
23.875 82.625 16.468
23.875 82.875 13.756
23.875 83.125 12.65
23.875 83.375 13.15
23.875 83.625 13.52
23.875 83.875 13.76
23.875 84.125 13.94
23.875 84.375 14.061
23.875 84.625 15.677
23.875 84.875 18.789
23.875 85.125 20.92
23.875 85.375 22.071
23.875 85.625 21.663
23.875 85.875 19.696
23.875 86.125 19.981
23.875 86.375 22.518
23.875 86.625 24.546
23.875 86.875 26.066
23.875 87.125 26.856
23.875 87.375 26.918
23.875 87.625 27.114
23.875 87.875 27.444
23.875 88.125 28.018
23.875 88.375 28.835
23.875 91.375 71.663
23.875 91.625 76.379
23.875 91.875 80.336
23.875 92.125 85.308
23.875 92.375 91.295
23.875 92.625 95.118
23.875 92.875 96.779
23.875 93.125 110.18
23.875 93.375 135.31
24.125 68.875 0.51109
24.125 69.125 0.5635
24.125 69.375 0.53438
24.125 69.625 0.46377
24.125 69.875 0.35164
24.125 70.125 0.27375
24.125 70.375 0.23006
24.125 70.625 0.22315
24.125 70.875 0.253
24.125 71.125 0.31197
24.125 71.375 0.40006
24.125 71.625 0.56314
24.125 71.875 0.80121
24.125 72.125 0.97194
24.125 72.375 1.0753
24.125 72.625 1.2049
24.125 72.875 1.3607
24.125 73.125 1.6548
24.125 73.375 2.0873
24.125 73.625 2.1423
24.125 73.875 1.8198
24.125 74.125 1.9337
24.125 74.375 2.4841
24.125 74.625 3.5613
24.125 74.875 5.1651
24.125 75.125 6.8036
24.125 75.375 8.4767
24.125 75.625 10.497
24.125 75.875 12.863
24.125 76.125 13.754
24.125 76.375 13.167
24.125 76.625 12.174
24.125 76.875 10.775
24.125 77.125 9.894
24.125 77.375 9.5301
24.125 77.625 8.7573
24.125 77.875 7.5756
24.125 78.125 7.2765
24.125 78.375 7.8596
24.125 78.625 8.0245
24.125 78.875 7.7711
24.125 79.125 7.3135
24.125 79.375 6.6518
24.125 79.625 6.7268
24.125 79.875 7.5385
24.125 80.125 8.7402
24.125 80.375 10.332
24.125 80.625 11.289
24.125 80.875 11.612
24.125 81.125 12.013
24.125 81.375 12.49
24.125 81.625 13.536
24.125 81.875 15.15
24.125 82.125 15.877
24.125 82.375 15.715
24.125 82.625 14.787
24.125 82.875 13.092
24.125 83.125 12.518
24.125 83.375 13.064
24.125 83.625 12.923
24.125 83.875 12.094
24.125 84.125 11.77
24.125 84.375 11.95
24.125 84.625 13.643
24.125 84.875 16.849
24.125 85.125 19.371
24.125 85.375 21.211
24.125 85.625 21.583
24.125 85.875 20.486
24.125 86.125 21.143
24.125 86.375 23.553
24.125 86.625 25.636
24.125 86.875 27.392
24.125 87.125 28.772
24.125 87.375 29.776
24.125 87.625 29.623
24.125 87.875 28.314
24.125 88.125 28.177
24.125 88.375 29.213
24.125 91.875 82.849
24.125 92.125 84.832
24.125 92.375 86.004
24.125 92.625 84.903
24.125 92.875 81.528
24.125 93.125 91.394
24.125 93.375 114.5
24.125 93.625 134.34
24.125 93.875 150.91
NaN NaN NaN
24.375 71.375 0.18675
24.375 71.625 0.30323
24.375 71.875 0.52819
24.375 72.125 0.69966
24.375 72.375 0.8176
24.375 72.625 0.98504
24.375 72.875 1.202
24.375 73.125 1.7379
24.375 73.375 2.5926
24.375 73.625 2.8506
24.375 73.875 2.5121
24.375 74.125 2.6035
24.375 74.375 3.1248
24.375 74.625 3.9216
24.375 74.875 4.994
24.375 75.125 5.9751
24.375 75.375 6.8647
24.375 75.625 8.3613
24.375 75.875 10.464
24.375 76.125 12.043
24.375 76.375 13.095
24.375 76.625 13.181
24.375 76.875 12.299
24.375 77.125 11.839
24.375 77.375 11.802
24.375 77.625 10.922
24.375 77.875 9.1999
24.375 78.125 8.2061
24.375 78.375 7.9405
24.375 78.625 7.745
24.375 78.875 7.6197
24.375 79.125 7.6856
24.375 79.375 7.9426
24.375 79.625 7.9871
24.375 79.875 7.8188
24.375 80.125 8.6747
24.375 80.375 10.554
24.375 80.625 11.382
24.375 80.875 11.158
24.375 81.125 11.427
24.375 81.375 12.19
24.375 81.625 13.144
24.375 81.875 14.288
24.375 82.125 14.926
24.375 82.375 15.058
24.375 82.625 14.655
24.375 82.875 13.718
24.375 83.125 14.154
24.375 83.375 15.963
24.375 83.625 16.5
24.375 83.875 15.765
24.375 84.125 14.988
24.375 84.375 14.166
24.375 84.625 14.365
24.375 84.875 15.583
24.375 85.125 17.3
24.375 85.375 19.517
24.375 85.625 21.246
24.375 85.875 22.489
24.375 86.125 24.47
24.375 86.375 27.192
24.375 86.625 29.218
24.375 86.875 30.549
24.375 87.125 32.423
24.375 87.375 34.841
24.375 87.625 34.249
24.375 87.875 30.648
24.375 88.125 29.373
24.375 92.375 71.651
24.375 92.625 65.599
24.375 92.875 57.056
24.375 93.125 61.125
24.375 93.375 77.806
24.375 93.625 93.858
24.375 93.875 109.28
24.375 94.125 106.94
24.625 71.125 0.17473
24.625 71.375 0.1427
24.625 71.625 0.23625
24.625 71.875 0.4554
24.625 72.125 0.62685
24.625 72.375 0.75062
24.625 72.625 0.96066
24.625 72.875 1.257
24.625 73.125 1.9566
24.625 73.375 3.0596
24.625 73.625 3.5125
24.625 73.875 3.3152
24.625 74.125 3.3909
24.625 74.375 3.7396
24.625 74.625 4.2172
24.625 74.875 4.8237
24.625 75.125 5.2889
24.625 75.375 5.6128
24.625 75.625 6.5261
24.625 75.875 8.0289
24.625 76.125 9.6786
24.625 76.375 11.475
24.625 76.625 12.421
24.625 76.875 12.516
24.625 77.125 12.711
24.625 77.375 13.008
24.625 77.625 12.229
24.625 77.875 10.375
24.625 78.125 9.0303
24.625 78.375 8.1937
24.625 78.625 7.6659
24.625 78.875 7.4468
24.625 79.125 7.6882
24.625 79.375 8.3899
24.625 79.625 8.521
24.625 79.875 8.0813
24.625 80.125 8.742
24.625 80.375 10.503
24.625 80.625 11.279
24.625 80.875 11.07
24.625 81.125 11.262
24.625 81.375 11.855
24.625 81.625 12.539
24.625 81.875 13.314
24.625 82.125 13.767
24.625 82.375 13.896
24.625 82.625 13.795
24.625 82.875 13.463
24.625 83.125 14.345
24.625 83.375 16.44
24.625 83.625 17.262
24.625 83.875 16.811
24.625 84.125 16.058
24.625 84.375 15.004
24.625 84.625 14.658
24.625 84.875 15.022
24.625 85.125 16.235
24.625 85.375 18.295
24.625 85.625 20.351
24.625 85.875 22.404
24.625 86.125 24.653
24.625 86.375 27.099
24.625 86.625 28.68
24.625 86.875 29.394
24.625 87.125 31.552
24.625 87.375 35.153
24.625 87.625 35.088
24.625 87.875 31.357
24.625 92.375 64.759
24.625 92.625 59.984
24.625 92.875 51.81
24.625 93.125 53.434
24.625 93.375 64.856
24.625 93.625 78.657
24.625 93.875 94.838
24.625 94.125 102.03
NaN NaN NaN
24.875 71.125 0.29996
24.875 71.375 0.26792
24.875 71.625 0.3622
24.875 71.875 0.58279
24.875 72.125 0.75353
24.875 72.375 0.87437
24.875 72.625 1.1317
24.875 72.875 1.5256
24.875 73.125 2.3112
24.875 73.375 3.4884
24.875 73.625 4.1277
24.875 73.875 4.2288
24.875 74.125 4.2959
24.875 74.375 4.3286
24.875 74.625 4.4479
24.875 74.875 4.654
24.875 75.125 4.745
24.875 75.375 4.721
24.875 75.625 4.9915
24.875 75.875 5.5564
24.875 76.125 6.6616
24.875 76.375 8.307
24.875 76.625 9.8949
24.875 76.875 11.425
24.875 77.125 12.51
24.875 77.375 13.148
24.875 77.625 12.679
24.875 77.875 11.102
24.875 78.125 9.7489
24.875 78.375 8.6196
24.875 78.625 7.7876
24.875 78.875 7.2524
24.875 79.125 7.3212
24.875 79.375 7.994
24.875 79.625 8.3288
24.875 79.875 8.3259
24.875 80.125 8.9422
24.875 80.375 10.178
24.875 80.625 10.98
24.875 80.875 11.349
24.875 81.125 11.517
24.875 81.375 11.484
24.875 81.625 11.721
24.875 81.875 12.23
24.875 82.125 12.399
24.875 82.375 12.229
24.875 82.625 12.205
24.875 82.875 12.327
24.875 83.125 13.091
24.875 83.375 14.496
24.875 83.625 15.209
24.875 83.875 15.229
24.875 84.125 14.98
24.875 84.375 14.462
24.875 84.625 14.525
24.875 84.875 15.168
24.875 85.125 16.175
24.875 85.375 17.545
24.875 85.625 18.897
24.875 85.875 20.232
24.875 86.125 21.691
24.875 86.375 23.276
24.875 86.625 24.021
24.875 86.875 23.927
24.875 87.125 26.157
24.875 87.375 30.713
24.875 87.625 32.14
24.875 87.875 30.437
24.875 88.125 30.277
24.875 92.625 68.057
24.875 92.875 65.791
24.875 93.125 68.321
24.875 93.375 75.648
24.875 93.625 88.738
24.875 93.875 107.59
24.875 94.125 123.16
24.875 94.375 135.46
25.125 71.125 0.43209
25.125 71.375 0.38477
25.125 71.625 0.4674
25.125 71.875 0.67999
25.125 72.125 0.88203
25.125 72.375 1.0735
25.125 72.625 1.3858
25.125 72.875 1.8191
25.125 73.125 2.6002
25.125 73.375 3.7294
25.125 73.625 4.4742
25.125 73.875 4.8346
25.125 74.125 4.9288
25.125 74.375 4.7571
25.125 74.625 4.5951
25.125 74.875 4.4429
25.125 75.125 4.2263
25.125 75.375 3.9453
25.125 75.625 3.8171
25.125 75.875 3.8419
25.125 76.125 4.4746
25.125 76.375 5.7151
25.125 76.625 7.4363
25.125 76.875 9.6378
25.125 77.125 11.339
25.125 77.375 12.54
25.125 77.625 12.6
25.125 77.875 11.52
25.125 78.125 10.51
25.125 78.375 9.5694
25.125 78.625 8.8271
25.125 78.875 8.2833
25.125 79.125 8.2269
25.125 79.375 8.6579
25.125 79.625 9.0055
25.125 79.875 9.2698
25.125 80.125 9.6764
25.125 80.375 10.225
25.125 80.625 10.685
25.125 80.875 11.056
25.125 81.125 11.075
25.125 81.375 10.744
25.125 81.625 10.755
25.125 81.875 11.107
25.125 82.125 11.248
25.125 82.375 11.178
25.125 82.625 11.193
25.125 82.875 11.291
25.125 83.125 11.707
25.125 83.375 12.44
25.125 83.625 12.988
25.125 83.875 13.351
25.125 84.125 13.712
25.125 84.375 14.07
25.125 84.625 14.665
25.125 84.875 15.498
25.125 85.125 16.279
25.125 85.375 17.009
25.125 85.625 17.685
25.125 85.875 18.306
25.125 86.125 19.162
25.125 86.375 20.254
25.125 86.625 20.656
25.125 86.875 20.367
25.125 87.125 22.384
25.125 87.375 26.707
25.125 87.625 28.739
25.125 87.875 28.479
25.125 88.125 28.981
25.125 88.375 30.247
25.125 92.375 98.049
25.125 92.625 95.554
25.125 92.875 79.871
25.125 93.125 73.094
25.125 93.375 75.218
25.125 93.625 89.831
25.125 93.875 116.93
25.125 94.125 138.01
25.125 94.375 153.05
25.375 70.875 0.57515
25.375 71.125 0.57115
25.375 71.375 0.49325
25.375 71.625 0.55185
25.375 71.875 0.74698
25.375 72.125 1.0123
25.375 72.375 1.3479
25.375 72.625 1.7229
25.375 72.875 2.1371
25.375 73.125 2.8238
25.375 73.375 3.7826
25.375 73.625 4.552
25.375 73.875 5.1323
25.375 74.125 5.29
25.375 74.375 5.025
25.375 74.625 4.6584
25.375 74.875 4.1902
25.375 75.125 3.7327
25.375 75.375 3.2856
25.375 75.625 3.0032
25.375 75.875 2.8853
25.375 76.125 3.1175
25.375 76.375 3.6999
25.375 76.625 5.0453
25.375 76.875 7.1538
25.375 77.125 9.1992
25.375 77.375 11.182
25.375 77.625 11.992
25.375 77.875 11.63
25.375 78.125 11.314
25.375 78.375 11.043
25.375 78.625 10.785
25.375 78.875 10.54
25.375 79.125 10.405
25.375 79.375 10.382
25.375 79.625 10.551
25.375 79.875 10.913
25.375 80.125 10.945
25.375 80.375 10.646
25.375 80.625 10.395
25.375 80.875 10.19
25.375 81.125 9.9375
25.375 81.375 9.6367
25.375 81.625 9.6393
25.375 81.875 9.9451
25.375 82.125 10.313
25.375 82.375 10.745
25.375 82.625 10.758
25.375 82.875 10.354
25.375 83.125 10.192
25.375 83.375 10.271
25.375 83.625 10.599
25.375 83.875 11.177
25.375 84.125 12.253
25.375 84.375 13.828
25.375 84.625 15.081
25.375 84.875 16.011
25.375 85.125 16.546
25.375 85.375 16.686
25.375 85.625 16.713
25.375 85.875 16.624
25.375 86.125 17.065
25.375 86.375 18.035
25.375 86.625 18.585
25.375 86.875 18.713
25.375 87.125 20.23
25.375 87.375 23.135
25.375 87.625 24.885
25.375 87.875 25.48
25.375 88.125 26.187
25.375 88.375 27.007
25.375 88.625 28.702
25.375 90.125 44.311
25.375 90.375 57.915
25.375 90.625 65.996
25.375 90.875 68.553
25.375 91.125 89.986
25.375 91.375 130.29
25.375 91.625 150.75
25.375 91.875 151.36
25.375 92.125 155.42
25.375 92.375 162.93
25.375 92.625 142.47
25.375 92.875 94.053
25.375 93.125 67.751
25.375 93.375 63.565
25.375 93.625 81.936
25.375 93.875 122.87
25.375 94.125 146.56
25.375 94.375 153.01
25.625 70.875 0.76881
25.625 71.125 0.80848
25.625 71.375 0.73933
25.625 71.625 0.81358
25.625 71.875 1.0313
25.625 72.125 1.3673
25.625 72.375 1.8216
25.625 72.625 2.2162
25.625 72.875 2.5511
25.625 73.125 3.0032
25.625 73.375 3.5725
25.625 73.625 4.1084
25.625 73.875 4.6107
25.625 74.125 4.7486
25.625 74.375 4.5223
25.625 74.625 4.1625
25.625 74.875 3.6697
25.625 75.125 3.1815
25.625 75.375 2.6981
25.625 75.625 2.4127
25.625 75.875 2.3254
25.625 76.125 2.3887
25.625 76.375 2.6028
25.625 76.625 3.479
25.625 76.875 5.0173
25.625 77.125 6.7935
25.625 77.375 8.8071
25.625 77.625 10.04
25.625 77.875 10.492
25.625 78.125 10.922
25.625 78.375 11.33
25.625 78.625 11.673
25.625 78.875 11.953
25.625 79.125 12.021
25.625 79.375 11.879
25.625 79.625 11.997
25.625 79.875 12.376
25.625 80.125 12.251
25.625 80.375 11.621
25.625 80.625 11.054
25.625 80.875 10.549
25.625 81.125 10.144
25.625 81.375 9.8406
25.625 81.625 9.7597
25.625 81.875 9.9018
25.625 82.125 10.33
25.625 82.375 11.044
25.625 82.625 11.257
25.625 82.875 10.97
25.625 83.125 10.647
25.625 83.375 10.288
25.625 83.625 10.307
25.625 83.875 10.703
25.625 84.125 11.71
25.625 84.375 13.326
25.625 84.625 14.587
25.625 84.875 15.492
25.625 85.125 16.011
25.625 85.375 16.144
25.625 85.625 16.099
25.625 85.875 15.876
25.625 86.125 16.18
25.625 86.375 17.009
25.625 86.625 17.805
25.625 86.875 18.567
25.625 87.125 19.654
25.625 87.375 21.067
25.625 87.625 22.406
25.625 87.875 23.672
25.625 88.125 25.416
25.625 90.125 46.79
25.625 90.375 60.916
25.625 90.625 68.566
25.625 90.875 69.739
25.625 91.125 90.486
25.625 91.375 130.81
25.625 91.625 151.98
25.625 91.875 154.02
25.625 92.125 157.87
25.625 92.375 163.51
25.625 92.625 140.82
25.625 92.875 89.775
25.625 93.125 62.584
25.625 93.375 59.242
25.625 93.625 73.323
25.625 93.875 104.83
25.625 94.125 125.22
25.625 94.375 134.49
NaN NaN NaN
NaN NaN NaN
25.875 70.375 0.56277
25.875 70.625 0.7659
25.875 70.875 1.0251
25.875 71.125 1.1441
25.875 71.375 1.123
25.875 71.625 1.2526
25.875 71.875 1.5329
25.875 72.125 1.9468
25.875 72.375 2.4943
25.875 72.625 2.8656
25.875 72.875 3.0607
25.875 73.125 3.1386
25.875 73.375 3.0993
25.875 73.625 3.1429
25.875 73.875 3.2696
25.875 74.125 3.305
25.875 74.375 3.2489
25.875 74.625 3.1077
25.875 74.875 2.8812
25.875 75.125 2.5729
25.875 75.375 2.1827
25.875 75.625 2.0458
25.875 75.875 2.1623
25.875 76.125 2.2882
25.875 76.375 2.4237
25.875 76.625 2.7371
25.875 76.875 3.2285
25.875 77.125 4.1215
25.875 77.375 5.4159
25.875 77.625 6.7443
25.875 77.875 8.1065
25.875 78.125 9.335
25.875 78.375 10.43
25.875 78.625 11.493
25.875 78.875 12.524
25.875 79.125 13.076
25.875 79.375 13.148
25.875 79.625 13.343
25.875 79.875 13.66
25.875 80.125 13.596
25.875 80.375 13.151
25.875 80.625 12.663
25.875 80.875 12.131
25.875 81.125 11.696
25.875 81.375 11.356
25.875 81.625 11.116
25.875 81.875 10.977
25.875 82.125 11.297
25.875 82.375 12.077
25.875 82.625 12.691
25.875 82.875 13.139
25.875 83.125 13.072
25.875 83.375 12.49
25.875 83.625 12.11
25.875 83.875 11.932
25.875 84.125 12.083
25.875 84.375 12.563
25.875 84.625 13.182
25.875 84.875 13.94
25.875 85.125 14.673
25.875 85.375 15.382
25.875 85.625 15.844
25.875 85.875 16.061
25.875 86.125 16.505
25.875 86.375 17.176
25.875 86.625 18.316
25.875 86.875 19.928
25.875 87.125 20.656
25.875 87.375 20.502
25.875 87.625 21.301
25.875 87.875 23.055
25.875 90.125 43.245
25.875 90.375 49.099
25.875 90.625 50.857
25.875 90.875 48.518
25.875 91.125 55.321
25.875 91.375 71.265
25.875 91.625 82.464
25.875 91.875 88.918
25.875 92.125 94.699
25.875 92.375 99.805
25.875 92.625 90.584
25.875 92.875 67.036
25.875 93.125 57.59
25.875 93.375 62.248
25.875 93.625 63.99
25.875 93.875 62.816
25.875 94.125 73.983
25.875 94.375 97.49
25.875 94.625 130.61
25.875 94.875 173.34
26.125 70.375 0.61629
26.125 70.625 0.85072
26.125 70.875 1.1572
26.125 71.125 1.3429
26.125 71.375 1.4077
26.125 71.625 1.5689
26.125 71.875 1.8267
26.125 72.125 2.1936
26.125 72.375 2.6698
26.125 72.625 2.9475
26.125 72.875 3.0268
26.125 73.125 2.8787
26.125 73.375 2.503
26.125 73.625 2.2493
26.125 73.875 2.1175
26.125 74.125 2.0899
26.125 74.375 2.1663
26.125 74.625 2.1973
26.125 74.875 2.1827
26.125 75.125 2.0389
26.125 75.375 1.7659
26.125 75.625 1.7422
26.125 75.875 1.9679
26.125 76.125 2.1943
26.125 76.375 2.4215
26.125 76.625 2.5118
26.125 76.875 2.4652
26.125 77.125 2.7462
26.125 77.375 3.3548
26.125 77.625 4.4025
26.125 77.875 5.8892
26.125 78.125 7.3005
26.125 78.375 8.6364
26.125 78.625 10.032
26.125 78.875 11.489
26.125 79.125 12.435
26.125 79.375 12.872
26.125 79.625 13.362
26.125 79.875 13.905
26.125 80.125 14.048
26.125 80.375 13.791
26.125 80.625 13.416
26.125 80.875 12.924
26.125 81.125 12.496
26.125 81.375 12.133
26.125 81.625 11.792
26.125 81.875 11.473
26.125 82.125 11.743
26.125 82.375 12.601
26.125 82.625 13.465
26.125 82.875 14.335
26.125 83.125 14.451
26.125 83.375 13.816
26.125 83.625 13.244
26.125 83.875 12.737
26.125 84.125 12.384
26.125 84.375 12.185
26.125 84.625 12.366
26.125 84.875 12.926
26.125 85.125 13.693
26.125 85.375 14.667
26.125 85.625 15.185
26.125 85.875 15.247
26.125 86.125 15.4
26.125 86.375 15.641
26.125 86.625 16.462
26.125 86.875 17.863
26.125 87.125 18.477
26.125 87.375 18.303
26.125 87.625 19.262
26.125 87.875 21.355
26.125 88.125 24.791
26.125 89.375 33.241
26.125 89.875 34.267
26.125 90.125 35.469
26.125 90.375 36.981
26.125 90.625 36.461
26.125 90.875 33.908
26.125 91.125 33.598
26.125 91.375 35.531
26.125 91.625 39.641
26.125 91.875 45.926
26.125 92.125 51.286
26.125 92.375 55.72
26.125 92.625 56.37
26.125 92.875 53.235
26.125 93.125 58.809
26.125 93.375 73.093
26.125 93.625 68.185
26.125 93.875 44.086
26.125 94.125 44.99
26.125 94.375 70.897
26.125 94.625 113.73
26.125 94.875 173.48
26.375 70.375 0.64031
26.375 70.625 0.87475
26.375 70.875 1.1652
26.375 71.125 1.4048
26.375 71.375 1.5933
26.375 71.625 1.7626
26.375 71.875 1.9126
26.375 72.125 2.1077
26.375 72.375 2.3479
26.375 72.625 2.4618
26.375 72.875 2.4495
26.375 73.125 2.2234
26.375 73.375 1.7837
26.375 73.625 1.4273
26.375 73.875 1.1543
26.375 74.125 1.1033
26.375 74.375 1.2744
26.375 74.625 1.4313
26.375 74.875 1.574
26.375 75.125 1.5795
26.375 75.375 1.4477
26.375 75.625 1.5019
26.375 75.875 1.7422
26.375 76.125 2.107
26.375 76.375 2.5962
26.375 76.625 2.8029
26.375 76.875 2.7273
26.375 77.125 2.6676
26.375 77.375 2.6239
26.375 77.625 3.0148
26.375 77.875 3.8404
26.375 78.125 4.8186
26.375 78.375 5.9493
26.375 78.625 7.2921
26.375 78.875 8.8472
26.375 79.125 10.099
26.375 79.375 11.049
26.375 79.625 12.053
26.375 79.875 13.111
26.375 80.125 13.607
26.375 80.375 13.541
26.375 80.625 13.315
26.375 80.875 12.927
26.375 81.125 12.547
26.375 81.375 12.173
26.375 81.625 11.788
26.375 81.875 11.39
26.375 82.125 11.667
26.375 82.375 12.617
26.375 82.625 13.58
26.375 82.875 14.557
26.375 83.125 14.785
26.375 83.375 14.265
26.375 83.625 13.709
26.375 83.875 13.119
26.375 84.125 12.613
26.375 84.375 12.192
26.375 84.625 12.137
26.375 84.875 12.45
26.375 85.125 13.071
26.375 85.375 13.999
26.375 85.625 14.12
26.375 85.875 13.435
26.375 86.125 12.863
26.375 86.375 12.406
26.375 86.625 12.243
26.375 86.875 12.374
26.375 87.125 13.116
26.375 87.625 16.288
26.375 87.875 18.572
26.375 88.125 19.782
26.375 88.375 19.919
26.375 88.875 18.986
26.375 89.375 20.615
26.375 89.625 21.68
26.375 89.875 22.502
26.375 90.125 23.463
26.375 90.375 24.563
26.375 90.625 25.378
26.375 90.875 25.907
26.375 91.125 25.316
26.375 91.375 23.603
26.375 91.625 23.514
26.375 91.875 25.048
26.375 92.125 27.63
26.375 92.375 31.259
26.375 92.625 38.174
26.375 92.875 48.374
26.375 93.125 66.241
26.375 93.375 91.776
26.375 93.625 85.908
26.375 93.875 48.639
26.375 94.125 38.24
26.375 94.375 54.711
26.375 94.625 92.949
26.375 94.875 152.96
26.625 69.875 0.32435
26.625 70.125 0.46303
26.625 70.375 0.67271
26.625 70.625 0.91077
26.625 70.875 1.1772
26.625 71.125 1.4084
26.625 71.375 1.6043
26.625 71.625 1.7305
26.625 71.875 1.7873
26.625 72.125 1.8383
26.625 72.375 1.8834
26.625 72.625 1.8914
26.625 72.875 1.8623
26.625 73.125 1.6592
26.625 73.375 1.2821
26.625 73.625 0.94536
26.625 73.875 0.64905
26.625 74.125 0.60682
26.625 74.375 0.81869
26.625 74.625 1.0342
26.625 74.875 1.2533
26.625 75.125 1.3596
26.625 75.375 1.3531
26.625 75.625 1.4939
26.625 75.875 1.7823
26.625 76.125 2.178
26.625 76.375 2.681
26.625 76.625 2.9649
26.625 76.875 3.0297
26.625 77.125 2.9238
26.625 77.375 2.6472
26.625 77.625 2.6519
26.625 77.875 2.938
26.625 78.125 3.5063
26.625 78.375 4.3566
26.625 78.625 5.4134
26.625 78.875 6.6766
26.625 79.125 7.8814
26.625 79.375 9.0282
26.625 79.625 10.197
26.625 79.875 11.389
26.625 80.125 12.081
26.625 80.375 12.274
26.625 80.625 12.347
26.625 80.875 12.299
26.625 81.125 12.304
26.625 81.375 12.362
26.625 81.625 12.392
26.625 81.875 12.393
26.625 82.125 12.831
26.625 82.375 13.704
26.625 82.625 14.445
26.625 82.875 15.055
26.625 83.125 15.147
26.625 83.375 14.72
26.625 83.625 14.333
26.625 83.875 13.984
26.625 84.125 13.456
26.625 84.375 12.749
26.625 84.625 12.436
26.625 84.875 12.516
26.625 85.125 12.766
26.625 85.375 13.188
26.625 85.625 13.091
26.625 86.125 13.01
26.625 88.375 15.947
26.625 88.625 13.961
26.625 88.875 17.762
26.625 89.125 24.626
26.625 89.375 34.554
26.625 89.625 36.688
26.625 89.875 31.029
26.625 90.125 29.129
26.625 90.375 30.988
26.625 90.625 34.271
26.625 90.875 38.979
26.625 91.125 38.854
26.625 91.375 33.898
26.625 91.625 41.057
26.625 91.875 60.332
26.625 92.125 59.26
26.625 92.375 37.842
26.625 92.625 31.335
26.625 92.875 39.739
26.625 93.125 58.056
26.625 93.375 86.283
26.625 93.625 82.089
26.625 93.875 45.472
26.625 94.125 31.027
26.625 94.375 38.755
26.625 94.625 66.048
26.625 94.875 112.91
26.625 95.125 141.89
26.875 69.625 0.19912
26.875 69.875 0.28576
26.875 70.125 0.45721
26.875 70.375 0.71348
26.875 70.625 0.95883
26.875 70.875 1.1933
26.875 71.125 1.3538
26.875 71.375 1.4404
26.875 71.625 1.4728
26.875 71.875 1.451
26.875 72.125 1.3855
26.875 72.375 1.2763
26.875 72.625 1.2362
26.875 72.875 1.2653
26.875 73.125 1.186
26.875 73.375 0.99814
26.875 73.625 0.80341
26.875 73.875 0.60173
26.875 74.125 0.60028
26.875 74.375 0.79902
26.875 74.625 1.0058
26.875 74.875 1.2206
26.875 75.125 1.3793
26.875 75.375 1.4819
26.875 75.625 1.7182
26.875 75.875 2.088
26.875 76.125 2.4073
26.875 76.375 2.6759
26.875 76.625 2.9977
26.875 76.875 3.3727
26.875 77.125 3.515
26.875 77.375 3.4247
26.875 77.625 3.3137
26.875 77.875 3.1819
26.875 78.125 3.3636
26.875 78.375 3.8586
26.875 78.625 4.3963
26.875 78.875 4.9766
26.875 79.125 5.7811
26.875 79.375 6.8098
26.875 79.625 7.7955
26.875 79.875 8.7383
26.875 80.125 9.4701
26.875 80.375 9.9906
26.875 80.625 10.514
26.875 80.875 11.039
26.875 81.125 11.768
26.875 81.375 12.7
26.875 81.625 13.605
26.875 81.875 14.483
26.875 82.125 15.235
26.875 82.375 15.862
26.875 82.625 16.06
26.875 82.875 15.828
26.875 83.125 15.536
26.875 83.375 15.182
26.875 83.625 15.114
26.875 83.875 15.332
26.875 84.125 14.913
26.875 84.375 13.858
26.875 84.625 13.261
26.875 84.875 13.123
26.875 88.375 17.652
26.875 88.625 15.439
26.875 88.875 29.958
26.875 92.375 75.469
26.875 92.625 35.855
26.875 92.875 27.334
26.875 93.125 34.254
26.875 93.375 56.617
26.875 93.625 56.727
26.875 93.875 34.585
26.875 94.125 23.352
26.875 94.375 23.027
26.875 94.625 33.022
26.875 94.875 53.336
26.875 95.125 87.668
26.875 95.375 136.02
26.875 95.625 156.26
27.125 69.875 0.33308
27.125 70.125 0.49325
27.125 70.375 0.72549
27.125 70.625 0.92754
27.125 70.875 1.0994
27.125 71.125 1.2286
27.125 71.375 1.3152
27.125 71.625 1.3432
27.125 71.875 1.3127
27.125 72.125 1.2009
27.125 72.375 1.008
27.125 72.625 0.93663
27.125 72.875 0.98687
27.125 73.125 0.9854
27.125 73.375 0.93225
27.125 73.625 0.82414
27.125 73.875 0.66108
27.125 74.125 0.6476
27.125 74.375 0.78373
27.125 74.625 0.94318
27.125 74.875 1.1259
27.125 75.125 1.3742
27.125 75.375 1.688
27.125 75.625 2.0811
27.125 75.875 2.5536
27.125 76.125 2.8117
27.125 76.375 2.8554
27.125 76.625 3.072
27.125 76.875 3.4615
27.125 77.125 3.7152
27.125 77.375 3.8332
27.125 77.625 3.7731
27.125 77.875 3.535
27.125 78.125 3.5033
27.125 78.375 3.6781
27.125 78.625 3.8546
27.125 78.875 4.033
27.125 79.125 4.4895
27.125 79.375 5.2241
27.125 79.625 5.9332
27.125 79.875 6.6169
27.125 80.125 7.3136
27.125 80.375 8.0234
27.125 80.625 8.9797
27.125 80.875 10.182
27.125 81.125 11.551
27.125 81.375 13.086
27.125 81.625 13.972
27.125 81.875 14.21
27.125 82.125 14.338
27.125 82.375 14.355
27.125 82.625 14.033
27.125 82.875 13.372
27.125 83.125 13.15
27.125 83.375 13.364
27.125 83.625 14.277
27.125 83.875 15.888
27.125 84.125 16.474
27.125 84.375 16.036
27.125 84.625 20.058
27.125 88.125 78.301
27.125 88.375 44.22
27.125 88.625 37.372
27.125 92.125 195.64
27.125 92.375 134.16
27.125 92.625 84.774
27.125 92.875 47.475
27.125 93.125 47.963
27.125 93.375 86.239
27.125 93.625 93.619
27.125 93.875 70.103
27.125 94.125 47.953
27.125 94.375 27.169
27.125 94.625 19.298
27.125 94.875 24.34
27.125 95.125 51.56
27.125 95.375 100.96
27.125 95.625 126.45
27.125 95.875 128.05
27.375 70.125 0.57115
27.375 70.375 0.70875
27.375 70.625 0.81687
27.375 70.875 0.8955
27.375 71.125 1.0327
27.375 71.375 1.2286
27.375 71.625 1.3418
27.375 71.875 1.3724
27.375 72.125 1.2846
27.375 72.375 1.0786
27.375 72.625 0.99268
27.375 72.875 1.0269
27.375 73.125 1.0575
27.375 73.375 1.0844
27.375 73.625 1.0076
27.375 73.875 0.82706
27.375 74.125 0.74879
27.375 74.375 0.77283
27.375 74.625 0.84635
27.375 74.875 0.96939
27.375 75.125 1.3443
27.375 75.375 1.9712
27.375 75.625 2.5827
27.375 75.875 3.179
27.375 76.125 3.3913
27.375 76.375 3.2194
27.375 76.625 3.1877
27.375 76.875 3.2962
27.375 77.125 3.5245
27.375 77.375 3.8725
27.375 77.625 4.0301
27.375 77.875 3.9973
27.375 78.125 3.9256
27.375 78.375 3.815
27.375 78.625 3.7884
27.375 78.875 3.8459
27.375 79.125 4.0068
27.375 79.375 4.2711
27.375 79.625 4.6103
27.375 79.875 5.0246
27.375 80.125 5.6121
27.375 80.375 6.373
27.375 80.625 7.745
27.375 80.875 9.7281
27.375 81.125 11.653
27.375 81.375 13.52
27.375 81.625 13.494
27.375 81.875 11.576
27.375 82.125 10.138
27.375 82.375 9.1803
27.375 82.625 8.3634
27.375 82.875 7.6871
27.375 83.125 7.9885
27.375 83.625 11.822
27.375 84.125 18.139
27.375 84.375 19.284
27.375 88.125 148.82
27.375 88.375 95.649
27.375 88.625 79.763
27.375 92.125 207.64
27.375 92.375 213.92
27.375 92.625 178.1
27.375 92.875 100.16
27.375 93.125 99.181
27.375 93.375 175.15
27.375 93.625 192.76
27.375 93.875 152.03
27.375 94.125 104.83
27.375 94.375 51.18
27.375 94.625 24.876
27.375 94.875 25.917
27.375 95.125 33.568
27.375 95.375 47.828
27.375 95.625 54.228
27.375 95.875 52.766
27.375 96.125 59.801
27.375 96.375 75.334
NaN NaN NaN
27.375 96.875 184.67
27.625 70.125 0.73351
27.625 70.375 0.79394
27.625 70.625 0.82887
27.625 70.875 0.83833
27.625 71.125 0.95592
27.625 71.375 1.1816
27.625 71.625 1.3563
27.625 71.875 1.4801
27.625 72.125 1.4237
27.625 72.375 1.1871
27.625 72.625 1.0553
27.625 72.875 1.0284
27.625 73.125 1.0324
27.625 73.375 1.0673
27.625 73.625 1.0258
27.625 73.875 0.90787
27.625 74.125 0.84417
27.625 74.375 0.8347
27.625 74.625 0.84963
27.625 74.875 0.88894
27.625 75.125 1.2446
27.625 75.375 1.9166
27.625 75.625 2.5427
27.625 75.875 3.1229
27.625 76.125 3.3162
27.625 76.375 3.1226
27.625 76.625 3.0607
27.625 76.875 3.1306
27.625 77.125 3.3749
27.625 77.375 3.7935
27.625 77.625 4.0122
27.625 77.875 4.0312
27.625 78.125 3.926
27.625 78.375 3.6966
27.625 78.625 3.5965
27.625 78.875 3.6257
27.625 79.125 3.7494
27.625 79.375 3.9679
27.625 79.625 4.3494
27.625 79.875 4.8939
27.625 80.125 5.9291
27.625 80.375 7.4552
27.625 80.625 8.9298
27.625 80.875 10.353
27.625 81.125 11.326
27.625 81.375 11.848
27.625 81.625 11.361
27.625 81.875 9.8646
27.625 82.125 9.4311
27.625 82.375 10.06
27.625 82.625 10.171
27.625 88.375 121.27
27.625 88.625 99.992
27.625 91.625 70.781
27.625 91.875 134.03
27.625 92.125 203.49
27.625 92.375 279.19
27.625 92.625 273.33
27.625 92.875 185.93
27.625 93.125 158.89
27.625 93.375 192.22
27.625 93.625 191.47
27.625 93.875 156.64
27.625 94.125 116.35
27.625 94.375 70.594
27.625 94.625 45.944
27.625 94.875 42.395
27.625 95.125 35.368
27.625 95.375 24.863
27.625 95.625 17.916
27.625 95.875 14.526
27.625 96.125 27.653
27.625 96.375 57.297
27.625 96.625 101.5
27.625 96.875 160.27
27.875 70.375 0.98104
27.875 71.875 1.6359
27.875 72.125 1.6181
27.875 72.375 1.3334
27.875 72.625 1.1245
27.875 72.875 0.99123
27.875 73.125 0.91005
27.875 73.375 0.88094
27.875 73.625 0.87875
27.875 73.875 0.9035
27.875 74.125 0.93371
27.875 74.375 0.96939
27.875 74.625 0.95301
27.875 74.875 0.88457
27.875 75.125 1.075
27.875 75.375 1.5242
27.875 75.625 1.961
27.875 75.875 2.3854
27.875 76.125 2.5867
27.875 76.375 2.5649
27.875 76.625 2.6908
27.875 76.875 2.9646
27.875 77.125 3.2664
27.875 77.375 3.5962
27.875 77.625 3.7196
27.875 77.875 3.6366
27.875 78.125 3.5044
27.875 78.375 3.3232
27.875 78.625 3.2791
27.875 78.875 3.3723
27.875 79.125 3.7174
27.875 79.375 4.3144
27.875 79.625 5.1502
27.875 79.875 6.2248
27.875 80.125 8.2648
27.875 80.375 11.27
27.875 80.625 12.534
27.875 80.875 12.058
27.875 81.125 10.569
27.875 81.375 8.0701
27.875 81.625 7.5728
27.875 88.375 200.13
27.875 88.625 197.75
27.875 92.875 304.77
27.875 93.125 227.1
27.875 93.375 137.46
27.875 93.625 89.739
27.875 93.875 83.939
27.875 94.125 82.496
27.875 94.375 85.413
27.875 94.625 82.504
27.875 94.875 73.773
27.875 95.125 56.958
27.875 95.375 32.06
27.875 95.625 17.517
27.875 95.875 13.329
27.875 96.125 21.355
27.875 96.375 41.594
27.875 96.625 84.016
NaN NaN NaN
27.875 97.125 174.52
28.125 72.125 1.6159
28.125 72.375 1.3851
28.125 72.625 1.1798
28.125 72.875 0.99997
28.125 73.125 0.88349
28.125 73.375 0.83034
28.125 73.625 0.82414
28.125 73.875 0.86491
28.125 74.125 0.95411
28.125 74.375 1.0917
28.125 74.625 1.1106
28.125 74.875 1.0109
28.125 75.125 1.0568
28.125 75.375 1.2482
28.125 75.625 1.5318
28.125 75.875 1.9075
28.125 76.125 2.155
28.125 76.375 2.2744
28.125 76.625 2.4895
28.125 76.875 2.8004
28.125 77.125 3.0793
28.125 77.375 3.3261
28.125 77.625 3.4069
28.125 77.875 3.3217
28.125 78.125 3.349
28.125 78.375 3.4888
28.125 78.625 3.7902
28.125 78.875 4.2532
28.125 79.125 4.6104
28.125 79.375 4.8615
28.125 79.625 5.2827
28.125 79.875 5.8739
28.125 80.125 7.5232
28.125 80.375 10.231
28.125 80.625 11.014
28.125 80.875 9.8734
28.125 81.125 7.9633
28.125 81.375 5.2841
28.125 92.875 306.07
28.125 93.125 232.45
28.125 93.375 116.34
28.125 93.625 63.71
28.125 93.875 74.574
28.125 94.125 88.331
28.125 94.375 104.98
28.125 94.625 105.95
28.125 94.875 91.238
28.125 95.125 85.415
28.125 95.375 88.48
28.125 95.625 74.489
28.125 95.875 43.446
28.125 96.125 34.559
28.125 96.375 47.826
NaN NaN NaN
NaN NaN NaN
NaN NaN NaN
28.375 72.375 1.3421
28.375 72.625 1.2213
28.375 72.875 1.0546
28.375 73.125 0.95265
28.375 73.375 0.91551
28.375 73.625 0.862
28.375 73.875 0.79212
28.375 74.125 0.90533
28.375 74.375 1.2016
28.375 74.625 1.3225
28.375 74.875 1.2679
28.375 75.125 1.19
28.375 75.375 1.0888
28.375 75.625 1.2551
28.375 75.875 1.6891
28.375 76.125 2.021
28.375 76.375 2.2511
28.375 76.625 2.4568
28.375 76.875 2.6381
28.375 77.125 2.8135
28.375 77.375 2.9832
28.375 77.625 3.0742
28.375 77.875 3.0865
28.375 78.125 3.4597
28.375 78.375 4.1935
28.375 78.625 5.1298
28.375 78.875 6.2685
28.375 79.125 6.4283
28.375 79.375 5.6092
28.375 79.625 4.7469
28.375 79.875 3.8412
28.375 80.125 3.7047
28.375 80.375 4.3373
28.375 80.625 4.3694
28.375 80.875 3.8008
28.375 81.125 3.5077
28.375 93.375 128.85
28.375 93.625 113.39
28.375 93.875 128.54
28.375 94.125 133.85
28.375 94.375 129.3
28.375 94.625 116.28
28.375 94.875 94.79
28.375 95.125 120.74
28.375 95.375 194.12
28.375 95.625 188.83
28.375 95.875 104.88
28.375 96.125 67.266
NaN NaN NaN
28.625 72.375 1.3811
28.625 72.625 1.3298
28.625 72.875 1.1936
28.625 73.125 1.0961
28.625 73.375 1.0371
28.625 73.625 0.98249
28.625 73.875 0.93225
28.625 74.125 1.0717
28.625 74.375 1.4008
28.625 74.625 1.5027
28.625 74.875 1.3775
28.625 75.125 1.2573
28.625 75.375 1.1423
28.625 75.625 1.3014
28.625 75.875 1.7346
28.625 76.125 2.0855
28.625 76.375 2.3541
28.625 76.625 2.5125
28.625 76.875 2.5605
28.625 77.125 2.6457
28.625 77.375 2.768
28.625 77.625 2.9111
28.625 77.875 3.0749
28.625 78.125 3.586
28.625 78.375 4.4443
28.625 78.625 5.2358
28.625 78.875 5.9602
28.625 79.125 5.8779
28.625 79.375 4.9889
28.625 79.625 4.1451
28.625 79.875 3.3465
28.625 80.125 3.8394
28.625 80.375 5.6238
28.625 80.625 6.8512
28.625 93.625 137.72
28.625 93.875 187.1
28.625 94.125 149.52
28.625 94.375 134.31
28.625 94.625 115.12
28.625 94.875 91.948
28.625 95.125 133.21
28.625 95.375 238.92
28.625 95.625 238.92
28.625 95.875 133.22
28.625 96.125 86.161
NaN NaN NaN
28.875 72.875 1.4171
28.875 73.125 1.3138
28.875 73.375 1.1951
28.875 73.625 1.1856
28.875 73.875 1.2854
28.875 74.125 1.4532
28.875 74.375 1.6891
28.875 74.625 1.6512
28.875 74.875 1.3396
28.875 75.125 1.2588
28.875 75.375 1.4088
28.875 75.625 1.6705
28.875 75.875 2.044
28.875 76.125 2.3483
28.875 76.375 2.5835
28.875 76.625 2.6566
28.875 76.875 2.5678
28.875 77.125 2.5758
28.875 77.375 2.6806
28.875 77.625 2.9176
28.875 77.875 3.2868
28.875 78.125 3.7279
28.875 78.375 4.2412
28.875 78.625 4.108
28.875 78.875 3.3283
28.875 79.125 2.9591
28.875 79.375 3.0006
28.875 79.625 3.4775
28.875 79.875 4.3897
28.875 94.125 135.34
28.875 94.375 120.02
28.875 94.625 102.48
28.875 94.875 82.711
28.875 95.125 122.84
28.875 95.375 222.88
28.875 95.625 224.75
28.875 95.875 128.47
28.875 96.125 91.246
NaN NaN NaN
29.125 73.125 1.4728
29.125 73.375 1.3927
29.125 73.625 1.4499
29.125 73.875 1.6443
29.125 74.125 1.811
29.125 74.375 1.9501
29.125 74.625 1.8602
29.125 74.875 1.5413
29.125 75.125 1.5394
29.125 75.375 1.8547
29.125 75.625 2.1681
29.125 75.875 2.4797
29.125 76.125 2.6872
29.125 76.375 2.7906
29.125 76.625 2.8445
29.125 76.875 2.8489
29.125 77.125 3.001
29.125 77.375 3.3009
29.125 77.625 3.4946
29.125 77.875 3.582
29.125 78.125 3.6402
29.125 78.375 3.6693
29.125 78.625 3.3133
29.125 78.875 2.5722
29.125 79.125 4.1298
29.125 79.375 7.9863
29.125 79.625 9.5217
29.125 79.875 8.7362
29.125 80.125 10.683
29.125 94.375 123.9
29.125 94.625 113.52
29.125 94.875 95.065
29.125 95.625 174.88
29.125 95.875 111.93
29.125 96.125 96.322
29.375 73.375 1.6301
29.375 73.625 1.7753
29.375 73.875 2.009
29.375 74.125 2.1452
29.375 74.375 2.1838
29.375 74.625 2.1295
29.375 74.875 1.9825
29.375 75.125 2.0993
29.375 75.375 2.4801
29.375 75.625 2.7942
29.375 75.875 3.0418
29.375 76.125 3.1022
29.375 76.375 2.9755
29.375 76.625 3.076
29.375 76.875 3.4036
29.375 77.125 3.9212
29.375 77.375 4.6289
29.375 77.625 4.642
29.375 77.875 3.9606
29.375 78.125 3.3228
29.375 78.375 2.7287
29.375 78.625 2.8518
29.375 78.875 3.6919
29.375 79.125 9.39
29.375 79.375 19.946
29.375 79.625 22.278
29.375 79.875 16.386
29.375 80.125 12.106
NaN NaN NaN
29.625 73.375 1.8427
29.625 73.625 2.0665
29.625 73.875 2.3905
29.625 74.125 2.6064
29.625 74.375 2.7141
29.625 74.625 2.7724
29.625 74.875 2.7811
29.625 75.125 2.898
29.625 75.375 3.1229
29.625 75.625 3.3119
29.625 75.875 3.4647
29.625 76.125 3.4433
29.625 76.375 3.2474
29.625 76.625 3.325
29.625 76.875 3.6759
29.625 77.125 4.1466
29.625 77.375 4.737
29.625 77.625 4.7137
29.625 77.875 4.0767
29.625 78.125 4.3093
29.625 78.375 5.4116
29.625 78.625 6.9929
29.625 78.875 9.0533
29.625 79.125 14.356
29.625 79.375 22.902
29.625 79.625 24.429
29.625 79.875 18.938
29.625 80.125 13.577
29.875 73.625 2.3236
29.875 73.875 2.7888
29.875 74.125 3.1947
29.875 74.375 3.5412
29.875 74.625 3.7888
29.875 74.875 3.9372
29.875 75.125 3.9354
29.875 75.375 3.7833
29.875 75.625 3.721
29.875 75.875 3.7487
29.875 76.125 3.7105
29.875 76.375 3.6064
29.875 76.625 3.5914
29.875 76.875 3.6657
29.875 77.125 3.677
29.875 77.375 3.6253
29.875 77.625 3.7098
29.875 77.875 3.9303
29.875 78.125 6.5997
29.875 78.375 11.718
29.875 78.625 15.737
29.875 78.875 18.656
29.875 79.125 19.029
29.875 79.375 16.855
29.875 79.625 15.976
29.875 79.875 16.392
29.875 80.125 15.095
29.875 80.375 12.086
30.125 74.125 3.8069
30.125 74.375 4.1957
30.125 74.625 4.4327
30.125 74.875 4.5179
30.125 75.125 4.3977
30.125 75.375 4.0723
30.125 75.625 3.9595
30.125 75.875 4.0592
30.125 76.125 3.9271
30.125 76.375 3.563
30.125 76.625 3.4553
30.125 76.875 3.6038
30.125 77.125 3.8579
30.125 77.375 4.2176
30.125 77.625 4.6486
30.125 77.875 5.1509
30.125 78.125 8.023
30.125 78.375 13.265
30.125 78.625 17.966
30.125 78.875 22.126
30.125 79.125 21.557
30.125 79.375 16.259
30.125 79.625 15.847
30.125 79.875 20.321
30.125 80.125 20.951
30.125 80.375 17.737
30.125 80.625 27.259
30.375 74.125 4.4432
30.375 74.375 4.6777
30.375 74.625 4.7043
30.375 74.875 4.5229
30.375 75.125 4.2849
30.375 75.375 3.99
30.375 75.625 4.0272
30.375 75.875 4.3963
30.375 76.125 4.0931
30.375 76.375 3.1175
30.375 76.625 2.9166
30.375 76.875 3.4902
30.375 77.125 4.6893
30.375 77.375 6.5138
30.375 77.625 7.5301
30.375 77.875 7.7383
30.375 78.125 8.5794
30.375 78.375 10.053
30.375 78.625 13.681
30.375 78.875 19.463
30.375 79.125 21.941
30.375 79.375 21.114
30.375 79.625 24.042
30.375 79.875 30.725
30.375 80.125 31.145
30.375 80.375 25.302
30.375 80.625 25.11
30.625 74.375 4.9503
30.625 74.625 4.7938
30.625 74.875 4.3868
30.625 75.125 4.0697
30.625 75.375 3.8426
30.625 75.625 4.0319
30.625 75.875 4.6376
30.625 76.125 4.2995
30.625 76.375 3.0174
30.625 76.625 3.9646
30.625 76.875 7.141
30.625 77.125 10.735
30.625 77.375 14.746
30.625 77.625 15.342
30.625 77.875 12.521
30.625 78.125 13.288
30.625 78.375 17.644
30.625 78.625 25.02
30.625 78.875 35.416
30.625 79.125 39.464
30.625 79.375 37.164
30.625 79.625 35.375
30.625 79.875 34.099
30.625 80.125 30.214
30.875 74.625 4.7013
30.875 74.875 4.1095
30.875 75.125 3.7523
30.875 75.375 3.63
30.875 75.625 3.9737
30.875 75.875 4.7832
30.875 76.125 4.5463
30.875 76.375 3.2627
30.875 76.625 6.5993
30.875 76.875 14.556
30.875 77.125 21.995
30.875 77.375 28.916
30.875 77.625 28.083
30.875 77.875 19.497
30.875 78.125 22.149
30.875 78.375 36.038
30.875 78.625 51.984
30.875 78.875 69.987
30.875 79.125 74.128
30.875 79.375 1.2436
30.875 79.625 1.3579
30.875 79.875 16.71
31.125 74.875 4.2875
31.125 75.125 4.1327
31.125 75.375 4.2966
31.125 75.625 5.2987
31.125 75.875 7.1392
31.125 76.125 6.848
31.125 76.375 4.425
31.125 76.625 7.0078
31.125 76.875 14.596
31.125 77.125 21.86
31.125 77.375 28.8
31.125 77.625 28.253
31.125 77.875 20.221
31.125 78.125 23.423
31.125 78.375 37.859
31.125 78.625 53.552
31.125 78.875 0.5831
31.125 79.125 0.77566
31.375 74.875 4.9209
31.375 75.125 5.211
31.375 75.375 5.8422
31.375 75.625 8.0071
31.375 75.875 11.705
31.375 76.125 11.205
31.375 76.375 6.5044
31.375 76.625 5.1899
31.375 76.875 7.2611
31.375 77.125 10.331
31.375 77.375 14.399
31.375 77.625 15.853
31.375 77.875 14.692
31.375 78.125 17.11
31.375 78.375 23.109
31.375 78.625 29.725
31.625 74.875 6.4683
31.625 75.125 6.5673
31.625 75.375 6.4108
31.625 75.625 7.9389
31.625 75.875 11.152
31.625 76.125 10.654
31.625 76.375 6.4461
31.625 76.625 4.7607
31.625 76.875 5.5979
31.625 77.125 9.5381
31.625 77.375 16.581
31.625 77.625 20.582
31.625 77.875 21.54
31.625 78.125 19.927
31.625 78.375 15.744
31.625 78.625 14.423
31.875 74.875 8.9298
31.875 75.125 8.2017
31.875 75.375 6.0024
31.875 75.625 5.0945
31.875 75.875 5.4782
31.875 76.125 5.1968
31.875 76.375 4.2503
31.875 76.625 5.7203
31.875 76.875 9.6065
31.875 77.125 19.482
31.875 77.375 35.346
31.875 77.625 42.441
31.875 77.875 40.766
31.875 78.125 31.874
31.875 78.375 15.766
31.875 78.625 7.6481
32.125 75.375 5.9638
32.125 75.625 4.8102
32.125 75.875 4.468
32.125 76.125 8.0263
32.125 76.375 15.485
32.125 76.625 23.067
32.125 76.875 30.772
32.125 77.125 40.408
32.125 77.375 51.976
32.125 77.625 54.358
32.125 77.875 47.553
32.125 78.125 34.447
32.125 78.375 15.041
32.375 75.375 6.2951
32.375 75.625 7.0861
32.375 75.875 8.1213
32.375 76.125 19.143
32.375 76.375 40.151
32.375 76.625 56.801
32.375 76.875 69.094
32.375 77.125 72.318
32.375 77.375 66.472
32.375 77.625 56.333
32.375 77.875 41.899
32.375 78.125 27.645
32.375 78.375 13.57
32.625 74.875 6.4832
32.625 75.125 8.8235
32.625 75.375 12.955
32.625 75.625 15.164
32.625 75.875 15.45
32.625 76.125 27.215
32.625 76.375 50.457
32.625 76.625 67.24
32.625 76.875 77.561
32.625 77.125 75.636
32.625 77.375 61.466
32.625 77.625 46.974
32.625 77.875 32.161
32.625 78.125 20.505
32.625 78.375 12.006
32.625 78.625 8.2535
32.625 78.875 9.2473
32.625 79.125 9.4704
32.625 79.375 8.9229
32.875 74.375 6.7224
32.875 74.625 8.3237
32.875 74.875 11.281
32.875 75.125 17.155
32.875 75.375 25.944
32.875 75.625 29.044
32.875 75.875 26.454
32.875 76.125 32.242
32.875 76.375 46.406
32.875 76.625 54.383
32.875 76.875 56.174
32.875 77.125 50.365
32.875 77.375 36.957
32.875 77.625 26.282
32.875 77.875 18.339
32.875 78.125 13.028
32.875 78.375 10.351
32.875 78.625 9.0085
32.875 78.875 9.0019
32.875 79.125 8.885
32.875 79.375 8.6579
33.125 73.875 13.277
33.125 74.125 20.119
33.125 74.375 33.204
33.125 74.625 38.785
33.125 74.875 36.862
33.125 75.125 36.467
33.125 75.375 37.601
33.125 75.625 37.053
33.125 75.875 34.822
33.125 76.125 37.047
33.125 76.375 43.728
33.125 76.625 44.565
33.125 76.875 39.558
33.125 77.125 31.506
33.125 77.375 20.409
33.125 77.625 13.58
33.125 77.875 11.019
33.125 78.125 9.9811
33.125 78.375 10.467
33.125 78.625 10.099
33.125 78.875 8.877
33.125 79.125 8.0962
33.375 73.875 26.24
33.375 74.125 49.143
33.375 74.375 85.958
33.375 74.625 97.319
33.375 74.875 83.225
33.375 75.125 66.761
33.375 75.375 47.926
33.375 75.625 39.191
33.375 75.875 40.554
33.375 76.125 41.631
33.375 76.375 42.423
33.375 76.625 37.785
33.375 76.875 27.715
33.375 77.125 19.061
33.375 77.375 11.823
33.375 77.625 8.8697
33.375 77.875 10.202
33.375 78.125 11.364
33.375 78.375 12.355
33.375 78.625 11.524
33.375 78.875 8.8727
33.625 73.875 36.87
33.625 74.125 62.324
33.625 74.375 100.34
33.625 74.625 109.63
33.625 74.875 90.18
33.625 75.125 69.891
33.625 75.375 48.76
33.625 75.625 40.013
33.625 75.875 43.649
33.625 76.125 43.908
33.625 76.375 40.787
33.625 76.625 33.247
33.625 76.875 21.288
33.625 77.125 12.915
33.625 77.375 8.1286
33.625 77.625 7.2106
33.625 77.875 10.161
33.625 78.125 12.09
33.625 78.375 13
33.625 78.625 11.867
33.625 78.875 8.6939
33.875 73.875 45.166
33.875 74.125 59.663
33.875 74.375 76.36
33.875 74.625 75.716
33.875 74.875 57.728
33.875 75.125 45.857
33.875 75.375 40.102
33.875 75.625 39.52
33.875 75.875 44.11
33.875 76.125 43.877
33.875 76.375 38.82
33.875 76.625 30.953
33.875 76.875 20.276
33.875 77.125 13.068
33.875 77.375 9.327
33.875 77.625 8.6026
33.875 77.875 10.894
33.875 78.125 12.161
33.875 78.375 12.402
33.875 78.625 11.129
33.875 78.875 8.3408
34.125 73.625 44.201
34.125 73.875 52.776
34.125 74.125 57.328
34.125 74.375 57.856
34.125 74.625 51.378
34.125 74.875 37.896
34.125 75.125 32.556
34.125 75.375 35.359
34.125 75.625 37.551
34.125 75.875 39.132
34.125 76.125 37.276
34.125 76.375 31.983
34.125 76.625 26.116
34.125 76.875 19.677
34.125 77.125 15.382
34.125 77.375 13.233
34.125 77.625 12.75
34.125 77.875 13.934
34.125 78.125 14.163
34.125 78.375 13.436
34.125 78.625 11.678
34.125 78.875 8.8891
34.125 79.125 7.2258
34.125 79.375 6.6885
34.375 73.625 57.969
34.375 73.875 59.699
34.375 74.125 55.319
34.375 74.375 44.829
34.375 74.625 36.617
34.375 74.875 30.685
34.375 75.125 29.989
34.375 75.375 34.53
34.375 75.625 34.106
34.375 75.875 28.715
34.375 76.125 24.105
34.375 76.375 20.275
34.375 76.625 18.736
34.375 76.875 19.488
34.375 77.125 19.858
34.375 77.375 19.846
34.375 77.625 19.654
34.375 77.875 19.279
34.375 78.125 18.095
34.375 78.375 16.102
34.375 78.625 13.517
34.375 78.875 10.339
34.375 79.125 8.2524
34.375 79.375 7.2579
34.625 73.875 75.951
34.625 74.125 67.82
34.625 74.375 50.764
34.625 74.625 40.653
34.625 74.875 37.489
34.625 75.125 36.775
34.625 75.375 38.512
34.625 75.625 34.36
34.625 75.875 24.321
34.625 76.125 18.32
34.625 76.375 16.357
34.625 76.625 18.059
34.625 76.875 23.429
34.625 77.125 26.197
34.625 77.375 26.364
34.625 77.625 25.196
34.625 77.875 22.692
34.625 78.125 19.951
34.625 78.375 16.973
34.625 78.625 13.723
34.625 78.875 10.2
34.625 79.125 7.7304
34.625 79.375 6.3151
34.625 79.625 5.6849
34.875 74.125 94.831
34.875 74.375 75.66
34.875 74.625 63.486
34.875 74.875 58.31
34.875 75.125 52.915
34.875 75.375 47.303
34.875 75.625 38.314
34.875 75.875 25.95
34.875 76.125 19.921
34.875 76.375 20.228
34.875 76.625 24.087
34.875 76.875 31.499
34.875 77.125 34.399
34.875 77.375 32.787
34.875 77.625 29.378
34.875 77.875 24.171
34.875 78.125 19.728
34.875 78.375 16.048
34.875 78.625 12.296
34.875 78.875 8.4719
34.875 79.125 5.6598
34.875 79.375 3.8601
34.875 79.625 2.9104
34.875 79.875 2.8106
35.125 74.375 72.98
35.125 74.625 63.835
35.125 74.875 60.542
35.125 75.125 55.136
35.125 75.375 47.616
35.125 75.625 38.696
35.125 75.875 28.377
35.125 76.125 24.727
35.125 76.375 27.747
35.125 76.625 32.818
35.125 76.875 39.94
35.125 77.125 41.376
35.125 77.375 37.126
35.125 77.625 31.182
35.125 77.875 23.544
35.125 78.125 17.782
35.125 78.375 13.897
35.125 78.625 10.34
35.125 78.875 7.1101
35.125 79.125 4.7497
35.125 79.375 3.2587
35.125 79.625 2.5434
35.125 79.875 2.6038
35.375 73.875 50.161
35.375 74.125 47.26
35.375 74.375 42.725
35.375 74.625 41.701
35.375 74.875 44.187
35.375 75.125 43.437
35.375 75.375 39.451
35.375 75.625 35.506
35.375 75.875 31.602
35.375 76.125 32.739
35.375 76.375 38.916
35.375 76.625 44.253
35.375 76.875 48.751
35.375 77.125 47.127
35.375 77.375 39.381
35.375 77.625 30.608
35.375 77.875 20.809
35.375 78.125 14.112
35.375 78.375 10.519
35.375 78.625 7.8526
35.375 78.875 6.1141
35.375 79.125 5.0002
35.375 79.375 4.511
35.375 79.625 4.5841
35.375 79.875 5.2197
NaN NaN NaN
35.625 73.375 49.15
35.625 73.625 38.54
35.625 73.875 32.341
35.625 74.125 28.972
35.625 74.375 28.433
35.625 74.625 32.316
35.625 74.875 40.621
35.625 75.125 45.106
35.625 75.375 45.771
35.625 75.625 44.862
35.625 75.875 42.377
35.625 76.125 42.786
35.625 76.375 46.088
35.625 76.625 48.046
35.625 76.875 48.66
35.625 77.125 44.634
35.625 78.375 9.1253
35.625 78.625 8.117
35.625 78.875 8.631
35.625 79.125 9.4271
35.625 79.375 10.505
35.625 79.625 10.828
35.625 79.875 10.395
35.625 80.125 11.071
35.875 73.125 70.056
35.875 73.375 59.384
35.875 73.625 49.191
35.875 73.875 39.475
35.875 74.125 33.113
35.875 74.375 30.104
35.875 74.625 35.682
35.875 74.875 49.845
35.875 75.125 60.143
35.875 75.375 66.577
35.875 75.625 66.764
35.875 75.875 60.701
35.875 76.125 54.868
35.875 76.375 49.265
35.875 76.625 44.199
35.875 79.375 21.242
36.125 72.625 57.307
36.125 72.875 0
36.125 73.125 0
36.125 73.375 60.946
36.125 73.625 55.203
36.125 73.875 47.824
36.125 74.125 41.781
36.125 74.375 37.076
36.125 74.625 40.75
36.125 74.875 52.802
36.125 75.125 62.761
36.125 75.375 70.624
36.125 75.625 70.479
36.125 75.875 62.326
36.125 76.125 53.663
36.125 76.375 44.489
36.125 76.625 37.314
36.375 73.125 49.161
36.375 73.375 53.836
36.375 73.625 56.578
36.375 73.875 57.388
36.375 74.125 54.977
36.375 74.375 49.347
36.375 74.625 47.52
36.375 74.875 49.495
36.375 75.125 52.959
36.375 75.375 57.912
36.375 75.625 56.01
36.375 75.875 47.252
36.375 76.125 39.169
36.625 73.375 51.91
36.625 73.625 58.157
36.625 73.875 62.374
36.625 74.125 61.705
36.625 74.375 56.148
36.625 74.625 51.058
36.625 74.875 46.433
36.625 75.125 45.027
36.625 75.375 46.838
36.625 75.625 43.839
36.875 73.875 62.784
36.875 74.375 57.479
36.875 74.625 51.363
36.875 74.875 43.617
36.875 75.125 38.963
36.875 75.375 37.402
