8.125 77.375 11.407
8.375 77.125 22.846
8.375 77.375 27.107
8.375 77.625 23.108
8.375 77.875 10.85
8.625 76.875 25.507
8.625 77.125 31.547
8.625 77.375 33.924
8.625 77.625 28.464
8.625 77.875 15.167
8.875 76.875 31.4
8.875 77.125 36.172
8.875 77.375 31.858
8.875 77.625 26.32
8.875 77.875 19.558
9.125 76.625 23.987
9.125 76.875 49.539
9.125 77.125 54.414
9.125 77.375 38.615
9.125 77.625 28.151
9.125 77.875 23.023
9.125 78.125 19.783
NaN NaN NaN
9.375 76.625 35.138
9.375 76.875 79.924
9.375 77.125 86.276
9.375 77.375 54.194
9.375 77.625 33.956
9.375 77.875 25.562
9.375 78.125 20.87
9.375 78.375 19.879
9.375 78.625 15.709
NaN NaN NaN
9.625 76.375 18.073
9.625 76.625 46.11
9.625 76.875 110
9.625 77.125 120.27
9.625 77.375 76.92
9.625 77.625 46.82
9.625 77.875 29.964
9.625 78.125 21.81
9.625 78.375 22.359
9.625 78.625 18.162
9.875 76.625 56.903
9.875 76.875 139.76
9.875 77.125 156.39
9.875 77.375 106.8
9.875 77.625 66.745
9.875 77.875 36.228
9.875 78.125 22.604
9.875 78.375 25.87
9.875 78.625 21.658
9.875 78.875 9.9673
10.125 76.375 22.024
10.125 76.625 60.06
10.125 76.875 140.11
10.125 77.125 159.25
10.125 77.375 117.46
10.125 77.625 79.727
10.125 77.875 46.046
10.125 78.125 28.958
10.125 78.375 28.465
10.125 78.625 22.863
10.125 78.875 12.15
10.125 79.125 6.0755
10.375 76.375 27.569
10.375 76.625 55.582
10.375 76.875 111.06
10.375 77.125 128.83
10.375 77.375 108.9
10.375 77.625 85.764
10.375 77.875 59.414
10.375 78.125 40.875
10.375 78.375 30.147
10.375 78.625 21.778
10.375 78.875 15.769
10.375 79.125 10.734
NaN NaN NaN
NaN NaN NaN
10.625 76.125 36.163
10.625 76.375 60.877
10.625 76.625 79.222
10.625 76.875 91.198
10.625 77.125 92.741
10.625 77.375 83.85
10.625 77.625 71.563
10.625 77.875 55.876
10.625 78.125 41.4
10.625 78.375 28.134
10.625 78.625 19.84
10.625 78.875 16.52
10.625 79.125 12.719
10.625 79.375 8.4391
10.625 79.625 5.5284
10.875 76.125 53.44
10.875 76.375 121.95
10.875 76.625 130.98
10.875 76.875 80.535
10.875 77.125 50.976
10.875 77.375 42.303
10.875 77.625 37.122
10.875 77.875 35.435
10.875 78.125 30.536
10.875 78.375 22.427
10.875 78.625 17.05
10.875 78.875 14.403
10.875 79.125 12.033
10.875 79.375 9.9382
10.875 79.625 7.5196
11.125 76.125 80.331
11.125 76.375 175.47
11.125 76.625 182.05
11.125 76.875 100.08
11.125 77.125 49.478
11.125 77.375 30.251
11.125 77.625 22.227
11.125 77.875 25.406
11.125 78.125 27.176
11.125 78.375 27.536
11.125 78.625 23.577
11.125 78.875 15.298
11.125 79.125 10.614
11.125 79.375 9.5264
11.125 79.625 7.6005
11.375 75.875 55.185
11.375 76.125 116.84
11.375 76.375 221.42
11.375 76.625 232.43
11.375 76.875 149.83
11.375 77.125 88.25
11.375 77.375 47.697
11.375 77.625 26.877
11.375 77.875 25.791
11.375 78.125 31.319
11.375 78.375 43.461
11.375 78.625 39.422
11.375 78.875 19.203
11.375 79.125 8.4635
11.375 79.375 7.2039
11.375 79.625 5.7708
11.625 75.875 67.608
11.625 76.125 120.34
11.625 76.375 197.73
11.625 76.625 205.93
11.625 76.875 144.95
11.625 77.125 95.111
11.625 77.375 56.402
11.625 77.625 33.094
11.625 77.875 25.188
11.625 78.125 29.396
11.625 78.375 45.718
11.625 78.625 42.452
11.625 78.875 19.598
11.625 79.125 7.5108
11.625 79.375 6.1894
NaN NaN NaN
NaN NaN NaN
11.875 75.875 68.986
11.875 76.125 90.854
11.875 76.375 104.38
11.875 76.625 102.58
11.875 76.875 85.464
11.875 77.125 70.06
11.875 77.375 56.366
11.875 77.625 40.879
11.875 77.875 23.598
11.875 78.125 21.407
11.875 78.375 34.306
11.875 78.625 32.665
11.875 78.875 16.484
11.875 79.125 7.7562
11.875 79.375 6.483
11.875 79.625 5.259
12.125 75.375 39.156
12.125 75.625 53.18
12.125 75.875 71.03
12.125 76.125 72.63
12.125 76.375 57.977
12.125 76.625 51.391
12.125 76.875 52.871
12.125 77.125 53.14
12.125 77.375 52.196
12.125 77.625 43.45
12.125 77.875 26.904
12.125 78.125 21.33
12.125 78.375 26.727
12.125 78.625 25.633
12.125 78.875 18.047
12.125 79.125 12.477
12.125 79.375 8.9221
12.125 79.625 6.1198
12.375 75.125 36.969
12.375 75.375 70.492
12.375 75.625 82.75
12.375 75.875 73.743
12.375 76.125 65.67
12.375 76.375 58.533
12.375 76.625 52.367
12.375 76.875 47.176
12.375 77.125 44.35
12.375 77.375 43.888
12.375 77.625 40.806
12.375 77.875 35.107
12.375 78.125 29.165
12.375 78.375 22.981
12.375 78.625 21.355
12.375 78.875 24.287
12.375 79.125 21.672
12.375 79.375 13.507
12.375 79.625 7.5732
12.375 79.875 3.8688
12.625 75.125 39.577
12.625 75.375 78.755
12.625 75.625 88.608
12.625 75.875 69.133
12.625 76.125 58.033
12.625 76.375 55.31
12.625 76.625 50.704
12.625 76.875 44.217
12.625 77.125 39.929
12.625 77.375 37.84
12.625 77.625 36.641
12.625 77.875 36.332
12.625 78.125 31.282
12.625 78.375 21.489
12.625 78.625 19.277
12.625 78.875 24.646
12.625 79.125 23.147
12.625 79.375 14.78
12.625 79.625 8.4315
12.625 79.875 4.1025
12.875 75.125 36.782
12.875 75.375 63.946
12.875 75.625 70.751
12.875 75.875 57.199
12.875 76.125 49.719
12.875 76.375 48.31
12.875 76.625 46.401
12.875 76.875 43.992
12.875 77.125 39.876
12.875 77.375 34.052
12.875 77.625 30.954
12.875 77.875 30.581
12.875 78.125 27.68
12.875 78.375 22.251
12.875 78.625 19.398
12.875 78.875 19.122
12.875 79.125 16.903
12.875 79.375 12.739
12.875 79.625 8.695
12.875 79.875 4.7709
NaN NaN NaN
13.125 75.125 42.211
13.125 75.375 63.172
13.125 75.625 67.13
13.125 75.875 54.085
13.125 76.125 45.994
13.125 76.375 42.862
13.125 76.625 41.496
13.125 76.875 41.898
13.125 77.125 38.339
13.125 77.375 30.821
13.125 77.625 26.625
13.125 77.875 25.752
13.125 78.125 24.508
13.125 78.375 22.893
13.125 78.625 20.607
13.125 78.875 17.65
13.125 79.125 14.972
13.125 79.375 12.573
13.125 79.625 9.2006
13.125 79.875 4.8549
13.125 80.125 2.4965
NaN NaN NaN
13.375 75.125 55.863
13.375 75.375 76.434
13.375 75.625 77.743
13.375 75.875 59.789
13.375 76.125 46.863
13.375 76.375 38.965
13.375 76.625 35.989
13.375 76.875 37.934
13.375 77.125 35.32
13.375 77.375 28.147
13.375 77.625 23.655
13.375 77.875 21.846
13.375 78.125 21.766
13.375 78.375 23.416
13.375 78.625 22.904
13.375 78.875 20.229
13.375 79.125 17.355
13.375 79.375 14.282
13.375 79.625 9.9484
13.375 79.875 4.3548
13.375 80.125 1.5282
13.625 74.875 44.833
13.625 75.125 59.24
13.625 75.375 69.624
13.625 75.625 68.35
13.625 75.875 55.419
13.625 76.125 45.114
13.625 76.375 37.435
13.625 76.625 33.582
13.625 76.875 33.557
13.625 77.125 30.673
13.625 77.375 24.931
13.625 77.625 21.893
13.625 77.875 21.561
13.625 78.125 21.687
13.625 78.375 22.273
13.625 78.625 21.804
13.625 78.875 20.28
13.625 79.125 17.539
13.625 79.375 13.582
13.625 79.625 8.8971
13.625 79.875 3.4841
13.625 80.125 0.87657
13.875 74.875 48.06
13.875 75.125 52.343
13.875 75.375 42.74
13.875 75.625 38.951
13.875 75.875 40.976
13.875 76.125 40.749
13.875 76.375 38.27
13.875 76.625 34.276
13.875 76.875 28.765
13.875 77.125 24.398
13.875 77.375 21.173
13.875 77.625 21.339
13.875 77.875 24.896
13.875 78.125 24.271
13.875 78.375 19.465
13.875 78.625 17.309
13.875 78.875 17.803
13.875 79.125 15.524
13.875 79.375 10.474
13.875 79.625 6.0468
13.875 79.875 2.2427
14.125 74.625 28.749
14.125 74.875 46.033
14.125 75.125 46.144
14.125 75.375 29.078
14.125 75.625 24.836
14.125 75.875 33.418
14.125 76.125 37.738
14.125 76.375 37.798
14.125 76.625 33.459
14.125 76.875 24.722
14.125 77.125 19.999
14.125 77.375 19.291
14.125 77.625 20.839
14.125 77.875 24.645
14.125 78.125 23.094
14.125 78.375 16.186
14.125 78.625 13.526
14.125 78.875 15.114
14.125 79.125 13.293
14.125 79.375 8.0645
14.125 79.625 4.1186
14.125 79.875 1.4554
14.375 74.625 22.969
14.375 74.875 38.753
14.375 75.125 40.642
14.375 75.375 28.638
14.375 75.625 26.006
14.375 75.875 32.746
14.375 76.125 36.083
14.375 76.375 36.017
14.375 76.625 31.132
14.375 76.875 21.426
14.375 77.125 17.476
14.375 77.375 19.282
14.375 77.625 20.393
14.375 77.875 20.807
14.375 78.125 18.155
14.375 78.375 12.435
14.375 78.625 10.454
14.375 78.875 12.213
14.375 79.125 10.846
14.375 79.375 6.3536
14.375 79.625 3.1124
14.375 79.875 1.1219
NaN NaN NaN
14.625 74.625 24.001
14.625 74.875 33.564
14.625 75.125 35.086
14.625 75.375 28.567
14.625 75.625 26.759
14.625 75.875 29.663
14.625 76.125 31.528
14.625 76.375 32.354
14.625 76.625 28.14
14.625 76.875 18.888
14.625 77.125 15.579
14.625 77.375 18.213
14.625 77.625 18.777
14.625 77.875 17.269
14.625 78.125 14.151
14.625 78.375 9.4241
14.625 78.625 8.6112
14.625 78.875 11.713
14.625 79.125 10.924
14.625 79.375 6.2448
14.625 79.625 2.9883
14.625 79.875 1.1543
14.875 74.375 26.778
14.875 74.625 31.843
14.875 74.875 30.469
14.875 75.125 29.475
14.875 75.375 28.863
14.875 75.625 27.095
14.875 75.875 24.17
14.875 76.125 24.074
14.875 76.375 26.807
14.875 76.625 24.486
14.875 76.875 17.109
14.875 77.125 14.308
14.875 77.375 16.083
14.875 77.625 15.99
14.875 77.875 14.03
14.875 78.125 11.084
14.875 78.375 7.1534
14.875 78.625 7.9969
14.875 78.875 13.614
14.875 79.125 13.528
14.875 79.375 7.738
14.875 79.625 3.7462
14.875 79.875 1.5526
15.125 74.125 15.991
15.125 74.375 31.402
15.125 74.625 35.237
15.125 74.875 27.496
15.125 75.125 25.522
15.125 75.375 29.317
15.125 75.625 27.818
15.125 75.875 21.025
15.125 76.125 18.495
15.125 76.375 20.228
15.125 76.625 18.566
15.125 76.875 13.511
15.125 77.125 12.214
15.125 77.375 14.677
15.125 77.625 14.803
15.125 77.875 12.593
15.125 78.125 9.6128
15.125 78.375 5.8611
15.125 78.625 7.1457
15.125 78.875 13.467
15.125 79.125 13.638
15.125 79.375 7.6602
15.125 79.625 3.7574
15.125 79.875 1.93
15.375 73.875 9.4474
15.375 74.125 15.903
15.375 74.375 31.268
15.375 74.625 34.182
15.375 74.875 24.645
15.375 75.125 23.227
15.375 75.375 29.928
15.375 75.625 28.929
15.375 75.875 20.229
15.375 76.125 14.791
15.375 76.375 12.616
15.375 76.625 10.383
15.375 76.875 8.0944
15.375 77.125 9.2978
15.375 77.375 13.994
15.375 77.625 15.214
15.375 77.875 12.96
15.375 78.125 9.7372
15.375 78.375 5.5474
15.375 78.625 6.0581
15.375 78.875 11.269
15.375 79.125 11.254
15.375 79.375 6.0112
15.375 79.625 3.0221
15.375 79.875 2.2868
15.625 73.875 14.642
15.625 74.125 20.849
15.625 74.375 30.605
15.625 74.625 30.863
15.625 74.875 21.622
15.625 75.125 20.102
15.625 75.375 26.304
15.625 75.625 25.702
15.625 75.875 18.298
15.625 76.125 12.789
15.625 76.375 9.177
15.625 76.625 6.7935
15.625 76.875 5.6387
15.625 77.125 7.1079
15.625 77.375 11.201
15.625 77.625 12.276
15.625 77.875 10.333
15.625 78.125 7.8844
15.625 78.375 4.9306
15.625 78.625 5.8873
15.625 78.875 10.754
15.625 79.125 10.536
15.625 79.375 5.231
15.625 79.625 2.8164
15.625 79.875 3.2918
15.625 80.125 4.0068
15.875 73.875 25.581
15.875 74.125 30.827
15.875 74.375 29.413
15.875 74.625 25.279
15.875 74.875 18.425
15.875 75.125 16.146
15.875 75.375 18.442
15.875 75.625 18.138
15.875 75.875 15.233
15.875 76.125 12.491
15.875 76.375 9.9124
15.875 76.625 7.7967
15.875 76.875 6.144
15.875 77.125 5.6445
15.875 77.375 6.2983
15.875 77.625 5.9878
15.875 77.875 4.7131
15.875 78.125 4.0541
15.875 78.375 4.0112
15.875 78.625 6.6336
15.875 78.875 11.921
15.875 79.125 11.483
15.875 79.375 5.3198
15.875 79.625 3.1404
15.875 79.875 4.9452
15.875 80.125 5.6515
15.875 80.375 5.2591
NaN NaN NaN
15.875 80.875 3.7054
16.125 73.625 13.059
16.125 73.875 27.604
16.125 74.125 31.287
16.125 74.375 24.109
16.125 74.625 18.674
16.125 74.875 14.982
16.125 75.125 13.34
16.125 75.375 13.746
16.125 75.625 13.449
16.125 75.875 12.45
16.125 76.125 11.021
16.125 76.375 9.1643
16.125 76.625 7.4439
16.125 76.875 5.8603
16.125 77.125 4.7239
16.125 77.375 4.0344
16.125 77.625 3.3723
16.125 77.875 2.7374
16.125 78.125 2.9886
16.125 78.375 4.1258
16.125 78.625 6.658
16.125 78.875 10.585
16.125 79.125 9.9007
16.125 79.375 4.6049
16.125 79.625 3.1095
16.125 79.875 5.4145
16.125 80.125 6.0777
16.125 80.375 5.0993
16.125 80.625 4.2044
16.125 80.875 3.3935
16.375 73.625 10.136
16.375 73.875 20.712
16.375 74.125 22.23
16.375 74.375 14.69
16.375 74.625 11.045
16.375 74.875 11.294
16.375 75.125 11.684
16.375 75.375 12.216
16.375 75.625 11.637
16.375 75.875 9.9491
16.375 76.125 8.3809
16.375 76.375 6.9328
16.375 76.625 5.7351
16.375 76.875 4.7881
16.375 77.125 4.3461
16.375 77.375 4.4094
16.375 77.625 4.4294
16.375 77.875 4.4061
16.375 78.125 4.6879
16.375 78.375 5.2746
16.375 78.625 5.9605
16.375 78.875 6.7454
16.375 79.125 5.7871
16.375 79.375 3.0862
16.375 79.625 2.7236
16.375 79.875 4.6995
16.375 80.125 5.2856
16.375 80.375 4.4818
16.375 80.625 3.9554
16.375 80.875 3.7064
16.375 81.125 3.7363
NaN NaN NaN
NaN NaN NaN
16.625 73.625 8.7803
16.625 73.875 16.646
16.625 74.125 16.894
16.625 74.375 9.5251
16.625 74.625 7.4388
16.625 74.875 10.636
16.625 75.125 12.101
16.625 75.375 11.834
16.625 75.625 10.716
16.625 75.875 8.7459
16.625 76.125 7.0562
16.625 76.375 5.6467
16.625 76.625 4.5736
16.625 76.875 3.8368
16.625 77.125 3.7192
16.625 77.375 4.2208
16.625 77.625 4.6406
16.625 77.875 4.9783
16.625 78.125 5.3107
16.625 78.375 5.6377
16.625 78.625 5.2524
16.625 78.875 4.1553
16.625 79.125 3.1077
16.625 79.375 2.1095
16.625 79.625 2.3363
16.625 79.875 3.7881
16.625 80.125 4.3195
16.625 80.375 3.9307
16.625 80.625 4.092
16.625 80.875 4.8033
16.625 81.125 4.8877
16.625 81.375 4.3453
16.625 81.625 4.0756
16.625 81.875 4.0785
16.625 82.125 4.4742
16.875 73.375 5.8487
16.875 73.625 8.9898
16.875 73.875 15.406
16.875 74.125 15.28
16.875 74.375 8.612
16.875 74.625 7.8546
16.875 74.875 13.007
16.875 75.125 14.589
16.875 75.375 12.602
16.875 75.625 10.686
16.875 75.875 8.8407
16.875 76.125 7.0475
16.875 76.375 5.306
16.875 76.625 3.9591
16.875 76.875 3.0068
16.875 77.125 2.8434
16.875 77.375 3.4688
16.875 77.625 4.0057
16.875 77.875 4.4542
16.875 78.125 4.8572
16.875 78.375 5.2146
16.875 78.625 4.534
16.875 78.875 2.815
16.875 79.125 1.862
16.875 79.375 1.6749
16.875 79.625 1.9475
16.875 79.875 2.6799
16.875 80.125 3.1794
16.875 80.375 3.4459
16.875 80.625 4.614
16.875 80.875 6.6837
16.875 81.125 7.2225
16.875 81.375 6.2302
16.875 81.625 5.421
16.875 81.875 4.7949
16.875 82.125 4.7297
17.125 73.375 6.224
17.125 73.625 9.4154
17.125 73.875 15.057
17.125 74.125 15.041
17.125 74.375 9.3663
17.125 74.625 8.8279
17.125 74.875 13.425
17.125 75.125 14.199
17.125 75.375 11.15
17.125 75.625 9.011
17.125 75.875 7.7836
17.125 76.125 6.4229
17.125 76.375 4.9289
17.125 76.625 3.6675
17.125 76.875 2.6388
17.125 77.125 2.3272
17.125 77.375 2.7327
17.125 77.625 3.1051
17.125 77.875 3.4444
17.125 78.125 3.7847
17.125 78.375 4.1262
17.125 78.625 3.4815
17.125 78.875 1.8507
17.125 79.125 1.1365
17.125 79.375 1.3389
17.125 79.625 1.5915
17.125 79.875 1.8944
17.125 80.125 2.3003
17.125 80.375 2.8092
17.125 80.625 4.1295
17.125 80.875 6.2612
17.125 81.125 7.2106
17.125 81.375 6.9775
17.125 81.625 6.395
17.125 81.875 5.4633
17.125 82.125 4.8895
17.125 82.375 4.6741
17.375 73.375 6.6099
17.375 73.625 10.057
17.375 73.875 15.601
17.375 74.125 16.178
17.375 74.375 11.788
17.375 74.625 10.359
17.375 74.875 11.892
17.375 75.125 10.931
17.375 75.375 7.4781
17.375 75.625 5.6926
17.375 75.875 5.5747
17.375 76.125 5.1823
17.375 76.375 4.5153
17.375 76.625 3.6988
17.375 76.875 2.7327
17.375 77.125 2.1707
17.375 77.375 2.0127
17.375 77.625 1.9388
17.375 77.875 1.949
17.375 78.125 2.0935
17.375 78.375 2.3723
17.375 78.625 2.0953
17.375 78.875 1.2624
17.375 79.125 0.93117
17.375 79.375 1.1015
17.375 79.625 1.2683
17.375 79.875 1.4313
17.375 80.125 1.6822
17.375 80.375 2.0207
17.375 80.625 2.6384
17.375 80.875 3.5354
17.375 81.125 4.8517
17.375 81.375 6.5873
17.375 81.625 6.9979
17.375 81.875 6.0836
17.375 82.125 4.9536
17.375 82.375 3.6082
NaN NaN NaN
17.625 73.375 7.1181
17.625 73.625 10.666
17.625 73.875 15.647
17.625 74.125 16.372
17.625 74.375 12.843
17.625 74.625 10.77
17.625 74.875 10.154
17.625 75.125 8.2953
17.625 75.375 5.1939
17.625 75.625 3.764
17.625 75.875 4.0057
17.625 76.125 3.9882
17.625 76.375 3.7115
17.625 76.625 3.2143
17.625 76.875 2.4964
17.625 77.125 1.9806
17.625 77.375 1.6668
17.625 77.625 1.3702
17.625 77.875 1.0906
17.625 78.125 1.107
17.625 78.375 1.4193
17.625 78.625 1.3734
17.625 78.875 0.96939
17.625 79.125 0.79394
17.625 79.375 0.84708
17.625 79.625 0.9319
17.625 79.875 1.0484
17.625 80.125 1.2129
17.625 80.375 1.4255
17.625 80.625 1.6097
17.625 80.875 1.7655
17.625 81.125 2.8361
17.625 81.375 4.8215
17.625 81.625 5.5484
17.625 81.875 5.017
17.625 82.125 4.168
17.625 82.375 3.0017
17.625 82.625 2.0403
17.625 82.875 1.2839
17.625 83.125 1.0695
17.875 73.375 7.7485
17.875 73.625 11.244
17.875 73.875 15.195
17.875 74.125 15.624
17.875 74.375 12.531
17.875 74.625 10.061
17.875 74.875 8.2132
17.875 75.125 6.2918
17.875 75.375 4.2969
17.875 75.625 3.2253
17.875 75.875 3.0768
17.875 76.125 2.8408
17.875 76.375 2.5176
17.875 76.625 2.214
17.875 76.875 1.93
17.875 77.125 1.7571
17.875 77.375 1.6952
17.875 77.625 1.3993
17.875 77.875 0.86929
17.875 78.125 0.82524
17.875 78.375 1.2672
17.875 78.625 1.3159
17.875 78.875 0.97158
17.875 79.125 0.72476
17.875 79.375 0.57552
17.875 79.625 0.58244
17.875 79.875 0.74551
17.875 80.125 0.89259
17.875 80.375 1.0236
17.875 80.625 1.0433
17.875 80.875 0.95156
17.875 81.125 1.1638
17.875 81.375 1.68
17.875 81.625 2.0465
17.875 81.875 2.2635
17.875 82.125 2.5329
17.875 82.375 2.8547
17.875 82.625 2.472
17.875 82.875 1.3851
17.875 83.125 0.80303
17.875 83.375 0.72586
NaN NaN NaN
18.125 73.375 7.8401
18.125 73.625 10.746
18.125 73.875 12.925
18.125 74.125 12.792
18.125 74.375 10.348
18.125 74.625 8.217
18.125 74.875 6.4006
18.125 75.125 4.7912
18.125 75.375 3.389
18.125 75.625 2.555
18.125 75.875 2.2893
18.125 76.125 1.9763
18.125 76.375 1.6159
18.125 76.625 1.4222
18.125 76.875 1.3953
18.125 77.125 1.3785
18.125 77.375 1.372
18.125 77.625 1.166
18.125 77.875 0.76044
18.125 78.125 0.77901
18.125 78.375 1.2217
18.125 78.625 1.2468
18.125 78.875 0.85436
18.125 79.125 0.55659
18.125 79.375 0.35347
18.125 79.625 0.3218
18.125 79.875 0.46158
18.125 80.125 0.5766
18.125 80.375 0.66689
18.125 80.625 0.69784
18.125 80.875 0.66943
18.125 81.125 0.54604
18.125 81.375 0.32762
18.125 81.625 0.3855
18.125 81.875 0.71968
18.125 82.125 1.3174
18.125 82.375 2.1787
18.125 82.625 2.2376
18.125 82.875 1.4943
18.125 83.125 0.88894
18.125 83.375 0.42153
18.125 83.625 0.53148
18.375 73.125 3.4921
18.375 73.375 7.3921
18.375 73.625 9.1744
18.375 73.875 8.8388
18.375 74.125 7.8782
18.375 74.375 6.2925
18.375 74.625 5.2386
18.375 74.875 4.7166
18.375 75.125 3.7938
18.375 75.375 2.4703
18.375 75.625 1.7535
18.375 75.875 1.6436
18.375 76.125 1.3946
18.375 76.375 1.0065
18.375 76.625 0.83908
18.375 76.875 0.89222
18.375 77.125 0.84489
18.375 77.375 0.69711
18.375 77.625 0.67017
18.375 77.875 0.76408
18.375 78.125 0.9683
18.375 78.375 1.2828
18.375 78.625 1.166
18.375 78.875 0.61775
18.375 79.125 0.2894
18.375 79.375 0.18092
18.375 79.625 0.14998
18.375 79.875 0.19657
18.375 80.125 0.26501
18.375 80.375 0.35528
18.375 80.625 0.57333
18.375 80.875 0.91916
18.375 81.125 0.98286
18.375 81.375 0.76444
18.375 81.625 0.56532
18.375 81.875 0.3855
18.375 82.125 0.52165
18.375 82.375 0.97377
18.375 82.625 1.3371
18.375 82.875 1.6115
18.375 83.125 1.3272
18.375 83.375 0.48415
18.375 83.625 0.18784
18.375 83.875 0.43828
18.625 73.125 2.8248
18.625 73.375 6.3573
18.625 73.625 7.5418
18.625 73.875 6.3784
18.625 74.125 5.2612
18.625 74.375 4.1903
18.625 74.625 3.6788
18.625 74.875 3.7269
18.625 75.125 3.1674
18.625 75.375 2.0003
18.625 75.625 1.3578
18.625 75.875 1.2399
18.625 76.125 0.99924
18.625 76.375 0.63595
18.625 76.625 0.48523
18.625 76.875 0.54712
18.625 77.125 0.49616
18.625 77.375 0.33235
18.625 77.625 0.41826
18.625 77.875 0.75389
18.625 78.125 0.99997
18.625 78.375 1.1565
18.625 78.625 0.98832
18.625 78.875 0.49544
18.625 79.125 0.20676
18.625 79.375 0.12231
18.625 79.625 0.072077
18.625 79.875 0.056059
18.625 80.125 0.081905
18.625 80.375 0.14961
18.625 80.625 0.38732
18.625 80.875 0.79502
18.625 81.125 0.93227
18.625 81.375 0.79903
18.625 81.625 0.55732
18.625 81.875 0.20713
18.625 82.125 0.11685
18.625 82.375 0.28648
18.625 82.625 0.69638
18.625 82.875 1.3465
18.625 83.125 1.2577
18.625 83.375 0.42992
18.625 83.625 0.41098
18.625 83.875 1.2009
18.625 84.125 1.6184
18.875 73.125 2.2045
18.875 73.375 4.7352
18.875 73.625 5.8483
18.875 73.875 5.544
18.875 74.125 4.9416
18.875 74.375 4.041
18.875 74.625 3.5376
18.875 74.875 3.4313
18.875 75.125 2.9119
18.875 75.375 1.9792
18.875 75.625 1.368
18.875 75.875 1.0782
18.875 76.125 0.79029
18.875 76.375 0.50417
18.875 76.625 0.36074
18.875 76.875 0.36001
18.875 77.125 0.33235
18.875 77.375 0.27774
18.875 77.625 0.41025
18.875 77.875 0.72986
18.875 78.125 0.874
18.875 78.375 0.84271
18.875 78.625 0.71385
18.875 78.875 0.48742
18.875 79.125 0.30869
18.875 79.375 0.17765
18.875 79.625 0.088093
18.875 79.875 0.040043
18.875 80.125 0.027301
18.875 80.375 0.049871
18.875 80.625 0.13978
18.875 80.875 0.29704
18.875 81.125 0.39423
18.875 81.375 0.43137
18.875 81.625 0.36147
18.875 81.875 0.18456
18.875 82.125 0.10302
18.875 82.375 0.11685
18.875 82.625 0.31561
18.875 82.875 0.6993
18.875 83.125 0.68036
18.875 83.375 0.25882
18.875 83.625 1.2009
18.875 83.875 3.5066
18.875 84.125 4.104
18.875 84.375 2.993
19.125 73.125 1.5769
19.125 73.375 3.1612
19.125 73.625 4.1331
19.125 73.875 4.4928
19.125 74.125 4.2026
19.125 74.375 3.2628
19.125 74.625 2.7163
19.125 74.875 2.5634
19.125 75.125 2.1889
19.125 75.375 1.5926
19.125 75.625 1.1536
19.125 75.875 0.87183
19.125 76.125 0.66179
19.125 76.375 0.52347
19.125 76.625 0.41499
19.125 76.875 0.33635
19.125 77.125 0.29304
19.125 77.375 0.28503
19.125 77.625 0.40188
19.125 77.875 0.6436
19.125 78.125 0.72913
19.125 78.375 0.65852
19.125 78.625 0.58062
19.125 78.875 0.49543
19.125 79.125 0.36366
19.125 79.375 0.18529
19.125 79.625 0.072077
19.125 79.875 0.024026
19.125 80.125 0
19.125 80.375 0
19.125 80.625 0.012013
19.125 80.875 0.036038
19.125 81.125 0.093918
19.125 81.375 0.18565
19.125 81.625 0.20167
19.125 81.875 0.14197
19.125 82.125 0.08409
19.125 82.375 0.02803
19.125 82.625 0.097923
19.125 82.875 0.29376
19.125 83.125 0.30978
19.125 83.375 0.14597
19.125 83.625 1.2675
19.125 83.875 3.6745
19.125 84.125 4.1978
19.125 84.375 2.8379
19.125 84.625 1.7284
19.375 72.875 1.1459
19.375 73.125 0.9421
19.375 73.375 1.6352
19.375 73.625 2.396
19.375 73.875 3.2245
19.375 74.125 3.0444
19.375 74.375 1.8554
19.375 74.625 1.2151
19.375 74.875 1.1234
19.375 75.125 0.99851
19.375 75.375 0.84052
19.375 75.625 0.71457
19.375 75.875 0.62065
19.375 76.125 0.61374
19.375 76.375 0.69383
19.375 76.625 0.64796
19.375 76.875 0.47614
19.375 77.125 0.37822
19.375 77.375 0.35419
19.375 77.625 0.39314
19.375 77.875 0.49506
19.375 78.125 0.56532
19.375 78.375 0.60391
19.375 78.625 0.58862
19.375 78.875 0.51946
19.375 79.125 0.37167
19.375 79.375 0.14525
19.375 79.625 0.024026
19.375 79.875 0.0080084
19.375 80.125 0
19.375 80.375 0
19.375 80.625 0.0040042
19.375 80.875 0.012013
19.375 81.125 0.031306
19.375 81.375 0.061884
19.375 81.625 0.077902
19.375 81.875 0.079356
19.375 82.125 0.060064
19.375 82.375 0.020021
19.375 82.625 0.043318
19.375 82.875 0.12996
19.375 83.125 0.14597
19.375 83.375 0.091369
19.375 83.625 0.61083
19.375 83.875 1.7044
19.375 84.125 1.9002
19.375 84.375 1.1984
19.375 84.625 0.6829
19.375 84.875 0.35383
19.625 72.875 0.86345
19.625 73.125 0.77282
19.625 73.375 1.2876
19.625 73.625 1.7826
19.625 73.875 2.258
19.625 74.125 1.9803
19.625 74.375 0.94937
19.625 74.625 0.46995
19.625 74.875 0.54203
19.625 75.125 0.66287
19.625 75.375 0.83252
19.625 75.625 0.81577
19.625 75.875 0.61265
19.625 76.125 0.58207
19.625 76.375 0.72404
19.625 76.625 0.69746
19.625 76.875 0.50236
19.625 77.125 0.37749
19.625 77.375 0.32289
19.625 77.625 0.30359
19.625 77.875 0.31961
19.625 78.125 0.36257
19.625 78.375 0.43245
19.625 78.625 0.44447
19.625 78.875 0.39861
19.625 79.125 0.28175
19.625 79.375 0.093919
19.625 79.625 0
19.625 79.875 0
19.625 80.125 0
19.625 80.375 0
19.625 80.625 0
19.625 80.875 0
19.625 81.125 0
19.625 81.375 0
19.625 81.625 0.016017
19.625 81.875 0.04805
19.625 82.125 0.056059
19.625 82.375 0.040043
19.625 82.625 0.036038
19.625 82.875 0.044046
19.625 83.125 0.04805
19.625 83.375 0.04805
19.625 83.625 0.28212
19.625 83.875 0.75025
19.625 84.125 0.77428
19.625 84.375 0.35419
19.625 84.625 0.13942
19.625 84.875 0.12996
19.625 85.125 0.48524
19.625 85.375 1.2053
19.875 72.875 0.65087
19.875 73.125 1.0691
19.875 73.375 2.1182
19.875 73.625 2.293
19.875 73.875 1.5933
19.875 74.125 1.0105
19.875 74.375 0.54457
19.875 74.625 0.48088
19.875 74.875 0.81941
19.875 75.125 1.182
19.875 75.375 1.5686
19.875 75.625 1.4572
19.875 75.875 0.8478
19.875 76.125 0.56678
19.875 76.375 0.61411
19.875 76.625 0.5635
19.875 76.875 0.41499
19.875 77.125 0.29086
19.875 77.375 0.19111
19.875 77.625 0.13323
19.875 77.875 0.11721
19.875 78.125 0.12086
19.875 78.375 0.14415
19.875 78.625 0.14816
19.875 78.875 0.13287
19.875 79.125 0.093919
19.875 79.375 0.031306
19.875 79.625 0
19.875 79.875 0
19.875 80.125 0
19.875 80.375 0
19.875 80.625 0
19.875 80.875 0
19.875 81.125 0
19.875 81.375 0
19.875 81.625 0.016017
19.875 81.875 0.04805
19.875 82.125 0.072077
19.875 82.375 0.088093
19.875 82.625 0.07608
19.875 82.875 0.036038
19.875 83.125 0.016017
19.875 83.375 0.016017
19.875 83.625 0.28139
19.875 83.875 0.81213
19.875 84.125 0.82014
19.875 84.375 0.30542
19.875 84.625 0.097922
19.875 84.875 0.19766
19.875 85.125 0.48306
19.875 85.375 0.9541
NaN NaN NaN
NaN NaN NaN
NaN NaN NaN
20.125 72.875 0.42408
20.125 73.125 1.0222
20.125 73.375 2.2278
20.125 73.625 2.3479
20.125 73.875 1.3826
20.125 74.125 0.72986
20.125 74.375 0.38987
20.125 74.625 0.39277
20.125 74.875 0.7386
20.125 75.125 1.1168
20.125 75.375 1.5274
20.125 75.625 1.42
20.125 75.875 0.79466
20.125 76.125 0.47796
20.125 76.375 0.46995
20.125 76.625 0.40733
20.125 76.875 0.29013
20.125 77.125 0.19366
20.125 77.375 0.11794
20.125 77.625 0.068072
20.125 77.875 0.044047
20.125 78.125 0.02803
20.125 78.375 0.020021
20.125 78.625 0.012013
20.125 78.875 0.0040042
20.125 79.125 0
20.125 79.375 0
20.125 79.625 0
20.125 79.875 0
20.125 80.125 0
20.125 80.375 0
20.125 80.625 0
20.125 80.875 0
20.125 81.125 0
20.125 81.375 0
20.125 81.625 0.012013
20.125 81.875 0.036038
20.125 82.125 0.075716
20.125 82.375 0.13105
20.125 82.625 0.12304
20.125 82.875 0.051691
20.125 83.125 0.012013
20.125 83.375 0.0040042
20.125 83.625 0.21477
20.125 83.875 0.64432
20.125 84.125 0.64832
20.125 84.375 0.22679
20.125 84.625 0.077901
20.125 84.875 0.20167
20.125 85.125 0.43646
20.125 85.375 0.78229
20.125 85.625 1.0295
20.125 85.875 1.178
20.125 86.125 1.6501
NaN NaN NaN
20.375 73.125 0.63194
20.375 73.375 1.6163
20.375 73.625 1.9475
20.375 73.875 1.6257
20.375 74.125 1.1383
20.375 74.375 0.48524
20.375 74.625 0.20567
20.375 74.875 0.29959
20.375 75.125 0.4674
20.375 75.375 0.70912
20.375 75.625 0.70438
20.375 75.875 0.45321
20.375 76.125 0.31561
20.375 76.375 0.29159
20.375 76.625 0.22897
20.375 76.875 0.12777
20.375 77.125 0.085909
20.375 77.375 0.10338
20.375 77.625 0.10811
20.375 77.875 0.10011
20.375 78.125 0.084089
20.375 78.375 0.060064
20.375 78.625 0.036038
20.375 78.875 0.012013
20.375 79.125 0
20.375 79.375 0
20.375 79.625 0
20.375 79.875 0
20.375 80.125 0
20.375 80.375 0
20.375 80.625 0
20.375 80.875 0
20.375 81.125 0
20.375 81.375 0
20.375 81.625 0.0040042
20.375 81.875 0.012013
20.375 82.125 0.06698
20.375 82.375 0.16891
20.375 82.625 0.17692
20.375 82.875 0.091009
20.375 83.125 0.036038
20.375 83.375 0.012013
20.375 83.625 0.082269
20.375 83.875 0.24681
20.375 84.125 0.25882
20.375 84.375 0.11831
20.375 84.625 0.079356
20.375 84.875 0.14197
20.375 85.125 0.34545
20.375 85.375 0.68982
20.375 85.625 1.178
20.375 85.875 1.8099
20.375 86.125 2.2595
20.375 86.375 2.5267
NaN NaN NaN
20.625 73.125 0.33526
20.625 73.375 1.0058
20.625 73.625 1.3884
20.625 73.875 1.483
20.625 74.125 1.1758
20.625 74.375 0.46668
20.625 74.625 0.096102
20.625 74.875 0.064068
20.625 75.125 0.10702
20.625 75.375 0.22496
20.625 75.625 0.25991
20.625 75.875 0.21186
20.625 76.125 0.17582
20.625 76.375 0.1518
20.625 76.625 0.10884
20.625 76.875 0.046959
20.625 77.125 0.040043
20.625 77.375 0.088093
20.625 77.625 0.10811
20.625 77.875 0.10011
20.625 78.125 0.084089
20.625 78.375 0.060064
20.625 78.625 0.040042
20.625 78.875 0.024025
20.625 79.125 0.012013
20.625 79.375 0.0040042
20.625 79.625 0
20.625 79.875 0
20.625 80.125 0.0040042
20.625 80.375 0.012013
20.625 80.625 0.012013
20.625 80.875 0.0040042
20.625 81.125 0
20.625 81.375 0
20.625 81.625 0
20.625 81.875 0
20.625 82.125 0.046959
20.625 82.375 0.14088
20.625 82.625 0.15689
20.625 82.875 0.095014
20.625 83.125 0.04805
20.625 83.375 0.016017
20.625 83.625 0.012013
20.625 83.875 0.036038
20.625 84.125 0.052055
20.625 84.375 0.060064
20.625 84.625 0.083725
20.625 84.875 0.12304
20.625 85.125 0.27557
20.625 85.375 0.54131
20.625 85.625 1.0524
20.625 85.875 1.8088
20.625 86.125 2.1961
20.625 86.375 2.2144
20.625 86.625 2.5849
NaN NaN NaN
20.875 70.625 0.9814
20.875 70.875 1.3571
20.875 71.125 1.1984
20.875 71.375 0.50527
20.875 72.875 0.039678
20.875 73.125 0.13214
20.875 73.375 0.39642
20.875 73.625 0.67053
20.875 73.875 0.95447
20.875 74.125 0.84235
20.875 74.375 0.33417
20.875 74.625 0.064068
20.875 74.875 0.032034
20.875 75.125 0.035674
20.875 75.375 0.074989
20.875 75.625 0.086638
20.875 75.875 0.07062
20.875 76.125 0.058608
20.875 76.375 0.050599
20.875 76.625 0.046959
20.875 76.875 0.047687
20.875 77.125 0.056059
20.875 77.375 0.072077
20.875 77.625 0.068072
20.875 77.875 0.044047
20.875 78.125 0.02803
20.875 78.375 0.020021
20.875 78.625 0.024025
20.875 78.875 0.040042
20.875 79.125 0.036038
20.875 79.375 0.012013
20.875 79.625 0
20.875 79.875 0
20.875 80.125 0.012013
20.875 80.375 0.036038
20.875 80.625 0.036038
20.875 80.875 0.012013
20.875 81.125 0
20.875 81.375 0
20.875 81.625 0
20.875 81.875 0
20.875 82.125 0.015653
20.875 82.375 0.046959
20.875 82.625 0.062976
20.875 82.875 0.063704
20.875 83.125 0.04805
20.875 83.375 0.016017
20.875 83.625 0.0040042
20.875 83.875 0.012013
20.875 84.125 0.02803
20.875 84.375 0.052055
20.875 84.625 0.091005
20.875 84.875 0.14488
20.875 85.125 0.22679
20.875 85.375 0.33672
20.875 85.625 0.65269
20.875 85.875 1.1747
20.875 86.125 1.4601
20.875 86.375 1.5089
20.875 86.625 1.9974
21.125 70.375 1.0724
21.125 70.625 1.6035
21.125 70.875 2.1896
21.125 71.125 1.9482
21.125 71.375 0.87948
NaN NaN NaN
NaN NaN NaN
21.125 72.875 0.047687
21.125 73.125 0.03895
21.125 73.375 0.084817
21.125 73.625 0.24571
21.125 73.875 0.52164
21.125 74.125 0.50672
21.125 74.375 0.20094
21.125 74.625 0.036038
21.125 74.875 0.012013
21.125 75.125 0.034946
21.125 75.375 0.10484
21.125 75.625 0.11248
21.125 75.875 0.05788
21.125 76.125 0.022933
21.125 76.375 0.0076445
21.125 76.625 0.020021
21.125 76.875 0.060064
21.125 77.125 0.087365
21.125 77.375 0.10193
21.125 77.625 0.081905
21.125 77.875 0.027301
21.125 78.125 0
21.125 78.375 0
21.125 78.625 0.016017
21.125 78.875 0.04805
21.125 79.125 0.052055
21.125 79.375 0.02803
21.125 79.625 0.012013
21.125 79.875 0.0040042
21.125 80.125 0.012013
21.125 80.375 0.036038
21.125 80.625 0.036038
21.125 80.875 0.012013
21.125 81.125 0
21.125 81.375 0
21.125 81.625 0
21.125 81.875 0
21.125 82.125 0
21.125 82.375 0
21.125 82.625 0.012013
21.125 82.875 0.036038
21.125 83.125 0.040042
21.125 83.375 0.024025
21.125 83.625 0.023661
21.125 83.875 0.038951
21.125 84.125 0.085909
21.125 84.375 0.16454
21.125 84.625 0.19584
21.125 84.875 0.17983
21.125 85.125 0.35529
21.125 85.375 0.72222
21.125 85.625 1.0145
21.125 85.875 1.2322
21.125 86.125 1.4277
21.125 86.375 1.601
21.125 86.625 1.9337
21.375 70.125 0.91516
21.375 70.375 1.5981
21.375 70.625 2.3177
21.375 70.875 3.0741
21.375 71.125 2.784
21.375 71.375 1.4473
21.375 71.625 0.6345
21.375 71.875 0.34546
21.375 72.875 0.078993
21.375 73.125 0.055695
21.375 73.375 0.070985
21.375 73.625 0.11394
21.375 73.875 0.18456
21.375 74.125 0.16891
21.375 74.375 0.06698
21.375 74.625 0.012013
21.375 74.875 0.0040042
21.375 75.125 0.10484
21.375 75.375 0.31451
21.375 75.625 0.33744
21.375 75.875 0.17364
21.375 76.125 0.0688
21.375 76.375 0.022933
21.375 76.625 0.02803
21.375 76.875 0.084089
21.375 77.125 0.13396
21.375 77.375 0.17764
21.375 77.625 0.14961
21.375 77.875 0.049871
21.375 78.125 0
21.375 78.375 0
21.375 78.625 0.016017
21.375 78.875 0.04805
21.375 79.125 0.060064
21.375 79.375 0.052055
21.375 79.625 0.036038
21.375 79.875 0.012013
21.375 80.125 0.0040042
21.375 80.375 0.012013
21.375 80.625 0.012013
21.375 80.875 0.0040042
21.375 81.125 0
21.375 81.375 0
21.375 81.625 0
21.375 81.875 0
21.375 82.125 0
21.375 82.375 0
21.375 82.625 0.0040042
21.375 82.875 0.012013
21.375 83.125 0.024025
21.375 83.375 0.040042
21.375 83.625 0.070985
21.375 83.875 0.11685
21.375 84.125 0.22569
21.375 84.375 0.39751
21.375 84.625 0.39823
21.375 84.875 0.22787
21.375 85.125 0.66106
21.375 85.375 1.6978
21.375 85.625 2.1379
21.375 85.875 1.9814
21.375 86.125 2.0989
21.375 86.375 2.4906
21.375 86.625 2.3938
21.375 86.875 1.8085
21.625 69.875 0.91842
21.625 70.125 1.3571
21.625 70.375 1.7357
21.625 70.625 2.2129
21.625 70.875 2.7888
21.625 71.125 2.5176
21.625 71.375 1.3993
21.625 71.625 0.65705
21.625 71.875 0.29086
21.625 72.125 0.12341
21.625 72.875 0.078628
21.625 73.125 0.04805
21.625 73.375 0.04805
21.625 73.625 0.036038
21.625 73.875 0.012013
21.625 74.125 0.0040042
21.625 74.375 0.012013
21.625 74.625 0.012013
21.625 74.875 0.0040042
21.625 75.125 0.10484
21.625 75.375 0.31451
21.625 75.625 0.33744
21.625 75.875 0.17364
21.625 76.125 0.0688
21.625 76.375 0.022933
21.625 76.625 0.024026
21.625 76.875 0.072077
21.625 77.125 0.11794
21.625 77.375 0.16163
21.625 77.625 0.1376
21.625 77.875 0.045866
21.625 78.125 0.0040042
21.625 78.375 0.012013
21.625 78.625 0.032034
21.625 78.875 0.064067
21.625 79.125 0.091734
21.625 79.375 0.11503
21.625 79.625 0.09501
21.625 79.875 0.031669
21.625 80.125 0.0040042
21.625 80.375 0.012013
21.625 80.625 0.019657
21.625 80.875 0.026938
21.625 81.125 0.022933
21.625 81.375 0.0076445
21.625 81.625 0
21.625 81.875 0
21.625 82.125 0.0040042
21.625 82.375 0.012013
21.625 82.625 0.012013
21.625 82.875 0.0040042
21.625 83.125 0.016017
21.625 83.375 0.04805
21.625 83.625 0.090642
21.625 83.875 0.14379
21.625 84.125 0.24862
21.625 84.375 0.40516
21.625 84.625 0.39824
21.625 84.875 0.22788
21.625 85.125 0.73933
21.625 85.375 1.9326
21.625 85.625 2.396
21.625 85.875 2.1295
21.625 86.125 2.333
21.625 86.375 3.0065
21.625 86.625 2.7262
21.625 86.875 1.4921
21.625 87.125 1.3556
NaN NaN NaN
NaN NaN NaN
21.875 69.625 0.63885
21.875 69.875 1.6399
21.875 70.125 1.9221
21.875 70.375 1.4852
21.875 70.625 1.289
21.875 70.875 1.3334
21.875 71.125 1.1489
21.875 71.375 0.73532
21.875 71.625 0.41609
21.875 71.875 0.19111
21.875 72.125 0.093554
NaN NaN NaN
21.875 72.875 0.046595
21.875 73.125 0.016017
21.875 73.375 0.016017
21.875 73.625 0.012013
21.875 73.875 0.0040042
21.875 74.125 0.012013
21.875 74.375 0.036038
21.875 74.625 0.036038
21.875 74.875 0.012013
21.875 75.125 0.034946
21.875 75.375 0.10484
21.875 75.625 0.11248
21.875 75.875 0.05788
21.875 76.125 0.022933
21.875 76.375 0.0076445
21.875 76.625 0.0080084
21.875 76.875 0.024026
21.875 77.125 0.039314
21.875 77.375 0.053876
21.875 77.625 0.045866
21.875 77.875 0.015289
21.875 78.125 0.012013
21.875 78.375 0.036038
21.875 78.625 0.064067
21.875 78.875 0.096101
21.875 79.125 0.14707
21.875 79.375 0.21695
21.875 79.625 0.18893
21.875 79.875 0.062976
21.875 80.125 0.012013
21.875 80.375 0.036038
21.875 80.625 0.058971
21.875 80.875 0.080813
21.875 81.125 0.0688
21.875 81.375 0.022933
21.875 81.625 0
21.875 81.875 0
21.875 82.125 0.012013
21.875 82.375 0.036038
21.875 82.625 0.036038
21.875 82.875 0.012013
21.875 83.125 0.016017
21.875 83.375 0.04805
21.875 83.625 0.082633
21.875 83.875 0.11976
21.875 84.125 0.15471
21.875 84.375 0.18747
21.875 84.625 0.19584
21.875 84.875 0.17982
21.875 85.125 0.59008
21.875 85.375 1.4266
21.875 85.625 1.7888
21.875 85.875 1.6767
21.875 86.125 2.1299
21.875 86.375 3.1484
21.875 86.625 2.9307
21.875 86.875 1.4768
21.875 87.125 1.0032
21.875 87.375 1.51
21.875 87.625 1.9668
21.875 87.875 2.3738
21.875 88.375 3.2107
NaN NaN NaN
NaN NaN NaN
22.125 69.125 0.022933
22.125 69.375 0.0688
22.125 69.625 0.56132
22.125 69.875 1.5005
22.125 70.125 1.6534
22.125 70.375 1.02
22.125 70.625 0.65524
22.125 70.875 0.55914
22.125 71.125 0.4805
22.125 71.375 0.41935
22.125 71.625 0.3036
22.125 71.875 0.13323
22.125 72.125 0.066616
NaN NaN NaN
22.125 72.875 0.042591
22.125 73.125 0.012013
22.125 73.375 0.0040042
22.125 73.625 0
22.125 73.875 0
22.125 74.125 0.012013
22.125 74.375 0.036038
22.125 74.625 0.036038
22.125 74.875 0.012013
22.125 75.125 0.0040042
22.125 75.375 0.012013
22.125 75.625 0.016017
22.125 75.875 0.016017
22.125 76.125 0.012013
22.125 76.375 0.0040042
22.125 76.625 0
22.125 76.875 0
22.125 77.125 0
22.125 77.375 0
22.125 77.625 0
22.125 77.875 0
22.125 78.125 0.016017
22.125 78.375 0.04805
22.125 78.625 0.079721
22.125 78.875 0.11103
22.125 79.125 0.15799
22.125 79.375 0.2206
22.125 79.625 0.18892
22.125 79.875 0.062976
22.125 80.125 0.012013
22.125 80.375 0.036038
22.125 80.625 0.062976
22.125 80.875 0.092828
22.125 81.125 0.088456
22.125 81.375 0.049871
22.125 81.625 0.030578
22.125 81.875 0.030578
22.125 82.125 0.03895
22.125 82.375 0.055695
22.125 82.625 0.0597
22.125 82.875 0.050963
22.125 83.125 0.062611
22.125 83.375 0.094643
22.125 83.625 0.10994
22.125 83.875 0.10848
22.125 84.125 0.096828
22.125 84.375 0.074988
22.125 84.625 0.082998
22.125 84.875 0.12086
22.125 85.125 0.40988
22.125 85.375 0.95009
22.125 85.625 1.1838
22.125 85.875 1.111
22.125 86.125 1.5293
22.125 86.375 2.4386
22.125 86.625 2.3188
22.125 86.875 1.17
22.125 87.125 0.7193
22.125 87.375 0.96684
22.125 87.625 1.3254
22.125 87.875 1.795
22.125 88.125 2.2533
22.125 88.375 2.7003
NaN NaN NaN
22.375 69.125 0.0076445
22.375 69.875 0.50016
22.375 70.125 0.55112
22.375 70.375 0.34
22.375 70.625 0.3116
22.375 70.875 0.46596
22.375 71.125 0.51255
22.375 71.375 0.45139
22.375 71.625 0.31961
22.375 71.875 0.11722
22.375 72.125 0.042591
NaN NaN NaN
22.375 72.875 0.066616
22.375 73.125 0.036038
22.375 73.375 0.012013
22.375 73.625 0
22.375 73.875 0
22.375 74.125 0.0040042
22.375 74.375 0.012013
22.375 74.625 0.012013
22.375 74.875 0.0040042
22.375 75.125 0.012013
22.375 75.375 0.036038
22.375 75.625 0.04805
22.375 75.875 0.04805
22.375 76.125 0.036038
22.375 76.375 0.012013
22.375 76.625 0
22.375 76.875 0
22.375 77.125 0
22.375 77.375 0
22.375 77.625 0
22.375 77.875 0
22.375 78.125 0.016017
22.375 78.375 0.04805
22.375 78.625 0.078992
22.375 78.875 0.10884
22.375 79.125 0.1245
22.375 79.375 0.12596
22.375 79.625 0.095011
22.375 79.875 0.03167
22.375 80.125 0.0040042
22.375 80.375 0.012013
22.375 80.625 0.03167
22.375 80.875 0.062976
22.375 81.125 0.081905
22.375 81.375 0.088456
22.375 81.625 0.091731
22.375 81.875 0.091731
22.375 82.125 0.084817
22.375 82.375 0.070985
22.375 82.625 0.082997
22.375 82.875 0.12086
22.375 83.125 0.15581
22.375 83.375 0.18783
22.375 83.625 0.17255
22.375 83.875 0.10994
22.375 84.125 0.074988
22.375 84.375 0.067708
22.375 84.625 0.059699
22.375 84.875 0.050963
22.375 85.125 0.19875
22.375 85.375 0.50308
22.375 85.625 0.58098
22.375 85.875 0.43246
22.375 86.125 0.53111
22.375 86.375 0.87693
22.375 86.625 0.8904
22.375 86.875 0.57151
22.375 87.125 0.50381
22.375 87.375 0.68727
22.375 87.625 0.95047
22.375 87.875 1.2934
22.375 88.125 1.8849
22.375 88.375 2.7251
22.375 88.625 4.0308
22.375 88.875 5.8022
NaN NaN NaN
22.625 70.375 0
22.625 70.625 0.10484
22.625 70.875 0.31451
22.625 71.125 0.39642
22.625 71.375 0.35056
22.625 71.625 0.24571
22.625 71.875 0.081905
22.625 72.125 0.022933
22.625 72.375 0.0688
22.625 72.625 0.080813
22.625 72.875 0.058971
22.625 73.125 0.036038
22.625 73.375 0.012013
22.625 73.625 0
22.625 73.875 0
22.625 74.125 0
22.625 74.375 0
22.625 74.625 0
22.625 74.875 0
22.625 75.125 0.012013
22.625 75.375 0.036038
22.625 75.625 0.04805
22.625 75.875 0.04805
22.625 76.125 0.051327
22.625 76.375 0.057879
22.625 76.625 0.057516
22.625 76.875 0.050235
22.625 77.125 0.038951
22.625 77.375 0.023661
22.625 77.625 0.012013
22.625 77.875 0.0040042
22.625 78.125 0.012013
22.625 78.375 0.036038
22.625 78.625 0.058971
22.625 78.875 0.080813
22.625 79.125 0.080813
22.625 79.375 0.058971
22.625 79.625 0.043683
22.625 79.875 0.034946
22.625 80.125 0.026938
22.625 80.375 0.019657
22.625 80.625 0.035675
22.625 80.875 0.074988
22.625 81.125 0.12122
22.625 81.375 0.17437
22.625 81.625 0.17764
22.625 81.875 0.13105
22.625 82.125 0.096828
22.625 82.375 0.074988
22.625 82.625 0.094646
22.625 82.875 0.1558
22.625 83.125 0.22606
22.625 83.375 0.30541
22.625 83.625 0.31779
22.625 83.875 0.26319
22.625 84.125 0.25154
22.625 84.375 0.28285
22.625 84.625 0.27483
22.625 84.875 0.22752
22.625 85.125 0.31233
22.625 85.375 0.52929
22.625 85.625 0.50963
22.625 85.875 0.25336
22.625 86.125 0.2155
22.625 86.375 0.39605
22.625 86.625 0.4714
22.625 86.875 0.44155
22.625 87.125 0.47942
22.625 87.375 0.58499
22.625 87.625 0.75463
22.625 87.875 0.98832
22.625 88.125 1.5526
22.625 88.375 2.4473
22.625 88.625 3.46
22.625 88.875 4.5907
22.625 92.625 49.681
22.625 92.875 80.723
NaN NaN NaN
NaN NaN NaN
NaN NaN NaN
22.875 70.625 0.034946
22.875 70.875 0.10484
22.875 71.125 0.13214
22.875 71.375 0.11685
22.875 71.625 0.081905
22.875 71.875 0.027302
22.875 72.125 0.0076445
22.875 72.375 0.022933
22.875 72.625 0.026938
22.875 72.875 0.019657
22.875 73.125 0.012013
22.875 73.375 0.0040042
22.875 73.625 0
22.875 73.875 0
22.875 74.125 0
22.875 74.375 0
22.875 74.625 0
22.875 74.875 0
22.875 75.125 0.0040042
22.875 75.375 0.012013
22.875 75.625 0.016017
22.875 75.875 0.016017
22.875 76.125 0.057879
22.875 76.375 0.1416
22.875 76.625 0.17254
22.875 76.875 0.1507
22.875 77.125 0.11685
22.875 77.375 0.070985
22.875 77.625 0.036038
22.875 77.875 0.012013
22.875 78.125 0.0040042
22.875 78.375 0.012013
22.875 78.625 0.019657
22.875 78.875 0.026938
22.875 79.125 0.026938
22.875 79.375 0.019657
22.875 79.625 0.034946
22.875 79.875 0.072804
22.875 80.125 0.080813
22.875 80.375 0.058971
22.875 80.625 0.074988
22.875 80.875 0.12887
22.875 81.125 0.2064
22.875 81.375 0.3076
22.875 81.625 0.28831
22.875 81.875 0.14853
22.875 82.125 0.074988
22.875 82.375 0.067708
22.875 82.625 0.094646
22.875 82.875 0.1558
22.875 83.125 0.27338
22.875 83.375 0.44738
22.875 83.625 0.54567
22.875 83.875 0.56824
22.875 84.125 0.62648
22.875 84.375 0.7204
22.875 84.625 0.72841
22.875 84.875 0.65051
22.875 85.125 0.75061
22.875 85.375 1.0287
22.875 85.625 0.96975
22.875 85.875 0.5737
22.875 86.125 0.58244
22.875 86.375 0.99596
22.875 86.625 1.0618
22.875 86.875 0.7801
22.875 87.125 0.64614
22.875 87.375 0.65997
22.875 87.625 0.73787
22.875 87.875 0.87984
22.875 88.125 1.2562
22.875 88.375 1.8671
22.875 88.625 2.4648
22.875 92.625 39.667
22.875 92.875 57.555
23.125 68.875 0
23.125 69.125 0
23.125 69.375 0
23.125 69.625 0
23.125 69.875 0
23.125 70.125 0
23.125 70.875 0
23.125 71.125 0
23.125 71.375 0
23.125 71.625 0
23.125 71.875 0
23.125 72.125 0
23.125 72.375 0
23.125 72.625 0
23.125 72.875 0
23.125 73.125 0
23.125 73.375 0
23.125 73.625 0
23.125 73.875 0
23.125 74.125 0
23.125 74.375 0
23.125 74.625 0
23.125 74.875 0
23.125 75.125 0
23.125 75.375 0
23.125 75.625 0
23.125 75.875 0
23.125 76.125 0.045866
23.125 76.375 0.1376
23.125 76.625 0.17254
23.125 76.875 0.1507
23.125 77.125 0.11685
23.125 77.375 0.070985
23.125 77.625 0.036038
23.125 77.875 0.012013
23.125 78.125 0.019657
23.125 78.375 0.058971
23.125 78.625 0.07062
23.125 78.875 0.054603
23.125 79.125 0.03895
23.125 79.375 0.023662
23.125 79.625 0.042591
23.125 79.875 0.09574
23.125 80.125 0.1234
23.125 80.375 0.12559
23.125 80.625 0.14962
23.125 80.875 0.19548
23.125 81.125 0.24572
23.125 81.375 0.30032
23.125 81.625 0.31233
23.125 81.875 0.28175
23.125 82.125 0.32908
23.125 82.375 0.4543
23.125 82.625 0.43428
23.125 82.875 0.26902
23.125 83.125 0.29304
23.125 83.375 0.50635
23.125 83.625 0.67454
23.125 83.875 0.79757
23.125 84.125 0.87511
23.125 84.375 0.90714
23.125 84.625 0.88857
23.125 84.875 0.81941
23.125 85.125 0.90787
23.125 85.375 1.1539
23.125 85.625 1.0903
23.125 85.875 0.71676
23.125 86.125 0.76808
23.125 86.375 1.2442
23.125 86.625 1.3134
23.125 86.875 0.97558
23.125 87.125 0.79502
23.125 87.375 0.77172
23.125 87.625 0.83907
23.125 87.875 0.99706
23.125 88.125 1.2908
23.125 88.375 1.7204
23.125 88.625 2.0917
NaN NaN NaN
23.125 92.625 34.47
23.125 92.875 42.366
NaN NaN NaN
23.375 68.875 0
23.375 69.125 0
23.375 69.375 0
23.375 69.625 0
23.375 69.875 0
23.375 70.125 0
23.375 70.375 0
23.375 70.625 0
23.375 70.875 0
23.375 71.125 0
23.375 71.375 0
23.375 71.625 0
23.375 71.875 0
23.375 72.125 0
23.375 72.375 0
23.375 72.625 0
23.375 72.875 0
23.375 73.125 0
23.375 73.375 0
23.375 73.625 0
23.375 73.875 0
23.375 74.125 0
23.375 74.375 0
23.375 74.625 0
23.375 74.875 0
23.375 75.125 0
23.375 75.375 0
23.375 75.625 0
23.375 75.875 0
23.375 76.125 0.015289
23.375 76.375 0.045866
23.375 76.625 0.057516
23.375 76.875 0.050235
23.375 77.125 0.038951
23.375 77.375 0.023661
23.375 77.625 0.012013
23.375 77.875 0.0040042
23.375 78.125 0.058971
23.375 78.375 0.17691
23.375 78.625 0.21186
23.375 78.875 0.16381
23.375 79.125 0.11685
23.375 79.375 0.070985
23.375 79.625 0.066616
23.375 79.875 0.10375
23.375 80.125 0.15471
23.375 80.375 0.21951
23.375 80.625 0.25955
23.375 80.875 0.27483
23.375 81.125 0.23916
23.375 81.375 0.15253
23.375 81.625 0.24972
23.375 81.875 0.53075
23.375 82.125 0.85909
23.375 82.375 1.2348
23.375 82.625 1.1135
23.375 82.875 0.49543
23.375 83.125 0.28503
23.375 83.375 0.48233
23.375 83.625 0.70439
23.375 83.875 0.95115
23.375 84.125 0.99746
23.375 84.375 0.84308
23.375 84.625 0.75535
23.375 84.875 0.73423
23.375 85.125 0.78411
23.375 85.375 0.90495
23.375 85.625 0.87111
23.375 85.875 0.68254
23.375 86.125 0.77245
23.375 86.375 1.1409
23.375 86.625 1.226
23.375 86.875 1.028
23.375 87.125 0.92607
23.375 87.375 0.92025
23.375 87.625 1.0582
23.375 87.875 1.34
23.375 88.125 1.6563
23.375 88.375 2.0072
23.375 88.625 2.3407
23.375 91.375 12.73
23.375 91.625 13.67
23.375 92.625 34.087
23.375 92.875 35.157
23.375 93.125 42.049
23.625 68.625 0
23.625 68.875 0
23.625 69.125 0
23.625 69.375 0
23.625 69.625 0
23.625 69.875 0
23.625 70.125 0
23.625 70.375 0
23.625 70.625 0
23.625 70.875 0
23.625 71.125 0
23.625 71.375 0
23.625 71.625 0
23.625 71.875 0
23.625 72.125 0
23.625 72.375 0
23.625 72.625 0
23.625 72.875 0
23.625 73.125 0
23.625 73.375 0
23.625 73.625 0
23.625 73.875 0
23.625 74.125 0
23.625 74.375 0
23.625 74.625 0
23.625 74.875 0
23.625 75.125 0
23.625 75.375 0
23.625 75.625 0
23.625 75.875 0
23.625 76.125 0
23.625 76.375 0
23.625 76.625 0
23.625 76.875 0
23.625 77.125 0
23.625 77.375 0
23.625 77.625 0
23.625 77.875 0
23.625 78.125 0.066616
23.625 78.375 0.19985
23.625 78.625 0.24244
23.625 78.875 0.19439
23.625 79.125 0.14379
23.625 79.375 0.090642
23.625 79.625 0.086637
23.625 79.875 0.13177
23.625 80.125 0.19839
23.625 80.375 0.28648
23.625 80.625 0.34618
23.625 80.875 0.37749
23.625 81.125 0.34582
23.625 81.375 0.25117
23.625 81.625 0.35966
23.625 81.875 0.67126
23.625 82.125 0.9876
23.625 82.375 1.3087
23.625 82.625 1.1565
23.625 82.875 0.53111
23.625 83.125 0.30505
23.625 83.375 0.47833
23.625 83.625 0.64941
23.625 83.875 0.81832
23.625 84.125 0.81359
23.625 84.375 0.63522
23.625 84.625 0.59445
23.625 84.875 0.69128
23.625 85.125 0.77682
23.625 85.375 0.85108
23.625 85.625 0.81323
23.625 85.875 0.66325
23.625 86.125 0.73278
23.625 86.375 1.0218
23.625 86.625 1.1263
23.625 86.875 1.0462
23.625 87.125 1.004
23.625 87.375 0.9996
23.625 87.625 1.1532
23.625 87.875 1.4648
23.625 88.125 1.7928
23.625 88.375 2.1372
23.625 91.375 11.428
23.625 91.625 11.915
NaN NaN NaN
23.625 92.375 28.58
23.625 92.625 32.447
23.625 92.875 29.984
23.625 93.125 32.791
23.875 68.875 0
23.875 69.125 0
23.875 69.375 0
23.875 69.625 0
23.875 69.875 0
23.875 70.125 0
23.875 70.375 0
23.875 70.625 0
23.875 70.875 0
23.875 71.125 0
23.875 71.375 0
23.875 71.625 0
23.875 71.875 0
23.875 72.125 0
23.875 72.375 0
23.875 72.625 0
23.875 72.875 0
23.875 73.125 0
23.875 73.375 0
23.875 73.625 0
23.875 73.875 0
23.875 74.125 0
23.875 74.375 0
23.875 74.625 0
23.875 74.875 0
23.875 75.125 0
23.875 75.375 0
23.875 75.625 0
23.875 75.875 0
23.875 76.125 0
23.875 76.375 0
23.875 76.625 0
23.875 76.875 0
23.875 77.125 0
23.875 77.375 0
23.875 77.625 0
23.875 77.875 0
23.875 78.125 0.042591
23.875 78.375 0.12777
23.875 78.625 0.16235
23.875 78.875 0.14634
23.875 79.125 0.11976
23.875 79.375 0.082633
23.875 79.625 0.10266
23.875 79.875 0.17983
23.875 80.125 0.25445
23.875 80.375 0.32653
23.875 80.625 0.40952
23.875 80.875 0.50345
23.875 81.125 0.5657
23.875 81.375 0.59627
23.875 81.625 0.64213
23.875 81.875 0.7033
23.875 82.125 0.71458
23.875 82.375 0.67598
23.875 82.625 0.56314
23.875 82.875 0.37603
23.875 83.125 0.3531
23.875 83.375 0.49434
23.875 83.625 0.50963
23.875 83.875 0.39897
23.875 84.125 0.32362
23.875 84.375 0.28357
23.875 84.625 0.40588
23.875 84.875 0.69055
23.875 85.125 0.88603
23.875 85.375 0.99232
23.875 85.625 0.91661
23.875 85.875 0.65888
23.875 86.125 0.64905
23.875 86.375 0.88713
23.875 86.625 1.0142
23.875 86.875 1.0302
23.875 87.125 1.0287
23.875 87.375 1.0098
23.875 87.625 1.1241
23.875 87.875 1.3716
23.875 88.125 1.7004
23.875 88.375 2.1102
23.875 91.375 9.7977
23.875 91.625 11.138
23.875 91.875 13.194
23.875 92.125 18.39
23.875 92.375 26.728
23.875 92.625 29.548
23.875 92.875 26.849
23.875 93.125 29.179
23.875 93.375 36.535
24.125 68.875 0
24.125 69.125 0
24.125 69.375 0
24.125 69.625 0
24.125 69.875 0
24.125 70.125 0
24.125 70.375 0
24.125 70.625 0
24.125 70.875 0
24.125 71.125 0
24.125 71.375 0
24.125 71.625 0
24.125 71.875 0
24.125 72.125 0
24.125 72.375 0
24.125 72.625 0
24.125 72.875 0
24.125 73.125 0
24.125 73.375 0
24.125 73.625 0
24.125 73.875 0
24.125 74.125 0
24.125 74.375 0
24.125 74.625 0
24.125 74.875 0
24.125 75.125 0
24.125 75.375 0
24.125 75.625 0
24.125 75.875 0
24.125 76.125 0
24.125 76.375 0
24.125 76.625 0
24.125 76.875 0
24.125 77.125 0
24.125 77.375 0
24.125 77.625 0
24.125 77.875 0
24.125 78.125 0.034582
24.125 78.375 0.10375
24.125 78.625 0.13068
24.125 78.875 0.1154
24.125 79.125 0.10447
24.125 79.375 0.097926
24.125 79.625 0.12595
24.125 79.875 0.18856
24.125 80.125 0.28285
24.125 80.375 0.4088
24.125 80.625 0.50672
24.125 80.875 0.57661
24.125 81.125 0.67017
24.125 81.375 0.78738
24.125 81.625 0.84162
24.125 81.875 0.83288
24.125 82.125 0.75826
24.125 82.375 0.61775
24.125 82.625 0.51654
24.125 82.875 0.45466
24.125 83.125 0.47432
24.125 83.375 0.57552
24.125 83.625 0.5089
24.125 83.875 0.27447
24.125 84.125 0.17182
24.125 84.375 0.20094
24.125 84.625 0.33854
24.125 84.875 0.58462
24.125 85.125 0.77283
24.125 85.375 0.90313
24.125 85.625 0.89441
24.125 85.875 0.74662
24.125 86.125 0.78374
24.125 86.375 1.0058
24.125 86.625 1.1208
24.125 86.875 1.1288
24.125 87.125 1.1587
24.125 87.375 1.2104
24.125 87.625 1.2617
24.125 87.875 1.3126
24.125 88.125 1.5824
24.125 88.375 2.0709
24.125 91.875 14.427
24.125 92.125 18.089
24.125 92.375 23.7
24.125 92.625 24.879
24.125 92.875 21.626
24.125 93.125 23.061
24.125 93.375 29.184
24.125 93.625 33.993
24.125 93.875 37.487
NaN NaN NaN
24.375 71.375 0
24.375 71.625 0
24.375 71.875 0
24.375 72.125 0
24.375 72.375 0
24.375 72.625 0
24.375 72.875 0
24.375 73.125 0
24.375 73.375 0
24.375 73.625 0
24.375 73.875 0
24.375 74.125 0
24.375 74.375 0
24.375 74.625 0
24.375 74.875 0
24.375 75.125 0
24.375 75.375 0
24.375 75.625 0
24.375 75.875 0
24.375 76.125 0
24.375 76.375 0
24.375 76.625 0
24.375 76.875 0
24.375 77.125 0
24.375 77.375 0
24.375 77.625 0
24.375 77.875 0
24.375 78.125 0.042591
24.375 78.375 0.12777
24.375 78.625 0.14743
24.375 78.875 0.10156
24.375 79.125 0.097926
24.375 79.375 0.13651
24.375 79.625 0.15653
24.375 79.875 0.15799
24.375 80.125 0.28357
24.375 80.375 0.53329
24.375 80.625 0.63776
24.375 80.875 0.59699
24.375 81.125 0.65925
24.375 81.375 0.82452
24.375 81.625 0.95811
24.375 81.875 1.06
24.375 82.125 1.1186
24.375 82.375 1.134
24.375 82.625 1.0167
24.375 82.875 0.76699
24.375 83.125 0.66871
24.375 83.375 0.72186
24.375 83.625 0.64723
24.375 83.875 0.44483
24.375 84.125 0.3582
24.375 84.375 0.38731
24.375 84.625 0.39242
24.375 84.875 0.37349
24.375 85.125 0.43719
24.375 85.375 0.58353
24.375 85.625 0.74661
24.375 85.875 0.92644
24.375 86.125 1.1368
24.375 86.375 1.3778
24.375 86.625 1.4463
24.375 86.875 1.3421
24.375 87.125 1.3938
24.375 87.375 1.6013
24.375 87.625 1.566
24.375 87.875 1.2879
24.375 88.125 1.439
24.375 92.375 19.495
24.375 92.625 18.44
24.375 92.875 14.313
24.375 93.125 14.436
24.375 93.375 18.809
24.375 93.625 21.893
24.375 93.875 23.686
24.375 94.125 22.817
24.625 71.125 0
24.625 71.375 0
24.625 71.625 0
24.625 71.875 0
24.625 72.125 0
24.625 72.375 0
24.625 72.625 0
24.625 72.875 0
24.625 73.125 0
24.625 73.375 0
24.625 73.625 0
24.625 73.875 0
24.625 74.125 0
24.625 74.375 0
24.625 74.625 0
24.625 74.875 0
24.625 75.125 0
24.625 75.375 0
24.625 75.625 0
24.625 75.875 0
24.625 76.125 0
24.625 76.375 0
24.625 76.625 0
24.625 76.875 0
24.625 77.125 0
24.625 77.375 0
24.625 77.625 0
24.625 77.875 0
24.625 78.125 0.03895
24.625 78.375 0.11685
24.625 78.625 0.13651
24.625 78.875 0.097926
24.625 79.125 0.11357
24.625 79.375 0.18347
24.625 79.625 0.19948
24.625 79.875 0.16163
24.625 80.125 0.29085
24.625 80.375 0.58717
24.625 80.625 0.71093
24.625 80.875 0.66216
24.625 81.125 0.68909
24.625 81.375 0.79175
24.625 81.625 0.90605
24.625 81.875 1.032
24.625 82.125 1.1183
24.625 82.375 1.1649
24.625 82.625 1.0437
24.625 82.875 0.75462
24.625 83.125 0.61338
24.625 83.375 0.61993
24.625 83.625 0.55331
24.625 83.875 0.41353
24.625 84.125 0.35455
24.625 84.375 0.37639
24.625 84.625 0.34218
24.625 84.875 0.25191
24.625 85.125 0.26064
24.625 85.375 0.36839
24.625 85.625 0.5515
24.625 85.875 0.80995
24.625 86.125 1.0484
24.625 86.375 1.2668
24.625 86.625 1.3083
24.625 86.875 1.1729
24.625 87.125 1.2828
24.625 87.375 1.6381
24.625 87.625 1.6181
24.625 87.875 1.2228
24.625 92.375 15.889
24.625 92.625 15.786
24.625 92.875 13.542
24.625 93.125 13.963
24.625 93.375 17.049
24.625 93.625 18.499
24.625 93.875 18.315
24.625 94.125 20.187
NaN NaN NaN
24.875 71.125 0
24.875 71.375 0
24.875 71.625 0
24.875 71.875 0
24.875 72.125 0
24.875 72.375 0
24.875 72.625 0
24.875 72.875 0
24.875 73.125 0
24.875 73.375 0
24.875 73.625 0
24.875 73.875 0
24.875 74.125 0
24.875 74.375 0
24.875 74.625 0
24.875 74.875 0
24.875 75.125 0
24.875 75.375 0
24.875 75.625 0
24.875 75.875 0
24.875 76.125 0
24.875 76.375 0
24.875 76.625 0
24.875 76.875 0
24.875 77.125 0
24.875 77.375 0
24.875 77.625 0
24.875 77.875 0
24.875 78.125 0.023662
24.875 78.375 0.070985
24.875 78.625 0.097926
24.875 78.875 0.10447
24.875 79.125 0.15143
24.875 79.375 0.2388
24.875 79.625 0.25481
24.875 79.875 0.19948
24.875 80.125 0.30469
24.875 80.375 0.57042
24.875 80.625 0.72622
24.875 80.875 0.77209
24.875 81.125 0.75972
24.875 81.375 0.68909
24.875 81.625 0.68545
24.875 81.875 0.74879
24.875 82.125 0.75717
24.875 82.375 0.71058
24.875 82.625 0.59736
24.875 82.875 0.41753
24.875 83.125 0.30833
24.875 83.375 0.26974
24.875 83.625 0.22715
24.875 83.875 0.18056
24.875 84.125 0.16089
24.875 84.375 0.16818
24.875 84.625 0.18784
24.875 84.875 0.21987
24.875 85.125 0.24317
24.875 85.375 0.25773
24.875 85.625 0.30905
24.875 85.875 0.39715
24.875 86.125 0.51836
24.875 86.375 0.67271
24.875 86.625 0.70693
24.875 86.875 0.62102
24.875 87.125 0.8256
24.875 87.375 1.3207
24.875 87.625 1.4179
24.875 87.875 1.1172
24.875 88.125 1.1609
24.875 92.625 16.918
24.875 92.875 19.313
24.875 93.125 21.641
24.875 93.375 23.902
24.875 93.625 23.814
24.875 93.875 21.374
24.875 94.125 24.986
24.875 94.375 34.648
25.125 71.125 0
25.125 71.375 0
25.125 71.625 0
25.125 71.875 0
25.125 72.125 0
25.125 72.375 0
25.125 72.625 0
25.125 72.875 0
25.125 73.125 0
25.125 73.375 0
25.125 73.625 0
25.125 73.875 0
25.125 74.125 0
25.125 74.375 0
25.125 74.625 0
25.125 74.875 0
25.125 75.125 0
25.125 75.375 0
25.125 75.625 0
25.125 75.875 0
25.125 76.125 0
25.125 76.375 0
25.125 76.625 0
25.125 76.875 0
25.125 77.125 0
25.125 77.375 0
25.125 77.625 0
25.125 77.875 0
25.125 78.125 0.016017
25.125 78.375 0.04805
25.125 78.625 0.078629
25.125 78.875 0.10775
25.125 79.125 0.16635
25.125 79.375 0.25445
25.125 79.625 0.29413
25.125 79.875 0.28539
25.125 80.125 0.37057
25.125 80.375 0.54968
25.125 80.625 0.67817
25.125 80.875 0.75608
25.125 81.125 0.74806
25.125 81.375 0.65414
25.125 81.625 0.6232
25.125 81.875 0.65524
25.125 82.125 0.62029
25.125 82.375 0.51837
25.125 82.625 0.39351
25.125 82.875 0.24571
25.125 83.125 0.14488
25.125 83.375 0.091005
25.125 83.625 0.071712
25.125 83.875 0.087001
25.125 84.125 0.11795
25.125 84.375 0.16454
25.125 84.625 0.21914
25.125 84.875 0.28176
25.125 85.125 0.29741
25.125 85.375 0.26611
25.125 85.625 0.25118
25.125 85.875 0.25263
25.125 86.125 0.30323
25.125 86.375 0.40297
25.125 86.625 0.43719
25.125 86.875 0.40588
25.125 87.125 0.62612
25.125 87.375 1.0979
25.125 87.625 1.2661
25.125 87.875 1.1307
25.125 88.125 1.1751
25.125 88.375 1.3993
25.125 92.375 17.2
25.125 92.625 20.539
25.125 92.875 20.707
25.125 93.125 21.516
25.125 93.375 22.965
25.125 93.625 23.945
25.125 93.875 24.456
25.125 94.125 28.585
25.125 94.375 36.328
25.375 70.875 0
25.375 71.125 0
25.375 71.375 0
25.375 71.625 0
25.375 71.875 0
25.375 72.125 0
25.375 72.375 0
25.375 72.625 0
25.375 72.875 0
25.375 73.125 0
25.375 73.375 0
25.375 73.625 0
25.375 73.875 0
25.375 74.125 0
25.375 74.375 0
25.375 74.625 0
25.375 74.875 0
25.375 75.125 0
25.375 75.375 0
25.375 75.625 0
25.375 75.875 0
25.375 76.125 0
25.375 76.375 0
25.375 76.625 0
25.375 76.875 0
25.375 77.125 0
25.375 77.375 0
25.375 77.625 0
25.375 77.875 0
25.375 78.125 0.016017
25.375 78.375 0.04805
25.375 78.625 0.078629
25.375 78.875 0.10775
25.375 79.125 0.15835
25.375 79.375 0.23043
25.375 79.625 0.31743
25.375 79.875 0.41935
25.375 80.125 0.48852
25.375 80.375 0.52492
25.375 80.625 0.56678
25.375 80.875 0.61411
25.375 81.125 0.65415
25.375 81.375 0.68691
25.375 81.625 0.71931
25.375 81.875 0.75134
25.375 82.125 0.70766
25.375 82.375 0.58826
25.375 82.625 0.4321
25.375 82.875 0.23916
25.375 83.125 0.12304
25.375 83.375 0.083725
25.375 83.625 0.087001
25.375 83.875 0.13287
25.375 84.125 0.2257
25.375 84.375 0.36547
25.375 84.625 0.4361
25.375 84.875 0.43756
25.375 85.125 0.42335
25.375 85.375 0.39351
25.375 85.625 0.37785
25.375 85.875 0.3764
25.375 86.125 0.40297
25.375 86.375 0.45758
25.375 86.625 0.49907
25.375 86.875 0.52746
25.375 87.125 0.68435
25.375 87.375 0.96976
25.375 87.625 1.1627
25.375 87.875 1.2632
25.375 88.125 1.3411
25.375 88.375 1.3964
25.375 88.625 1.5948
25.375 90.125 4.045
25.375 90.375 6.829
25.375 90.625 7.9288
25.375 90.875 7.3442
25.375 91.125 12.052
25.375 91.375 22.051
25.375 91.625 25.804
25.375 91.875 23.311
25.375 92.125 24.327
25.375 92.375 28.851
25.375 92.625 26.651
25.375 92.875 17.726
25.375 93.125 13.588
25.375 93.375 14.235
25.375 93.625 18.894
25.375 93.875 27.565
25.375 94.125 30.984
25.375 94.375 29.152
25.625 70.875 0
25.625 71.125 0
25.625 71.375 0
25.625 71.625 0
25.625 71.875 0
25.625 72.125 0
25.625 72.375 0
25.625 72.625 0
25.625 72.875 0
25.625 73.125 0
25.625 73.375 0
25.625 73.625 0
25.625 73.875 0
25.625 74.125 0
25.625 74.375 0
25.625 74.625 0.0040042
25.625 74.875 0.012013
25.625 75.125 0.012013
25.625 75.375 0.0040042
25.625 75.625 0.0040042
25.625 75.875 0.012013
25.625 76.125 0.016017
25.625 76.375 0.016017
25.625 76.625 0.012013
25.625 76.875 0.0040042
25.625 77.125 0
25.625 77.375 0
25.625 77.625 0
25.625 77.875 0
25.625 78.125 0.016017
25.625 78.375 0.04805
25.625 78.625 0.074988
25.625 78.875 0.096828
25.625 79.125 0.13942
25.625 79.375 0.20276
25.625 79.625 0.30905
25.625 79.875 0.4583
25.625 80.125 0.53912
25.625 80.375 0.55149
25.625 80.625 0.57006
25.625 80.875 0.59481
25.625 81.125 0.67053
25.625 81.375 0.79721
25.625 81.625 0.8529
25.625 81.875 0.83761
25.625 82.125 0.77391
25.625 82.375 0.66179
25.625 82.625 0.51363
25.625 82.875 0.32943
25.625 83.125 0.20167
25.625 83.375 0.13032
25.625 83.625 0.12522
25.625 83.875 0.18638
25.625 84.125 0.29486
25.625 84.375 0.45066
25.625 84.625 0.52965
25.625 84.875 0.53184
25.625 85.125 0.53366
25.625 85.375 0.53511
25.625 85.625 0.54239
25.625 85.875 0.55549
25.625 86.125 0.61301
25.625 86.375 0.71493
25.625 86.625 0.82669
25.625 86.875 0.94828
25.625 87.125 1.0502
25.625 87.375 1.1325
25.625 87.625 1.2631
25.625 87.875 1.4423
25.625 88.125 1.5799
25.625 90.125 4.7323
25.625 90.375 7.6415
25.625 90.625 8.6786
25.625 90.875 7.8436
25.625 91.125 12.41
25.625 91.375 22.379
25.625 91.625 26.3
25.625 91.875 24.174
25.625 92.125 24.581
25.625 92.375 27.52
25.625 92.625 23.793
25.625 92.875 13.401
25.625 93.125 8.9459
25.625 93.375 10.427
25.625 93.625 15.113
25.625 93.875 23.004
25.625 94.125 25.365
25.625 94.375 22.197
NaN NaN NaN
NaN NaN NaN
25.875 70.375 0
25.875 70.625 0
25.875 70.875 0
25.875 71.125 0
25.875 71.375 0
25.875 71.625 0
25.875 71.875 0
25.875 72.125 0
25.875 72.375 0
25.875 72.625 0
25.875 72.875 0
25.875 73.125 0
25.875 73.375 0
25.875 73.625 0
25.875 73.875 0
25.875 74.125 0
25.875 74.375 0
25.875 74.625 0.012013
25.875 74.875 0.036038
25.875 75.125 0.036038
25.875 75.375 0.012013
25.875 75.625 0.012013
25.875 75.875 0.036038
25.875 76.125 0.04805
25.875 76.375 0.04805
25.875 76.625 0.036038
25.875 76.875 0.012013
25.875 77.125 0
25.875 77.375 0
25.875 77.625 0
25.875 77.875 0
25.875 78.125 0.016017
25.875 78.375 0.04805
25.875 78.625 0.067708
25.875 78.875 0.074988
25.875 79.125 0.10957
25.875 79.375 0.17145
25.875 79.625 0.26901
25.875 79.875 0.40225
25.875 80.125 0.52237
25.875 80.375 0.62939
25.875 80.625 0.688
25.875 80.875 0.6982
25.875 81.125 0.7972
25.875 81.375 0.98504
25.875 81.625 1.024
25.875 81.875 0.91406
25.875 82.125 0.81905
25.875 82.375 0.73896
25.875 82.625 0.63812
25.875 82.875 0.51654
25.875 83.125 0.38076
25.875 83.375 0.23079
25.875 83.625 0.18638
25.875 83.875 0.24754
25.875 84.125 0.32543
25.875 84.375 0.42008
25.875 84.625 0.49981
25.875 84.875 0.5646
25.875 85.125 0.6283
25.875 85.375 0.69092
25.875 85.625 0.74479
25.875 85.875 0.78993
25.875 86.125 0.93336
25.875 86.375 1.1751
25.875 86.625 1.42
25.875 86.875 1.6683
25.875 87.125 1.7236
25.875 87.375 1.586
25.875 87.625 1.5675
25.875 87.875 1.6679
25.875 90.125 4.575
25.875 90.375 5.5448
25.875 90.625 5.4322
25.875 90.875 4.2376
25.875 91.125 5.2813
25.875 91.375 8.5633
25.875 91.625 10.297
25.875 91.875 10.484
25.875 92.125 11.453
25.875 92.375 13.206
25.875 92.625 11.965
25.875 92.875 7.7325
25.875 93.125 7.5908
25.875 93.375 11.541
25.875 93.625 12.602
25.875 93.875 10.774
25.875 94.125 11.727
25.875 94.375 15.461
25.875 94.625 27.448
25.875 94.875 47.691
26.125 70.375 0
26.125 70.625 0
26.125 70.875 0
26.125 71.125 0
26.125 71.375 0
26.125 71.625 0
26.125 71.875 0
26.125 72.125 0
26.125 72.375 0
26.125 72.625 0
26.125 72.875 0
26.125 73.125 0
26.125 73.375 0
26.125 73.625 0
26.125 73.875 0
26.125 74.125 0
26.125 74.375 0
26.125 74.625 0.012013
26.125 74.875 0.036038
26.125 75.125 0.036038
26.125 75.375 0.012013
26.125 75.625 0.016017
26.125 75.875 0.04805
26.125 76.125 0.064068
26.125 76.375 0.064068
26.125 76.625 0.052055
26.125 76.875 0.02803
26.125 77.125 0.016017
26.125 77.375 0.016017
26.125 77.625 0.012013
26.125 77.875 0.0040042
26.125 78.125 0.016017
26.125 78.375 0.04805
26.125 78.625 0.064068
26.125 78.875 0.064068
26.125 79.125 0.094643
26.125 79.375 0.15581
26.125 79.625 0.26064
26.125 79.875 0.40916
26.125 80.125 0.54894
26.125 80.375 0.67999
26.125 80.625 0.77026
26.125 80.875 0.81978
26.125 81.125 0.92243
26.125 81.375 1.0782
26.125 81.625 1.0662
26.125 81.875 0.88639
26.125 82.125 0.7841
26.125 82.375 0.75935
26.125 82.625 0.68946
26.125 82.875 0.57443
26.125 83.125 0.43428
26.125 83.375 0.26901
26.125 83.625 0.21696
26.125 83.875 0.27811
26.125 84.125 0.34436
26.125 84.375 0.41571
26.125 84.625 0.52638
26.125 84.875 0.67635
26.125 85.125 0.81797
26.125 85.375 0.95119
26.125 85.625 1.0058
26.125 85.875 0.98177
26.125 86.125 1.0746
26.125 86.375 1.2843
26.125 86.625 1.4787
26.125 86.875 1.6578
26.125 87.125 1.6698
26.125 87.375 1.5147
26.125 87.625 1.4761
26.125 87.875 1.554
26.125 88.125 1.7659
26.125 89.375 3.8353
26.125 89.875 3.5543
26.125 90.125 3.4429
26.125 90.375 3.5201
26.125 90.625 3.1805
26.125 90.875 2.424
26.125 91.125 1.9446
26.125 91.375 1.7422
26.125 91.625 2.0778
26.125 91.875 2.9515
26.125 92.125 3.9249
26.125 92.375 4.9981
26.125 92.625 5.6019
26.125 92.875 5.7366
26.125 93.125 8.967
26.125 93.375 15.293
26.125 93.625 14.397
26.125 93.875 6.2805
26.125 94.125 5.6271
26.125 94.375 12.437
26.125 94.625 27.068
26.125 94.875 49.519
26.375 70.375 0
26.375 70.625 0
26.375 70.875 0
26.375 71.125 0
26.375 71.375 0
26.375 71.625 0
26.375 71.875 0
26.375 72.125 0
26.375 72.375 0
26.375 72.625 0
26.375 72.875 0
26.375 73.125 0
26.375 73.375 0
26.375 73.625 0
26.375 73.875 0
26.375 74.125 0
26.375 74.375 0
26.375 74.625 0.0040042
26.375 74.875 0.012013
26.375 75.125 0.012013
26.375 75.375 0.0040042
26.375 75.625 0.016017
26.375 75.875 0.04805
26.375 76.125 0.064068
26.375 76.375 0.064068
26.375 76.625 0.060064
26.375 76.875 0.052055
26.375 77.125 0.04805
26.375 77.375 0.04805
26.375 77.625 0.036038
26.375 77.875 0.012013
26.375 78.125 0.016017
26.375 78.375 0.04805
26.375 78.625 0.064068
26.375 78.875 0.064068
26.375 79.125 0.094643
26.375 79.375 0.15581
26.375 79.625 0.28394
26.375 79.875 0.47906
26.375 80.125 0.61884
26.375 80.375 0.7033
26.375 80.625 0.81687
26.375 80.875 0.95957
26.375 81.125 1.0462
26.375 81.375 1.0768
26.375 81.625 0.97959
26.375 81.875 0.75462
26.375 82.125 0.66907
26.375 82.375 0.72294
26.375 82.625 0.66762
26.375 82.875 0.50307
26.375 83.125 0.36221
26.375 83.375 0.24498
26.375 83.625 0.21695
26.375 83.875 0.27811
26.375 84.125 0.35164
26.375 84.375 0.43756
26.375 84.625 0.60937
26.375 84.875 0.8671
26.375 85.125 1.1026
26.375 85.375 1.3159
26.375 85.625 1.3254
26.375 85.875 1.131
26.375 86.125 1.0367
26.375 86.375 1.0426
26.375 86.625 1.0025
26.375 86.875 0.91661
26.375 87.125 0.88858
26.375 87.625 0.98904
26.375 87.875 1.1004
26.375 88.125 1.2031
26.375 88.375 1.297
26.375 88.875 1.2643
26.375 89.375 1.3425
26.375 89.625 1.3382
26.375 89.875 1.2595
26.375 90.125 1.336
26.375 90.375 1.5675
26.375 90.625 1.9231
26.375 90.875 2.4029
26.375 91.125 2.4004
26.375 91.375 1.9155
26.375 91.625 1.641
26.375 91.875 1.5769
26.375 92.125 1.9956
26.375 92.375 2.8969
26.375 92.625 4.7028
26.375 92.875 7.4133
26.375 93.125 13.074
26.375 93.375 21.684
26.375 93.625 20.501
26.375 93.875 9.5225
26.375 94.125 7.0643
26.375 94.375 13.126
26.375 94.625 25.398
26.375 94.875 43.88
26.625 69.875 0
26.625 70.125 0
26.625 70.375 0
26.625 70.625 0
26.625 70.875 0
26.625 71.125 0
26.625 71.375 0
26.625 71.625 0
26.625 71.875 0
26.625 72.125 0
26.625 72.375 0
26.625 72.625 0
26.625 72.875 0
26.625 73.125 0
26.625 73.375 0
26.625 73.625 0
26.625 73.875 0
26.625 74.125 0
26.625 74.375 0
26.625 74.625 0
26.625 74.875 0
26.625 75.125 0
26.625 75.375 0
26.625 75.625 0.016017
26.625 75.875 0.04805
26.625 76.125 0.064068
26.625 76.375 0.064068
26.625 76.625 0.064068
26.625 76.875 0.064068
26.625 77.125 0.064068
26.625 77.375 0.064068
26.625 77.625 0.052055
26.625 77.875 0.02803
26.625 78.125 0.02803
26.625 78.375 0.052055
26.625 78.625 0.067708
26.625 78.875 0.074988
26.625 79.125 0.11357
26.625 79.375 0.18347
26.625 79.625 0.31597
26.625 79.875 0.51109
26.625 80.125 0.64687
26.625 80.375 0.72331
26.625 80.625 0.82851
26.625 80.875 0.96248
26.625 81.125 1.0567
26.625 81.375 1.1114
26.625 81.625 1.0578
26.625 81.875 0.89622
26.625 82.125 0.86928
26.625 82.375 0.97704
26.625 82.625 0.945
26.625 82.875 0.77318
26.625 83.125 0.57734
26.625 83.375 0.35747
26.625 83.625 0.25955
26.625 83.875 0.28357
26.625 84.125 0.32617
26.625 84.375 0.38732
26.625 84.625 0.5464
26.625 84.875 0.8034
26.625 85.125 1.0546
26.625 85.375 1.2999
26.625 85.625 1.4466
26.625 86.125 1.9162
26.625 88.375 2.2522
26.625 88.625 2.3469
26.625 88.875 5.1069
26.625 89.125 7.4828
26.625 89.375 9.4749
26.625 89.625 8.92
26.625 89.875 5.8184
26.625 90.125 4.6223
26.625 90.375 5.3315
26.625 90.625 6.246
26.625 90.875 7.3656
26.625 91.125 8.343
26.625 91.375 9.178
26.625 91.625 14.931
26.625 91.875 25.601
26.625 92.125 25.171
26.625 92.375 13.641
26.625 92.625 8.0285
26.625 92.875 8.3336
26.625 93.125 12.994
26.625 93.375 22.011
26.625 93.625 20.848
26.625 93.875 9.5031
26.625 94.125 6.1116
26.625 94.375 10.673
26.625 94.625 19.133
26.625 94.875 31.491
26.625 95.125 39.641
26.875 69.625 0
26.875 69.875 0
26.875 70.125 0
26.875 70.375 0
26.875 70.625 0
26.875 70.875 0
26.875 71.125 0
26.875 71.375 0
26.875 71.625 0
26.875 71.875 0
26.875 72.125 0
26.875 72.375 0
26.875 72.625 0
26.875 72.875 0
26.875 73.125 0
26.875 73.375 0
26.875 73.625 0
26.875 73.875 0
26.875 74.125 0
26.875 74.375 0
26.875 74.625 0
26.875 74.875 0
26.875 75.125 0
26.875 75.375 0
26.875 75.625 0.016017
26.875 75.875 0.04805
26.875 76.125 0.064068
26.875 76.375 0.064068
26.875 76.625 0.064068
26.875 76.875 0.064068
26.875 77.125 0.064068
26.875 77.375 0.064068
26.875 77.625 0.060064
26.875 77.875 0.052055
26.875 78.125 0.052055
26.875 78.375 0.060064
26.875 78.625 0.074988
26.875 78.875 0.096828
26.875 79.125 0.15143
26.875 79.375 0.2388
26.875 79.625 0.35675
26.875 79.875 0.50526
26.875 80.125 0.63304
26.875 80.375 0.74005
26.875 80.625 0.80521
26.875 80.875 0.82851
26.875 81.125 0.9541
26.875 81.375 1.182
26.875 81.625 1.301
26.875 81.875 1.3112
26.875 82.125 1.3847
26.875 82.375 1.5216
26.875 82.625 1.5216
26.875 82.875 1.3847
26.875 83.125 1.0797
26.875 83.375 0.60646
26.875 83.625 0.34473
26.875 83.875 0.2945
26.875 84.125 0.26792
26.875 84.375 0.26501
26.875 84.625 0.33745
26.875 84.875 0.48525
26.875 88.375 4.9773
26.875 88.625 5.634
26.875 88.875 14.596
26.875 92.375 37.231
26.875 92.625 15.579
26.875 92.875 8.4974
26.875 93.125 8.7288
26.875 93.375 16.274
26.875 93.625 15.438
26.875 93.875 6.2226
26.875 94.125 2.7691
26.875 94.375 5.0777
26.875 94.625 8.2724
26.875 94.875 12.353
26.875 95.125 24.863
26.875 95.375 45.8
26.875 95.625 56.424
27.125 69.875 0
27.125 70.125 0
27.125 70.375 0
27.125 70.625 0
27.125 70.875 0
27.125 71.125 0
27.125 71.375 0
27.125 71.625 0
27.125 71.875 0
27.125 72.125 0
27.125 72.375 0
27.125 72.625 0
27.125 72.875 0
27.125 73.125 0
27.125 73.375 0
27.125 73.625 0
27.125 73.875 0
27.125 74.125 0
27.125 74.375 0
27.125 74.625 0
27.125 74.875 0
27.125 75.125 0
27.125 75.375 0
27.125 75.625 0.016017
27.125 75.875 0.04805
27.125 76.125 0.064068
27.125 76.375 0.064068
27.125 76.625 0.060064
27.125 76.875 0.052055
27.125 77.125 0.052055
27.125 77.375 0.060064
27.125 77.625 0.064068
27.125 77.875 0.064068
27.125 78.125 0.064068
27.125 78.375 0.064068
27.125 78.625 0.078629
27.125 78.875 0.10775
27.125 79.125 0.16235
27.125 79.375 0.24244
27.125 79.625 0.34109
27.125 79.875 0.4583
27.125 80.125 0.57078
27.125 80.375 0.67854
27.125 80.625 0.77865
27.125 80.875 0.8711
27.125 81.125 1.1372
27.125 81.375 1.577
27.125 81.625 1.708
27.125 81.875 1.5304
27.125 82.125 1.467
27.125 82.375 1.518
27.125 82.625 1.4674
27.125 82.875 1.3152
27.125 83.125 1.0531
27.125 83.375 0.68108
27.125 83.625 0.61482
27.125 83.875 0.85436
27.125 84.125 1.0935
27.125 84.375 1.3323
27.125 84.625 3.2686
27.125 88.125 34.532
27.125 88.375 19.04
27.125 88.625 16.821
27.125 92.125 101.31
27.125 92.375 70.953
27.125 92.625 44.105
27.125 92.875 20.767
27.125 93.125 17.878
27.125 93.375 35.438
27.125 93.625 38.11
27.125 93.875 25.894
27.125 94.125 15.921
27.125 94.375 8.1908
27.125 94.625 4.358
27.125 94.875 4.4222
27.125 95.125 15.115
27.125 95.375 36.435
27.125 95.625 47.852
27.125 95.875 49.366
27.375 70.125 0
27.375 70.375 0
27.375 70.625 0
27.375 70.875 0
27.375 71.125 0
27.375 71.375 0
27.375 71.625 0
27.375 71.875 0
27.375 72.125 0
27.375 72.375 0
27.375 72.625 0
27.375 72.875 0
27.375 73.125 0
27.375 73.375 0
27.375 73.625 0
27.375 73.875 0
27.375 74.125 0
27.375 74.375 0
27.375 74.625 0
27.375 74.875 0
27.375 75.125 0
27.375 75.375 0
27.375 75.625 0.016017
27.375 75.875 0.04805
27.375 76.125 0.064068
27.375 76.375 0.064068
27.375 76.625 0.052055
27.375 76.875 0.02803
27.375 77.125 0.02803
27.375 77.375 0.052055
27.375 77.625 0.064068
27.375 77.875 0.064068
27.375 78.125 0.064068
27.375 78.375 0.064068
27.375 78.625 0.078629
27.375 78.875 0.10775
27.375 79.125 0.14634
27.375 79.375 0.19439
27.375 79.625 0.26902
27.375 79.875 0.37021
27.375 80.125 0.46012
27.375 80.375 0.53875
27.375 80.625 0.74879
27.375 80.875 1.0902
27.375 81.125 1.6061
27.375 81.375 2.2963
27.375 81.625 2.2788
27.375 81.875 1.5536
27.375 82.125 1.1161
27.375 82.375 0.96611
27.375 82.625 0.78228
27.375 82.875 0.5646
27.375 83.125 0.49762
27.375 83.625 1.0699
27.375 84.125 2.803
27.375 84.375 3.5893
27.375 88.125 70.541
27.375 88.375 44.439
27.375 88.625 35.907
27.375 92.125 108.74
27.375 92.375 114.81
27.375 92.625 93.611
27.375 92.875 45.143
27.375 93.125 40.441
27.375 93.375 79.505
27.375 93.625 88.864
27.375 93.875 68.516
27.375 94.125 45.566
27.375 94.375 20.012
27.375 94.625 7.3897
27.375 94.875 7.6983
27.375 95.125 10.398
27.375 95.375 15.487
27.375 95.625 17.868
27.375 95.875 17.54
27.375 96.125 20.689
27.375 96.375 27.315
NaN NaN NaN
27.375 96.875 78.744
27.625 70.125 0
27.625 70.375 0
27.625 70.625 0
27.625 70.875 0
27.625 71.125 0
27.625 71.375 0
27.625 71.625 0
27.625 71.875 0
27.625 72.125 0
27.625 72.375 0
27.625 72.625 0
27.625 72.875 0
27.625 73.125 0
27.625 73.375 0
27.625 73.625 0
27.625 73.875 0
27.625 74.125 0
27.625 74.375 0
27.625 74.625 0
27.625 74.875 0
27.625 75.125 0.0040042
27.625 75.375 0.012013
27.625 75.625 0.024025
27.625 75.875 0.040042
27.625 76.125 0.04805
27.625 76.375 0.04805
27.625 76.625 0.036038
27.625 76.875 0.012013
27.625 77.125 0.012013
27.625 77.375 0.036038
27.625 77.625 0.052055
27.625 77.875 0.060064
27.625 78.125 0.064068
27.625 78.375 0.064068
27.625 78.625 0.082633
27.625 78.875 0.11976
27.625 79.125 0.174
27.625 79.375 0.24535
27.625 79.625 0.33927
27.625 79.875 0.45575
27.625 80.125 0.71748
27.625 80.375 1.1245
27.625 80.625 1.4678
27.625 80.875 1.7473
27.625 81.125 2.0444
27.625 81.375 2.3589
27.625 81.625 2.337
27.625 81.875 1.9788
27.625 82.125 1.9868
27.625 82.375 2.361
27.625 82.625 2.5595
27.625 88.375 56.416
27.625 88.625 44.373
27.625 91.625 30.497
27.625 91.875 64.082
27.625 92.125 102.49
27.625 92.375 145.73
27.625 92.625 140.88
27.625 92.875 87.939
27.625 93.125 69.992
27.625 93.375 87.033
27.625 93.625 87.935
27.625 93.875 72.695
27.625 94.125 54.069
27.625 94.375 32.055
27.625 94.625 20.112
27.625 94.875 18.24
27.625 95.125 14.037
27.625 95.375 7.5029
27.625 95.625 3.5405
27.625 95.875 2.15
27.625 96.125 7.5257
27.625 96.375 19.668
27.625 96.625 38.324
27.625 96.875 63.494
27.875 70.375 0
27.875 71.875 0
27.875 72.125 0
27.875 72.375 0
27.875 72.625 0
27.875 72.875 0
27.875 73.125 0
27.875 73.375 0
27.875 73.625 0
27.875 73.875 0
27.875 74.125 0
27.875 74.375 0
27.875 74.625 0
27.875 74.875 0
27.875 75.125 0.012013
27.875 75.375 0.036038
27.875 75.625 0.040042
27.875 75.875 0.024025
27.875 76.125 0.016017
27.875 76.375 0.016017
27.875 76.625 0.012013
27.875 76.875 0.0040042
27.875 77.125 0.0040042
27.875 77.375 0.012013
27.875 77.625 0.02803
27.875 77.875 0.052055
27.875 78.125 0.064068
27.875 78.375 0.064068
27.875 78.625 0.090642
27.875 78.875 0.14379
27.875 79.125 0.24535
27.875 79.375 0.39533
27.875 79.625 0.55185
27.875 79.875 0.71494
27.875 80.125 1.3429
27.875 80.375 2.4357
27.875 80.625 2.9354
27.875 80.875 2.8423
27.875 81.125 2.452
27.875 81.375 1.7648
27.875 81.625 1.8828
27.875 88.375 24.027
27.875 88.625 23.472
27.875 92.875 149.15
27.875 93.125 106.53
27.875 93.375 58.022
27.875 93.625 35.323
27.875 93.875 38.431
27.875 94.125 41.429
27.875 94.375 44.319
27.875 94.625 42.524
27.875 94.875 36.048
27.875 95.125 26.033
27.875 95.375 12.482
27.875 95.625 4.8699
27.875 95.875 3.1968
27.875 96.125 5.5091
27.875 96.375 11.807
27.875 96.625 31.212
NaN NaN NaN
27.875 97.125 79.388
28.125 72.125 0
28.125 72.375 0
28.125 72.625 0
28.125 72.875 0
28.125 73.125 0
28.125 73.375 0
28.125 73.625 0
28.125 73.875 0
28.125 74.125 0.0076445
28.125 74.375 0.022933
28.125 74.625 0.026938
28.125 74.875 0.019657
28.125 75.125 0.024025
28.125 75.375 0.040042
28.125 75.625 0.036038
28.125 75.875 0.012013
28.125 76.125 0.0040042
28.125 76.375 0.012013
28.125 76.625 0.012013
28.125 76.875 0.0040042
28.125 77.125 0.015653
28.125 77.375 0.046959
28.125 77.625 0.07062
28.125 77.875 0.086633
28.125 78.125 0.1063
28.125 78.375 0.12959
28.125 78.625 0.20349
28.125 78.875 0.32798
28.125 79.125 0.42591
28.125 79.375 0.49726
28.125 79.625 0.59481
28.125 79.875 0.71858
28.125 80.125 1.3112
28.125 80.375 2.3727
28.125 80.625 2.7869
28.125 80.875 2.554
28.125 81.125 2.0469
28.125 81.375 1.2657
28.125 92.875 147.59
28.125 93.125 108.24
28.125 93.375 46.019
28.125 93.625 21.862
28.125 93.875 35.766
28.125 94.125 48.014
28.125 94.375 58.608
28.125 94.625 59.045
28.125 94.875 49.328
28.125 95.125 46.462
28.125 95.375 50.449
28.125 95.625 42.565
28.125 95.875 22.814
28.125 96.125 14.849
28.125 96.375 18.669
NaN NaN NaN
NaN NaN NaN
NaN NaN NaN
28.375 72.375 0
28.375 72.625 0
28.375 72.875 0
28.375 73.125 0
28.375 73.375 0
28.375 73.625 0
28.375 73.875 0
28.375 74.125 0.022933
28.375 74.375 0.0688
28.375 74.625 0.080813
28.375 74.875 0.058971
28.375 75.125 0.040042
28.375 75.375 0.024025
28.375 75.625 0.012013
28.375 75.875 0.0040042
28.375 76.125 0.012013
28.375 76.375 0.036038
28.375 76.625 0.036038
28.375 76.875 0.012013
28.375 77.125 0.046959
28.375 77.375 0.14088
28.375 77.625 0.17982
28.375 77.875 0.16381
28.375 78.125 0.19075
28.375 78.375 0.26064
28.375 78.625 0.42117
28.375 78.875 0.67235
28.375 79.125 0.71567
28.375 79.375 0.55113
28.375 79.625 0.46814
28.375 79.875 0.46667
28.375 80.125 0.62248
28.375 80.375 0.93554
28.375 80.625 1.0222
28.375 80.875 0.88239
28.375 81.125 0.82887
28.375 93.375 51.021
28.375 93.625 47.552
28.375 93.875 64.703
28.375 94.125 73.827
28.375 94.375 74.921
28.375 94.625 69.671
28.375 94.875 58.08
28.375 95.125 75.325
28.375 95.375 121.4
28.375 95.625 116.63
28.375 95.875 61.003
28.375 96.125 35.545
NaN NaN NaN
28.625 72.375 0
28.625 72.625 0
28.625 72.875 0
28.625 73.125 0
28.625 73.375 0
28.625 73.625 0.0040042
28.625 73.875 0.012013
28.625 74.125 0.03895
28.625 74.375 0.084817
28.625 74.625 0.092828
28.625 74.875 0.062976
28.625 75.125 0.036038
28.625 75.375 0.012013
28.625 75.625 0.0040042
28.625 75.875 0.012013
28.625 76.125 0.035675
28.625 76.375 0.074988
28.625 76.625 0.082633
28.625 76.875 0.058608
28.625 77.125 0.089554
28.625 77.375 0.17546
28.625 77.625 0.21841
28.625 77.875 0.21841
28.625 78.125 0.25336
28.625 78.375 0.32325
28.625 78.625 0.45649
28.625 78.875 0.65305
28.625 79.125 0.65706
28.625 79.375 0.4685
28.625 79.625 0.4128
28.625 79.875 0.48998
28.625 80.125 0.99815
28.625 80.375 1.9373
28.625 80.625 2.27
28.625 93.625 58.564
28.625 93.875 13.411
28.625 94.125 78.779
28.625 94.375 74.155
28.625 94.625 66.641
28.625 94.875 56.239
28.625 95.125 83.379
28.625 95.375 148.07
28.625 95.625 144.91
28.625 95.875 73.907
28.625 96.125 42.633
NaN NaN NaN
28.875 72.875 0
28.875 73.125 0
28.875 73.375 0
28.875 73.625 0.012013
28.875 73.875 0.036038
28.875 74.125 0.055695
28.875 74.375 0.070985
28.875 74.625 0.062976
28.875 74.875 0.03167
28.875 75.125 0.012013
28.875 75.375 0.0040042
28.875 75.625 0.012013
28.875 75.875 0.036038
28.875 76.125 0.074988
28.875 76.375 0.12887
28.875 76.625 0.1518
28.875 76.875 0.14379
28.875 77.125 0.14342
28.875 77.375 0.15071
28.875 77.625 0.18638
28.875 77.875 0.25045
28.875 78.125 0.29413
28.875 78.375 0.31742
28.875 78.625 0.30942
28.875 78.875 0.2701
28.875 79.125 0.25008
28.875 79.375 0.24936
28.875 79.625 0.42882
28.875 79.875 0.78847
28.875 94.125 62.873
28.875 94.375 56.309
28.875 94.625 49.951
28.875 94.875 43.802
28.875 95.125 70.63
28.875 95.375 130.44
28.875 95.625 127.41
28.875 95.875 61.53
28.875 96.125 36.114
NaN NaN NaN
29.125 73.125 0
29.125 73.375 0
29.125 73.625 0.012013
29.125 73.875 0.036038
29.125 74.125 0.04805
29.125 74.375 0.04805
29.125 74.625 0.036038
29.125 74.875 0.012013
29.125 75.125 0.0040042
29.125 75.375 0.012013
29.125 75.625 0.03167
29.125 75.875 0.062976
29.125 76.125 0.097926
29.125 76.375 0.13651
29.125 76.625 0.15581
29.125 76.875 0.15581
29.125 77.125 0.14379
29.125 77.375 0.11976
29.125 77.625 0.14379
29.125 77.875 0.21586
29.125 78.125 0.2479
29.125 78.375 0.23989
29.125 78.625 0.20021
29.125 78.875 0.12887
29.125 79.125 0.5737
29.125 79.375 1.5347
29.125 79.625 2.1364
29.125 79.875 2.3789
29.125 80.125 3.6923
29.125 94.375 53.695
29.125 94.625 50.642
29.125 94.875 45.278
29.125 95.625 93.28
29.125 95.875 48.55
29.125 96.125 36.46
29.375 73.375 0
29.375 73.625 0.0040042
29.375 73.875 0.012013
29.375 74.125 0.016017
29.375 74.375 0.016017
29.375 74.625 0.012013
29.375 74.875 0.0040042
29.375 75.125 0.012013
29.375 75.375 0.036038
29.375 75.625 0.062976
29.375 75.875 0.092828
29.375 76.125 0.10447
29.375 76.375 0.097926
29.375 76.625 0.094643
29.375 76.875 0.094643
29.375 77.125 0.090642
29.375 77.375 0.082633
29.375 77.625 0.090642
29.375 77.875 0.11467
29.375 78.125 0.11467
29.375 78.375 0.090642
29.375 78.625 0.12887
29.375 78.875 0.22933
29.375 79.125 1.6279
29.375 79.375 4.3246
29.375 79.625 5.5357
29.375 79.875 5.2612
29.375 80.125 4.7604
NaN NaN NaN
29.625 73.375 0
29.625 73.625 0
29.625 73.875 0
29.625 74.125 0
29.625 74.375 0
29.625 74.625 0.0040042
29.625 74.875 0.012013
29.625 75.125 0.02803
29.625 75.375 0.052055
29.625 75.625 0.074988
29.625 75.875 0.096828
29.625 76.125 0.10447
29.625 76.375 0.097926
29.625 76.625 0.090642
29.625 76.875 0.082633
29.625 77.125 0.074988
29.625 77.375 0.067708
29.625 77.625 0.071712
29.625 77.875 0.087005
29.625 78.125 0.19621
29.625 78.375 0.39934
29.625 78.625 0.7892
29.625 78.875 1.3658
29.625 79.125 2.9752
29.625 79.375 5.6172
29.625 79.625 6.8319
29.625 79.875 6.6194
29.625 80.125 5.3369
29.875 73.625 0
29.875 73.875 0
29.875 74.125 0
29.875 74.375 0
29.875 74.625 0.012013
29.875 74.875 0.036038
29.875 75.125 0.052055
29.875 75.375 0.060064
29.875 75.625 0.067708
29.875 75.875 0.074988
29.875 76.125 0.097926
29.875 76.375 0.13651
29.875 76.625 0.14379
29.875 76.875 0.11976
29.875 77.125 0.096828
29.875 77.375 0.074988
29.875 77.625 0.087005
29.875 77.875 0.13287
29.875 78.125 0.49252
29.875 78.375 1.166
29.875 78.625 2.1813
29.875 78.875 3.5383
29.875 79.125 4.6154
29.875 79.375 5.4126
29.875 79.625 6.0253
29.875 79.875 6.4534
29.875 80.125 5.4221
29.875 80.375 2.9315
30.125 74.125 0
30.125 74.375 0
30.125 74.625 0.012013
30.125 74.875 0.036038
30.125 75.125 0.052055
30.125 75.375 0.060064
30.125 75.625 0.064068
30.125 75.875 0.064068
30.125 76.125 0.082997
30.125 76.375 0.12086
30.125 76.625 0.12777
30.125 76.875 0.10375
30.125 77.125 0.10411
30.125 77.375 0.12887
30.125 77.625 0.19184
30.125 77.875 0.29303
30.125 78.125 0.71931
30.125 78.375 1.4707
30.125 78.625 2.6224
30.125 78.875 4.1746
30.125 79.125 4.8962
30.125 79.375 4.7869
30.125 79.625 5.3216
30.125 79.875 6.5003
30.125 80.125 5.7664
30.125 80.375 3.12
30.125 80.625 3.9332
30.375 74.125 0
30.375 74.375 0
30.375 74.625 0.0040042
30.375 74.875 0.012013
30.375 75.125 0.02803
30.375 75.375 0.052055
30.375 75.625 0.064068
30.375 75.875 0.064068
30.375 76.125 0.0597
30.375 76.375 0.050963
30.375 76.625 0.042591
30.375 76.875 0.034582
30.375 77.125 0.096828
30.375 77.375 0.22933
30.375 77.625 0.38623
30.375 77.875 0.56751
30.375 78.125 0.87657
30.375 78.375 1.3134
30.375 78.625 2.1127
30.375 78.875 3.2747
30.375 79.125 3.8172
30.375 79.375 3.7399
30.375 79.625 4.7209
30.375 79.875 6.7603
30.375 80.125 6.37
30.375 80.375 3.5503
30.375 80.625 2.5507
30.625 74.375 0.0040042
30.625 74.625 0.0040042
30.625 74.875 0.012013
30.625 75.125 0.024025
30.625 75.375 0.040042
30.625 75.625 0.052055
30.625 75.875 0.060064
30.625 76.125 0.04805
30.625 76.375 0.016017
30.625 76.625 0.046959
30.625 76.875 0.14088
30.625 77.125 0.40224
30.625 77.375 0.83106
30.625 77.625 1.0152
30.625 77.875 0.95481
30.625 78.125 1.3494
30.625 78.375 2.1991
30.625 78.625 2.9941
30.625 78.875 3.7345
30.625 79.125 3.9457
30.625 79.375 3.6274
30.625 79.625 4.1287
30.625 79.875 5.4494
30.625 80.125 5.0158
30.875 74.625 0.012013
30.875 74.875 0.036038
30.875 75.125 0.040042
30.875 75.375 0.024025
30.875 75.625 0.02803
30.875 75.875 0.052055
30.875 76.125 0.04805
30.875 76.375 0.016017
30.875 76.625 0.14088
30.875 76.875 0.42263
30.875 77.125 1.0204
30.875 77.375 1.9341
30.875 77.625 2.079
30.875 77.875 1.455
30.875 78.125 2.1379
30.875 78.375 4.1276
30.875 78.625 5.2663
30.875 78.875 5.5539
30.875 79.125 5.2816
30.875 79.375 0
30.875 79.625 0
30.875 79.875 14.104
31.125 74.875 0.04805
31.125 75.125 0.0597
31.125 75.375 0.050963
31.125 75.625 0.089916
31.125 75.875 0.17655
31.125 76.125 0.1689
31.125 76.375 0.06698
31.125 76.625 0.15689
31.125 76.875 0.43864
31.125 77.125 1.0288
31.125 77.375 1.9272
31.125 77.625 2.0484
31.125 77.875 1.3923
31.125 78.125 2.032
31.125 78.375 3.9671
31.125 78.625 4.942
31.125 78.875 0
31.125 79.125 0.35158
31.375 74.875 0.04805
31.375 75.125 0.082997
31.375 75.375 0.12086
31.375 75.625 0.2377
31.375 75.875 0.43355
31.375 76.125 0.41062
31.375 76.375 0.1689
31.375 76.625 0.095014
31.375 76.875 0.18893
31.375 77.125 0.42736
31.375 77.375 0.81031
31.375 77.625 0.92356
31.375 77.875 0.76699
31.375 78.125 1.0316
31.375 78.375 1.7174
31.375 78.625 2.0211
31.625 74.875 0.11357
31.625 75.125 0.14488
31.625 75.375 0.15216
31.625 75.625 0.24571
31.625 75.875 0.42555
31.625 76.125 0.40625
31.625 76.375 0.18783
31.625 76.625 0.082633
31.625 76.875 0.090642
31.625 77.125 0.37203
31.625 77.375 0.9268
31.625 77.625 1.2624
31.625 77.875 1.3789
31.625 78.125 1.1987
31.625 78.375 0.72186
31.625 78.625 0.43646
31.875 74.875 0.24462
31.875 75.125 0.24535
31.875 75.375 0.14488
31.875 75.625 0.11394
31.875 75.875 0.15252
31.875 76.125 0.15581
31.875 76.375 0.12377
31.875 76.625 0.11976
31.875 76.875 0.14379
31.875 77.125 0.86273
31.875 77.375 2.2766
31.875 77.625 3.0651
31.875 77.875 3.2282
31.875 78.125 2.5333
31.875 78.375 0.98033
31.875 78.625 0.1882
32.125 75.375 0.12887
32.125 75.625 0.058971
32.125 75.875 0.019657
32.125 76.125 0.1285
32.125 76.375 0.3855
32.125 76.625 0.63121
32.125 76.875 0.86564
32.125 77.125 1.5493
32.125 77.375 2.6821
32.125 77.625 3.2638
32.125 77.875 3.2944
32.125 78.125 2.4942
32.125 78.375 0.86346
32.375 75.375 0.10411
32.375 75.625 0.080813
32.375 75.875 0.026938
32.375 76.125 0.32434
32.375 76.375 0.97305
32.375 76.625 1.617
32.375 76.875 2.2562
32.375 77.125 2.4317
32.375 77.375 2.1434
32.375 77.625 1.8587
32.375 77.875 1.5776
32.375 78.125 1.0819
32.375 78.375 0.3713
32.625 74.875 0.012013
32.625 75.125 0.058244
32.625 75.375 0.17473
32.625 75.625 0.17874
32.625 75.875 0.070256
32.625 76.125 0.33636
32.625 76.375 0.97702
32.625 76.625 1.6206
32.625 76.875 2.2671
32.625 77.125 2.2045
32.625 77.375 1.4328
32.625 77.625 0.89877
32.625 77.875 0.60246
32.625 78.125 0.35237
32.625 78.375 0.14852
32.625 78.625 0.046959
32.625 78.875 0.047687
32.625 79.125 0.036038
32.625 79.375 0.012013
32.875 74.375 0.023662
32.875 74.625 0.012013
32.875 74.875 0.0040042
32.875 75.125 0.11357
32.875 75.375 0.34073
32.875 75.625 0.35274
32.875 75.875 0.14961
32.875 76.125 0.16454
32.875 76.375 0.39751
32.875 76.625 0.64214
32.875 76.875 0.8984
32.875 77.125 0.86783
32.875 77.375 0.55039
32.875 77.625 0.38404
32.875 77.875 0.36876
32.875 78.125 0.30579
32.875 78.375 0.19511
32.875 78.625 0.10884
32.875 78.875 0.046959
32.875 79.125 0.012013
32.875 79.375 0.0040042
33.125 73.875 0.058971
33.125 74.125 0.03895
33.125 74.375 0.11685
33.125 74.625 0.1325
33.125 74.875 0.085909
33.125 75.125 0.15289
33.125 75.375 0.33344
33.125 75.625 0.32981
33.125 75.875 0.14197
33.125 76.125 0.062976
33.125 76.375 0.092828
33.125 76.625 0.12668
33.125 76.875 0.16454
33.125 77.125 0.14961
33.125 77.375 0.081905
33.125 77.625 0.10266
33.125 77.875 0.21186
33.125 78.125 0.26574
33.125 78.375 0.26428
33.125 78.625 0.20931
33.125 78.875 0.10083
33.125 79.125 0.034946
33.375 73.875 0.019657
33.375 74.125 0.11685
33.375 74.375 0.35055
33.375 74.625 0.39751
33.375 74.875 0.25773
33.375 75.125 0.17619
33.375 75.375 0.15289
33.375 75.625 0.10994
33.375 75.875 0.047323
33.375 76.125 0.03167
33.375 76.375 0.062976
33.375 76.625 0.074261
33.375 76.875 0.065524
33.375 77.125 0.049871
33.375 77.375 0.027301
33.375 77.625 0.054604
33.375 77.875 0.13177
33.375 78.125 0.23225
33.375 78.375 0.35602
33.375 78.625 0.34837
33.375 78.875 0.20932
33.625 73.875 0.1325
33.625 74.125 0.2337
33.625 74.375 0.3895
33.625 74.625 0.39751
33.625 74.875 0.25773
33.625 75.125 0.14088
33.625 75.375 0.046959
33.625 75.625 0
33.625 75.875 0
33.625 76.125 0.012013
33.625 76.375 0.036038
33.625 76.625 0.036038
33.625 76.875 0.012013
33.625 77.125 0
33.625 77.375 0
33.625 77.625 0.022933
33.625 77.875 0.0688
33.625 78.125 0.16563
33.625 78.375 0.31342
33.625 78.625 0.32944
33.625 78.875 0.21368
33.875 73.875 0.39751
33.875 74.125 0.3895
33.875 74.375 0.2337
33.875 74.625 0.1325
33.875 74.875 0.085909
33.875 75.125 0.046959
33.875 75.375 0.015653
33.875 75.625 0
33.875 75.875 0
33.875 76.125 0.0040042
33.875 76.375 0.012013
33.875 76.625 0.012013
33.875 76.875 0.0040042
33.875 77.125 0
33.875 77.375 0
33.875 77.625 0.0076445
33.875 77.875 0.022933
33.875 78.125 0.065888
33.875 78.375 0.13651
33.875 78.625 0.15253
33.875 78.875 0.11394
34.125 73.625 0.30032
34.125 73.875 0.4321
34.125 74.125 0.37349
34.125 74.375 0.12449
34.125 74.625 0
34.125 74.875 0
34.125 75.125 0
34.125 75.375 0
34.125 75.625 0
34.125 75.875 0
34.125 76.125 0
34.125 76.375 0
34.125 76.625 0
34.125 76.875 0
34.125 77.125 0
34.125 77.375 0
34.125 77.625 0
34.125 77.875 0
34.125 78.125 0.012013
34.125 78.375 0.036038
34.125 78.625 0.04805
34.125 78.875 0.04805
34.125 79.125 0.040042
34.125 79.375 0.024025
34.375 73.625 0.21368
34.375 73.875 0.23625
34.375 74.125 0.18565
34.375 74.375 0.061884
34.375 74.625 0
34.375 74.875 0
34.375 75.125 0
34.375 75.375 0
34.375 75.625 0
34.375 75.875 0
34.375 76.125 0
34.375 76.375 0
34.375 76.625 0
34.375 76.875 0
34.375 77.125 0
34.375 77.375 0
34.375 77.625 0
34.375 77.875 0
34.375 78.125 0.0040042
34.375 78.375 0.012013
34.375 78.625 0.016017
34.375 78.875 0.016017
34.375 79.125 0.024025
34.375 79.375 0.040042
34.625 73.875 0.37276
34.625 74.125 0.28721
34.625 74.375 0.14815
34.625 74.625 0.086273
34.625 74.875 0.10156
34.625 75.125 0.089913
34.625 75.375 0.051327
34.625 75.625 0.024026
34.625 75.875 0.0080084
34.625 76.125 0
34.625 76.375 0
34.625 76.625 0
34.625 76.875 0
34.625 77.125 0
34.625 77.375 0
34.625 77.625 0
34.625 77.875 0
34.625 78.125 0
34.625 78.375 0
34.625 78.625 0
34.625 78.875 0
34.625 79.125 0.012013
34.625 79.375 0.036038
34.625 79.625 0.082997
34.875 74.125 0.67817
34.875 74.375 0.38331
34.875 74.625 0.25882
34.875 74.875 0.30468
34.875 75.125 0.26974
34.875 75.375 0.15398
34.875 75.625 0.072077
34.875 75.875 0.024026
34.875 76.125 0
34.875 76.375 0
34.875 76.625 0
34.875 76.875 0
34.875 77.125 0
34.875 77.375 0
34.875 77.625 0
34.875 77.875 0
34.875 78.125 0
34.875 78.375 0
34.875 78.625 0
34.875 78.875 0
34.875 79.125 0.0040042
34.875 79.375 0.012013
34.875 79.625 0.027665
34.875 79.875 0.050963
35.125 74.375 0.39169
35.125 74.625 0.27483
35.125 74.875 0.3207
35.125 75.125 0.28176
35.125 75.375 0.15798
35.125 75.625 0.072077
35.125 75.875 0.024026
35.125 76.125 0
35.125 76.375 0
35.125 76.625 0.0080084
35.125 76.875 0.024026
35.125 77.125 0.02803
35.125 77.375 0.020021
35.125 77.625 0.012013
35.125 77.875 0.0040042
35.125 78.125 0
35.125 78.375 0
35.125 78.625 0
35.125 78.875 0
35.125 79.125 0.0040042
35.125 79.375 0.012013
35.125 79.625 0.019657
35.125 79.875 0.026938
35.375 73.875 0.35201
35.375 74.125 0.26646
35.375 74.375 0.17328
35.375 74.625 0.13432
35.375 74.875 0.14961
35.375 75.125 0.12595
35.375 75.375 0.063339
35.375 75.625 0.024026
35.375 75.875 0.0080084
35.375 76.125 0
35.375 76.375 0
35.375 76.625 0.024026
35.375 76.875 0.072077
35.375 77.125 0.084089
35.375 77.375 0.060064
35.375 77.625 0.036038
35.375 77.875 0.012013
35.375 78.125 0
35.375 78.375 0
35.375 78.625 0
35.375 78.875 0
35.375 79.125 0.012013
35.375 79.375 0.036038
35.375 79.625 0.058971
35.375 79.875 0.080813
NaN NaN NaN
35.625 73.375 1.1489
35.625 73.625 0.49215
35.625 73.875 0.22714
35.625 74.125 0.082998
35.625 74.375 0.059699
35.625 74.625 0.0597
35.625 74.875 0.082997
35.625 75.125 0.1063
35.625 75.375 0.12959
35.625 75.625 0.12559
35.625 75.875 0.094281
35.625 76.125 0.070985
35.625 76.375 0.055695
35.625 76.625 0.071713
35.625 76.875 0.11904
35.625 77.125 0.12304
35.625 78.375 0
35.625 78.625 0.082269
35.625 78.875 0.24681
35.625 79.125 0.39969
35.625 79.375 0.54094
35.625 79.625 0.52456
35.625 79.875 0.35056
35.625 80.125 0.30723
35.875 73.125 4.2125
35.875 73.375 2.3195
35.875 73.625 1.0688
35.875 73.875 0.46013
35.875 74.125 0.12086
35.875 74.375 0.050963
35.875 74.625 0.050963
35.875 74.875 0.12086
35.875 75.125 0.22278
35.875 75.375 0.35674
35.875 75.625 0.37677
35.875 75.875 0.28284
35.875 76.125 0.21295
35.875 76.375 0.16709
35.875 76.625 0.15107
35.875 79.375 1.5267
36.125 72.625 4.0446
36.125 72.875 0
36.125 73.125 0
36.125 73.375 2.5343
36.125 73.625 1.3421
36.125 73.875 0.68618
36.125 74.125 0.30796
36.125 74.375 0.20749
36.125 74.625 0.16454
36.125 74.875 0.1791
36.125 75.125 0.25736
36.125 75.375 0.39933
36.125 75.625 0.41571
36.125 75.875 0.30651
36.125 76.125 0.23298
36.125 76.375 0.19512
36.125 76.625 0.17509
36.375 73.125 2.3479
36.375 73.375 1.7932
36.375 73.625 1.3123
36.375 73.875 0.90532
36.375 74.125 0.64432
36.375 74.375 0.52929
36.375 74.625 0.40042
36.375 74.875 0.25773
36.375 75.125 0.21004
36.375 75.375 0.25736
36.375 75.625 0.24244
36.375 75.875 0.16527
36.375 76.125 0.13105
36.625 73.375 2.9456
36.625 73.625 2.5937
36.625 73.875 1.811
36.625 74.125 1.253
36.625 74.375 0.91952
36.625 74.625 0.62284
36.625 74.875 0.36293
36.625 75.125 0.22533
36.625 75.375 0.21004
36.625 75.625 0.17946
36.875 73.875 3.4032
36.875 74.375 1.3782
36.875 74.625 0.83179
36.875 74.875 0.49471
36.875 75.125 0.30323
36.875 75.375 0.25736
