8.125 77.375 1.6798
8.375 77.125 3.0129
8.375 77.375 1.6341
8.375 77.625 1.6765
8.375 77.875 1.1851
8.625 76.875 3.0883
8.625 77.125 1.8917
8.625 77.375 1.4374
8.625 77.625 1.4258
8.625 77.875 1.2451
8.875 76.875 7.2489
8.875 77.125 2.0156
8.875 77.375 1.606
8.875 77.625 1.2781
8.875 77.875 1.0568
9.125 76.625 11.634
9.125 76.875 3.5406
9.125 77.125 1.8723
9.125 77.375 1.8621
9.125 77.625 1.5824
9.125 77.875 1.085
9.125 78.125 0.89478
9.125 78.375 7.4598
9.375 76.625 14.679
9.375 76.875 28.206
9.375 77.125 3.8259
9.375 77.375 2.5539
9.375 77.625 2.6099
9.375 77.875 1.96
9.375 78.125 1.1048
9.375 78.375 1.0958
9.375 78.625 1.0407
9.375 78.875 7.3453
9.625 76.375 16.311
9.625 76.625 17.957
9.625 76.875 22.666
9.625 77.125 7.3712
9.625 77.375 6.1894
9.625 77.625 3.3145
9.625 77.875 2.6842
9.625 78.125 2.2142
9.625 78.375 1.1179
9.625 78.625 1.1821
9.875 76.625 21.226
9.875 76.875 38.133
9.875 77.125 7.8616
9.875 77.375 6.3512
9.875 77.625 4.7497
9.875 77.875 2.4581
9.875 78.125 1.536
9.875 78.375 2.1869
9.875 78.625 1.7384
9.875 78.875 0.92243
10.125 76.375 17.609
10.125 76.625 22.002
10.125 76.875 66.966
10.125 77.125 15.555
10.125 77.375 6.5518
10.125 77.625 6.2191
10.125 77.875 4.4334
10.125 78.125 1.7157
10.125 78.375 3.1642
10.125 78.625 1.3452
10.125 78.875 1.134
10.125 79.125 1.0757
10.375 76.375 10.299
10.375 76.625 11.867
10.375 76.875 6.4011
10.375 77.125 7.8467
10.375 77.375 6.0314
10.375 77.625 8.2796
10.375 77.875 2.1935
10.375 78.125 1.9858
10.375 78.375 1.9756
10.375 78.625 1.1705
10.375 78.875 1.0271
10.375 79.125 1.3521
10.375 79.375 7.7375
10.375 79.625 7.4566
10.625 76.125 12.766
10.625 76.375 20.586
10.625 76.625 9.2975
10.625 76.875 4.3382
10.625 77.125 3.7456
10.625 77.375 3.3274
10.625 77.625 3.3399
10.625 77.875 2.268
10.625 78.125 1.8488
10.625 78.375 1.4892
10.625 78.625 1.0412
10.625 78.875 0.92636
10.625 79.125 2.3454
10.625 79.375 1.7657
10.625 79.625 1.9846
10.875 76.125 19.357
10.875 76.375 34.443
10.875 76.625 7.4153
10.875 76.875 2.8824
10.875 77.125 2.1105
10.875 77.375 1.4749
10.875 77.625 1.3525
10.875 77.875 1.4705
10.875 78.125 1.1963
10.875 78.375 1.2555
10.875 78.625 1.5548
10.875 78.875 1.2188
10.875 79.125 1.0934
10.875 79.375 0.88781
10.875 79.625 1.1771
11.125 76.125 21.374
11.125 76.375 31.088
11.125 76.625 59.422
11.125 76.875 9.8627
11.125 77.125 2.3334
11.125 77.375 1.2324
11.125 77.625 0.82506
11.125 77.875 1.3042
11.125 78.125 0.72515
11.125 78.375 1.2126
11.125 78.625 1.8206
11.125 78.875 1.3086
11.125 79.125 1.3606
11.125 79.375 1.5428
11.125 79.625 1.0951
11.375 75.875 23.736
11.375 76.125 41.848
11.375 76.375 53.728
11.375 76.625 42.728
11.375 76.875 24.48
11.375 77.125 5.7551
11.375 77.375 2.0046
11.375 77.625 1.6176
11.375 77.875 2.8737
11.375 78.125 1.8615
11.375 78.375 1.0798
11.375 78.625 1.237
11.375 78.875 1.2724
11.375 79.125 1.2087
11.375 79.375 1.5784
11.375 79.625 2.2707
11.625 75.875 20.111
11.625 76.125 11.983
11.625 76.375 5.7992
11.625 76.625 23.4
11.625 76.875 9.8263
11.625 77.125 4.9492
11.625 77.375 3.1777
11.625 77.625 1.5352
11.625 77.875 2.8087
11.625 78.125 1.9007
11.625 78.375 1.4901
11.625 78.625 1.619
11.625 78.875 1.1411
11.625 79.125 1.8514
11.625 79.375 2.4996
11.625 79.625 8.5539
11.875 75.625 21.71
11.875 75.875 20.384
11.875 76.125 2.3489
11.875 76.375 1.7659
11.875 76.625 3.4907
11.875 76.875 2.2259
11.875 77.125 2.7001
11.875 77.375 3.9818
11.875 77.625 2.3458
11.875 77.875 1.6606
11.875 78.125 1.1948
11.875 78.375 1.3828
11.875 78.625 1.3845
11.875 78.875 1.0269
11.875 79.125 1.9762
11.875 79.375 1.7306
11.875 79.625 1.879
12.125 75.375 17.073
12.125 75.625 17.656
12.125 75.875 16.71
12.125 76.125 1.519
12.125 76.375 1.3169
12.125 76.625 1.2876
12.125 76.875 1.2078
12.125 77.125 1.9332
12.125 77.375 2.6542
12.125 77.625 2.1938
12.125 77.875 1.4607
12.125 78.125 1.4974
12.125 78.375 2.8909
12.125 78.625 1.919
12.125 78.875 1.3271
12.125 79.125 2.2919
12.125 79.375 3.085
12.125 79.625 1.7411
12.375 75.125 25.809
12.375 75.375 32.393
12.375 75.625 17.078
12.375 75.875 10.479
12.375 76.125 1.6145
12.375 76.375 1.8284
12.375 76.625 4.9687
12.375 76.875 1.3636
12.375 77.125 0.59366
12.375 77.375 1.7967
12.375 77.625 1.7312
12.375 77.875 2.1431
12.375 78.125 2.2266
12.375 78.375 1.8852
12.375 78.625 1.692
12.375 78.875 1.7008
12.375 79.125 2.5189
12.375 79.375 2.0534
12.375 79.625 1.8881
12.375 79.875 0.58532
12.625 75.125 18.399
12.625 75.375 22.843
12.625 75.625 13.368
12.625 75.875 2.3554
12.625 76.125 1.6505
12.625 76.375 4.8387
12.625 76.625 6.2409
12.625 76.875 2.2462
12.625 77.125 1.253
12.625 77.375 2.0995
12.625 77.625 1.7116
12.625 77.875 1.657
12.625 78.125 2.827
12.625 78.375 3.3234
12.625 78.625 2.928
12.625 78.875 2.2997
12.625 79.125 2.3747
12.625 79.375 1.5127
12.625 79.625 1.4927
12.625 79.875 1.0161
12.875 75.125 16.978
12.875 75.375 17.965
12.875 75.625 6.0986
12.875 75.875 2.454
12.875 76.125 1.9539
12.875 76.375 6.2252
12.875 76.625 3.8431
12.875 76.875 2.2323
12.875 77.125 2.2295
12.875 77.375 3.2191
12.875 77.625 3.4699
12.875 77.875 1.6806
12.875 78.125 1.9289
12.875 78.375 2.1403
12.875 78.625 2.3188
12.875 78.875 1.6217
12.875 79.125 1.7153
12.875 79.375 2.361
12.875 79.625 2.8282
12.875 79.875 2.7772
13.125 74.875 28.082
13.125 75.125 16.902
13.125 75.375 19.622
13.125 75.625 6.708
13.125 75.875 4.5945
13.125 76.125 2.4498
13.125 76.375 4.1733
13.125 76.625 3.1635
13.125 76.875 2.0106
13.125 77.125 2.3833
13.125 77.375 2.538
13.125 77.625 1.8219
13.125 77.875 1.5972
13.125 78.125 2.1434
13.125 78.375 2.0362
13.125 78.625 2.0031
13.125 78.875 1.8831
13.125 79.125 2.1428
13.125 79.375 1.7878
13.125 79.625 2.8869
13.125 79.875 2.1695
13.125 80.125 1.0528
13.375 74.875 19.003
13.375 75.125 21.328
13.375 75.375 17.372
13.375 75.625 6.2961
13.375 75.875 3.6381
13.375 76.125 3.0799
13.375 76.375 3.7564
13.375 76.625 2.6858
13.375 76.875 1.1686
13.375 77.125 2.1129
13.375 77.375 2.2016
13.375 77.625 2.1079
13.375 77.875 1.4937
13.375 78.125 1.4652
13.375 78.375 1.8534
13.375 78.625 1.9719
13.375 78.875 2.5223
13.375 79.125 1.6519
13.375 79.375 1.4477
13.375 79.625 2.7066
13.375 79.875 2.1593
13.375 80.125 2.1286
13.625 74.875 24.322
13.625 75.125 22.145
13.625 75.375 8.6243
13.625 75.625 7.0989
13.625 75.875 4.4402
13.625 76.125 1.9538
13.625 76.375 1.7872
13.625 76.625 2.0326
13.625 76.875 1.2538
13.625 77.125 1.8029
13.625 77.375 1.6283
13.625 77.625 1.2985
13.625 77.875 1.2014
13.625 78.125 1.4633
13.625 78.375 1.3818
13.625 78.625 1.6145
13.625 78.875 2.0893
13.625 79.125 1.2647
13.625 79.375 1.9261
13.625 79.625 1.3601
13.625 79.875 1.8832
13.625 80.125 1.248
13.875 74.875 22.016
13.875 75.125 12.134
13.875 75.375 5.706
13.875 75.625 6.7896
13.875 75.875 5.5015
13.875 76.125 2.1264
13.875 76.375 1.8203
13.875 76.625 1.8137
13.875 76.875 0.94587
13.875 77.125 0.92158
13.875 77.375 1.6416
13.875 77.625 1.2535
13.875 77.875 1.2629
13.875 78.125 1.2415
13.875 78.375 2.5657
13.875 78.625 2.1456
13.875 78.875 1.597
13.875 79.125 1.435
13.875 79.375 1.3125
13.875 79.625 1.0998
13.875 79.875 1.4506
14.125 74.625 17.556
14.125 74.875 15.196
14.125 75.125 7.7642
14.125 75.375 3.2867
14.125 75.625 4.7119
14.125 75.875 2.5853
14.125 76.125 4.1482
14.125 76.375 1.4593
14.125 76.625 1.0581
14.125 76.875 2.208
14.125 77.125 0.75927
14.125 77.375 1.0866
14.125 77.625 1.1436
14.125 77.875 1.6263
14.125 78.125 1.7963
14.125 78.375 1.742
14.125 78.625 1.8645
14.125 78.875 1.3571
14.125 79.125 1.3059
14.125 79.375 1.2641
14.125 79.625 1.5017
14.125 79.875 1.5601
14.375 74.625 16.526
14.375 74.875 11.145
14.375 75.125 4.8756
14.375 75.375 3.799
14.375 75.625 4.6502
14.375 75.875 2.5797
14.375 76.125 2.2469
14.375 76.375 2.0593
14.375 76.625 1.2839
14.375 76.875 1.4394
14.375 77.125 1.5217
14.375 77.375 1.4573
14.375 77.625 1.1228
14.375 77.875 1.8513
14.375 78.125 2.1441
14.375 78.375 2.3422
14.375 78.625 2.0649
14.375 78.875 1.3474
14.375 79.125 1.325
14.375 79.375 1.413
14.375 79.625 1.5838
14.375 79.875 1.3952
14.625 74.375 16.204
14.625 74.625 8.6297
14.625 74.875 5.5867
14.625 75.125 2.8939
14.625 75.375 2.4411
14.625 75.625 1.8378
14.625 75.875 2.3822
14.625 76.125 1.8314
14.625 76.375 1.3687
14.625 76.625 1.3893
14.625 76.875 1.3091
14.625 77.125 1.1491
14.625 77.375 1.2033
14.625 77.625 1.4345
14.625 77.875 2.7681
14.625 78.125 1.9732
14.625 78.375 2.228
14.625 78.625 1.4513
14.625 78.875 1.42
14.625 79.125 1.576
14.625 79.375 1.5486
14.625 79.625 1.4558
14.625 79.875 1.5461
14.875 74.375 10.206
14.875 74.625 5.3653
14.875 74.875 3.3057
14.875 75.125 2.3923
14.875 75.375 1.8748
14.875 75.625 1.5451
14.875 75.875 1.4006
14.875 76.125 1.8232
14.875 76.375 1.5487
14.875 76.625 1.1168
14.875 76.875 1.5972
14.875 77.125 1.1585
14.875 77.375 1.8136
14.875 77.625 2.0987
14.875 77.875 1.7646
14.875 78.125 2.0318
14.875 78.375 1.9162
14.875 78.625 1.2462
14.875 78.875 1.6476
14.875 79.125 1.9971
14.875 79.375 1.8068
14.875 79.625 1.4826
14.875 79.875 1.4812
15.125 74.125 12.712
15.125 74.375 12.222
15.125 74.625 6.8755
15.125 74.875 3.5579
15.125 75.125 2.3087
15.125 75.375 2.641
15.125 75.625 2.3171
15.125 75.875 1.8467
15.125 76.125 1.7954
15.125 76.375 1.2881
15.125 76.625 0.84845
15.125 76.875 0.97612
15.125 77.125 0.82449
15.125 77.375 0.90517
15.125 77.625 1.9758
15.125 77.875 1.5457
15.125 78.125 1.8558
15.125 78.375 2.3289
15.125 78.625 2.4411
15.125 78.875 2.0674
15.125 79.125 1.787
15.125 79.375 1.7869
15.125 79.625 1.7881
15.125 79.875 1.5084
15.375 73.875 23.231
15.375 74.125 14.025
15.375 74.375 11.332
15.375 74.625 4.9924
15.375 74.875 3.6011
15.375 75.125 2.4825
15.375 75.375 3.0918
15.375 75.625 2.4024
15.375 75.875 1.3749
15.375 76.125 0.98764
15.375 76.375 0.94379
15.375 76.625 0.56022
15.375 76.875 0.72159
15.375 77.125 1.1072
15.375 77.375 0.88643
15.375 77.625 1.4636
15.375 77.875 1.128
15.375 78.125 2.3932
15.375 78.375 2.2764
15.375 78.625 3.144
15.375 78.875 1.6948
15.375 79.125 1.4358
15.375 79.375 1.3193
15.375 79.625 1.3934
15.375 79.875 1.7413
15.625 73.875 17.774
15.625 74.125 12.518
15.625 74.375 3.3142
15.625 74.625 4.651
15.625 74.875 3.9884
15.625 75.125 2.1149
15.625 75.375 1.9363
15.625 75.625 2.0289
15.625 75.875 1.4872
15.625 76.125 1.5064
15.625 76.375 1.0928
15.625 76.625 0.88476
15.625 76.875 0.84743
15.625 77.125 0.77223
15.625 77.375 0.88798
15.625 77.625 1.0797
15.625 77.875 0.84253
15.625 78.125 1.3136
15.625 78.375 1.4712
15.625 78.625 0.81564
15.625 78.875 1.534
15.625 79.125 1.3616
15.625 79.375 1.6299
15.625 79.625 3.6136
15.625 79.875 2.4566
15.625 80.125 0.72731
15.875 73.875 14.768
15.875 74.125 14.546
15.875 74.375 3.3061
15.875 74.625 4.122
15.875 74.875 2.3453
15.875 75.125 2.1639
15.875 75.375 1.6008
15.875 75.625 1.3802
15.875 75.875 1.3297
15.875 76.125 0.90417
15.875 76.375 0.84299
15.875 76.625 0.94195
15.875 76.875 1.3
15.875 77.125 0.72142
15.875 77.375 0.97561
15.875 77.625 0.58475
15.875 77.875 0.96541
15.875 78.125 1.4453
15.875 78.375 1.2312
15.875 78.625 1.2878
15.875 78.875 1.4668
15.875 79.125 1.5639
15.875 79.375 4.3051
15.875 79.625 3.1264
15.875 79.875 2.0909
15.875 80.125 2.3323
15.875 80.375 6.0996
15.875 80.625 6.1906
15.875 80.875 5.7773
16.125 73.625 19.202
16.125 73.875 14.752
16.125 74.125 7.1608
16.125 74.375 2.1187
16.125 74.625 1.7351
16.125 74.875 1.6569
16.125 75.125 1.0708
16.125 75.375 0.96329
16.125 75.625 0.97798
16.125 75.875 0.89378
16.125 76.125 0.67852
16.125 76.375 1.0393
16.125 76.625 0.98051
16.125 76.875 0.68014
16.125 77.125 0.72074
16.125 77.375 0.96
16.125 77.625 0.73679
16.125 77.875 1.3529
16.125 78.125 2.6974
16.125 78.375 2.0667
16.125 78.625 2.0956
16.125 78.875 1.355
16.125 79.125 1.2659
16.125 79.375 1.8177
16.125 79.625 2.0066
16.125 79.875 2.9395
16.125 80.125 5.4152
16.125 80.375 7.9584
16.125 80.625 4.4105
16.125 80.875 6.1966
16.375 73.625 20.667
16.375 73.875 25.156
16.375 74.125 5.9549
16.375 74.375 3.0445
16.375 74.625 0.68586
16.375 74.875 0.79004
16.375 75.125 0.91098
16.375 75.375 0.62322
16.375 75.625 0.67628
16.375 75.875 0.92848
16.375 76.125 1.0777
16.375 76.375 1.4909
16.375 76.625 1.1664
16.375 76.875 1.1863
16.375 77.125 0.86124
16.375 77.375 0.87052
16.375 77.625 1.0969
16.375 77.875 1.4483
16.375 78.125 2.1177
16.375 78.375 1.7654
16.375 78.625 1.0309
16.375 78.875 1.1888
16.375 79.125 1.8237
16.375 79.375 0.94724
16.375 79.625 1.0266
16.375 79.875 2.0548
16.375 80.125 7.5675
16.375 80.375 6.6589
16.375 80.625 8.5435
16.375 80.875 7.8187
16.375 81.125 7.5359
16.375 81.375 9.9307
16.375 81.625 18.079
16.625 73.625 14.003
16.625 73.875 9.3084
16.625 74.125 10.139
16.625 74.375 0.39292
16.625 74.625 0.85733
16.625 74.875 0.77287
16.625 75.125 0.81008
16.625 75.375 0.73377
16.625 75.625 0.7274
16.625 75.875 0.81327
16.625 76.125 0.96862
16.625 76.375 0.94493
16.625 76.625 0.8458
16.625 76.875 1.1707
16.625 77.125 1.3662
16.625 77.375 1.5797
16.625 77.625 1.9451
16.625 77.875 3.1057
16.625 78.125 2.4282
16.625 78.375 1.7451
16.625 78.625 1.2525
16.625 78.875 0.76658
16.625 79.125 0.91043
16.625 79.375 1.2387
16.625 79.625 2.3489
16.625 79.875 3.3484
16.625 80.125 6.0589
16.625 80.375 5.6035
16.625 80.625 9.3252
16.625 80.875 10.69
16.625 81.125 3.5821
16.625 81.375 20.125
16.625 81.625 27.057
16.625 81.875 23.657
16.625 82.125 8.2763
16.875 73.375 16.986
16.875 73.625 9.0182
16.875 73.875 6.0082
16.875 74.125 1.527
16.875 74.375 2.1197
16.875 74.625 0.46846
16.875 74.875 1.1244
16.875 75.125 1.1312
16.875 75.375 0.93543
16.875 75.625 1.1016
16.875 75.875 0.6995
16.875 76.125 0.84589
16.875 76.375 0.70449
16.875 76.625 0.73226
16.875 76.875 0.90526
16.875 77.125 1.6541
16.875 77.375 2.8441
16.875 77.625 1.5115
16.875 77.875 1.6852
16.875 78.125 1.0891
16.875 78.375 0.97152
16.875 78.625 1.117
16.875 78.875 0.56565
16.875 79.125 0.73483
16.875 79.375 1.6953
16.875 79.625 2.6298
16.875 79.875 4.1386
16.875 80.125 6.924
16.875 80.375 6.1285
16.875 80.625 9.015
16.875 80.875 9.2881
16.875 81.125 8.2387
16.875 81.375 5.0607
16.875 81.625 15.164
16.875 81.875 13.018
16.875 82.125 14.598
17.125 73.375 15.509
17.125 73.625 8.9074
17.125 73.875 6.6329
17.125 74.125 1.5139
17.125 74.375 0.66888
17.125 74.625 0.43006
17.125 74.875 0.84431
17.125 75.125 0.71167
17.125 75.375 0.9793
17.125 75.625 1.1476
17.125 75.875 0.91497
17.125 76.125 0.73727
17.125 76.375 0.77659
17.125 76.625 0.83549
17.125 76.875 1.1295
17.125 77.125 1.232
17.125 77.375 1.1272
17.125 77.625 2.389
17.125 77.875 1.5751
17.125 78.125 2.8047
17.125 78.375 1.1957
17.125 78.625 1.3529
17.125 78.875 1.8983
17.125 79.125 4.2205
17.125 79.375 3.4488
17.125 79.625 2.7166
17.125 79.875 3.4506
17.125 80.125 14.032
17.125 80.375 10.119
17.125 80.625 9.1537
17.125 80.875 12.725
17.125 81.125 12.287
17.125 81.375 19.201
17.125 81.625 19.908
17.125 81.875 6.0329
17.125 82.125 17.472
17.125 82.375 7.3947
17.375 73.375 15.362
17.375 73.625 8.3418
17.375 73.875 5.8251
17.375 74.125 0.69849
17.375 74.375 0.2342
17.375 74.625 0.33787
17.375 74.875 0.78081
17.375 75.125 0.52644
17.375 75.375 0.58385
17.375 75.625 0.88873
17.375 75.875 0.58021
17.375 76.125 0.69436
17.375 76.375 1.0162
17.375 76.625 0.90982
17.375 76.875 1.238
17.375 77.125 1.1781
17.375 77.375 0.77912
17.375 77.625 2.2837
17.375 77.875 2.1025
17.375 78.125 2.8422
17.375 78.375 2.0298
17.375 78.625 1.0397
17.375 78.875 3.457
17.375 79.125 6.4321
17.375 79.375 9.1226
17.375 79.625 4.8601
17.375 79.875 10.118
17.375 80.125 13.177
17.375 80.375 13.907
17.375 80.625 21.7
17.375 80.875 18.438
17.375 81.125 28.668
17.375 81.375 25.424
17.375 81.625 16.621
17.375 81.875 18.929
17.375 82.125 21.434
17.375 82.375 5.6179
17.375 82.625 9.9612
17.625 73.375 18.92
17.625 73.625 0.86237
17.625 73.875 5.0612
17.625 74.125 1.0425
17.625 74.375 0.33522
17.625 74.625 0.52737
17.625 74.875 0.77267
17.625 75.125 0.76069
17.625 75.375 0.66867
17.625 75.625 0.74519
17.625 75.875 0.67413
17.625 76.125 0.73525
17.625 76.375 0.68203
17.625 76.625 1.2629
17.625 76.875 1.5003
17.625 77.125 1.4549
17.625 77.375 1.0666
17.625 77.625 1.0481
17.625 77.875 4.3084
17.625 78.125 2.9687
17.625 78.375 6.4312
17.625 78.625 3.0528
17.625 78.875 2.6324
17.625 79.125 4.9094
17.625 79.375 3.8748
17.625 79.625 6.7009
17.625 79.875 10.753
17.625 80.125 14.39
17.625 80.375 22.219
17.625 80.625 18.791
17.625 80.875 27.188
17.625 81.125 18.609
17.625 81.375 20.358
17.625 81.625 21.24
17.625 81.875 5.7031
17.625 82.125 13.169
17.625 82.375 4.9791
17.625 82.625 4.4379
17.625 82.875 11.27
17.625 83.125 6.3968
17.875 73.375 21.591
17.875 73.625 5.9579
17.875 73.875 5.2096
17.875 74.125 1.3085
17.875 74.375 0.92645
17.875 74.625 0.4845
17.875 74.875 0.59681
17.875 75.125 0.49901
17.875 75.375 0.47166
17.875 75.625 0.71693
17.875 75.875 0.70924
17.875 76.125 0.78361
17.875 76.375 0.79554
17.875 76.625 0.87036
17.875 76.875 1.6663
17.875 77.125 3.6298
17.875 77.375 3.7071
17.875 77.625 9.7929
17.875 77.875 8.8087
17.875 78.125 18.075
17.875 78.375 11.858
17.875 78.625 19.642
17.875 78.875 9.4792
17.875 79.125 4.1792
17.875 79.375 2.9098
17.875 79.625 5.0718
17.875 79.875 8.6162
17.875 80.125 11.247
17.875 80.375 13.042
17.875 80.625 18.693
17.875 80.875 28.239
17.875 81.125 33.817
17.875 81.375 33.091
17.875 81.625 26.524
17.875 81.875 10.721
17.875 82.125 24.396
17.875 82.375 14.375
17.875 82.625 5.4507
17.875 82.875 4.1569
17.875 83.125 2.3621
17.875 83.375 3.2319
18.125 73.125 15.048
18.125 73.375 9.0976
18.125 73.625 6.4353
18.125 73.875 3.587
18.125 74.125 0.79171
18.125 74.375 0.91062
18.125 74.625 0.56801
18.125 74.875 0.69819
18.125 75.125 0.57909
18.125 75.375 0.51356
18.125 75.625 0.61506
18.125 75.875 0.66959
18.125 76.125 0.81951
18.125 76.375 0.80858
18.125 76.625 0.58741
18.125 76.875 1.319
18.125 77.125 6.9692
18.125 77.375 9.9469
18.125 77.625 10.713
18.125 77.875 8.0716
18.125 78.125 11.918
18.125 78.375 8.1025
18.125 78.625 13.376
18.125 78.875 8.4608
18.125 79.125 11.082
18.125 79.375 11.103
18.125 79.625 18.561
18.125 79.875 13.753
18.125 80.125 19.025
18.125 80.375 14.563
18.125 80.625 15.456
18.125 80.875 44.908
18.125 81.125 41.066
18.125 81.375 51.065
18.125 81.625 39.237
18.125 81.875 40.95
18.125 82.125 14.752
18.125 82.375 25.019
18.125 82.625 24.101
18.125 82.875 5.9275
18.125 83.125 7.6293
18.125 83.375 6.0668
18.125 83.625 8.2236
18.375 73.125 14.444
18.375 73.375 6.9025
18.375 73.625 5.4396
18.375 73.875 3.4082
18.375 74.125 1.0629
18.375 74.375 0.61358
18.375 74.625 0.44536
18.375 74.875 0.4302
18.375 75.125 0.64176
18.375 75.375 1.1328
18.375 75.625 0.88361
18.375 75.875 0.73258
18.375 76.125 0.99214
18.375 76.375 1.1963
18.375 76.625 1.5393
18.375 76.875 1.7677
18.375 77.125 3.701
18.375 77.375 5.1788
18.375 77.625 9.4201
18.375 77.875 8.3237
18.375 78.125 11.277
18.375 78.375 18.494
18.375 78.625 16.474
18.375 78.875 10.363
18.375 79.125 20.377
18.375 79.375 16.609
18.375 79.625 16.901
18.375 79.875 21.708
18.375 80.125 23.783
18.375 80.375 28.966
18.375 80.625 39.927
18.375 80.875 36.362
18.375 81.125 44.521
18.375 81.375 37.678
18.375 81.625 38.925
18.375 81.875 41.769
18.375 82.125 40.319
18.375 82.375 34.978
18.375 82.625 17.796
18.375 82.875 12.27
18.375 83.125 11.502
18.375 83.375 7.4395
18.375 83.625 7.1006
18.375 83.875 11.458
18.625 73.125 23.041
18.625 73.375 12.324
18.625 73.625 6.1757
18.625 73.875 3.5116
18.625 74.125 0.78149
18.625 74.375 0.69701
18.625 74.625 0.51546
18.625 74.875 0.50122
18.625 75.125 0.56627
18.625 75.375 0.69534
18.625 75.625 0.68487
18.625 75.875 0.69152
18.625 76.125 0.70132
18.625 76.375 1.6173
18.625 76.625 4.3531
18.625 76.875 1.9512
18.625 77.125 1.8897
18.625 77.375 3.3352
18.625 77.625 8.5583
18.625 77.875 7.232
18.625 78.125 4.9006
18.625 78.375 16.78
18.625 78.625 9.6585
18.625 78.875 14.8
18.625 79.125 11.076
18.625 79.375 13.372
18.625 79.625 10.999
18.625 79.875 24.508
18.625 80.125 29.415
18.625 80.375 33.589
18.625 80.625 27.162
18.625 80.875 35.636
18.625 81.125 31.158
18.625 81.375 45.106
18.625 81.625 37.343
18.625 81.875 36.411
18.625 82.125 36.406
18.625 82.375 41.219
18.625 82.625 14.959
18.625 82.875 9.0882
18.625 83.125 12.99
18.625 83.375 7.4352
18.625 83.625 13.232
18.625 83.875 12.047
18.625 84.125 8.7689
18.875 73.125 28.563
18.875 73.375 11.849
18.875 73.625 5.0825
18.875 73.875 4.0933
18.875 74.125 0.66589
18.875 74.375 0.87152
18.875 74.625 0.71009
18.875 74.875 0.63495
18.875 75.125 0.50885
18.875 75.375 0.61342
18.875 75.625 0.41218
18.875 75.875 0.39004
18.875 76.125 2.1916
18.875 76.375 1.7708
18.875 76.625 2.5897
18.875 76.875 3.1553
18.875 77.125 2.4563
18.875 77.375 3.1381
18.875 77.625 5.8143
18.875 77.875 5.9574
18.875 78.125 5.8451
18.875 78.375 0.17505
18.875 78.625 17.339
18.875 78.875 24.728
18.875 79.125 11.906
18.875 79.375 17.562
18.875 79.625 13.318
18.875 79.875 23.771
18.875 80.125 34.803
18.875 80.375 26.906
18.875 80.625 28.328
18.875 80.875 26.287
18.875 81.125 26.699
18.875 81.375 14.416
18.875 81.625 19.707
18.875 81.875 43.954
18.875 82.125 46.564
18.875 82.375 45.093
18.875 82.625 14.153
18.875 82.875 15.019
18.875 83.125 3.9051
18.875 83.375 11.21
18.875 83.625 10.648
18.875 83.875 11.033
18.875 84.125 14.002
18.875 84.375 13.92
19.125 73.125 17.166
19.125 73.375 13.933
19.125 73.625 4.0156
19.125 73.875 3.8225
19.125 74.125 0.87299
19.125 74.375 0.63806
19.125 74.625 0.71379
19.125 74.875 0.6396
19.125 75.125 0.377
19.125 75.375 0.46175
19.125 75.625 0.35369
19.125 75.875 0.38341
19.125 76.125 1.0794
19.125 76.375 1.1207
19.125 76.625 1.8652
19.125 76.875 0.96098
19.125 77.125 1.8304
19.125 77.375 5.0344
19.125 77.625 3.2963
19.125 77.875 4.3673
19.125 78.125 2.3017
19.125 78.375 4.8959
19.125 78.625 13.846
19.125 78.875 19.094
19.125 79.125 16.455
19.125 79.375 11.412
19.125 79.625 13.901
19.125 79.875 14.995
19.125 80.125 25.192
19.125 80.375 23.529
19.125 80.625 18.29
19.125 80.875 28.173
19.125 81.125 26.357
19.125 81.375 14.637
19.125 81.625 13.662
19.125 81.875 13.6
19.125 82.125 14.557
19.125 82.375 14.185
19.125 82.625 12.45
19.125 82.875 12.76
19.125 83.125 8.5518
19.125 83.375 6.8576
19.125 83.625 10.396
19.125 83.875 8.3242
19.125 84.125 11.256
19.125 84.375 16.939
19.125 84.625 17.415
19.375 72.875 14.89
19.375 73.125 13.125
19.375 73.375 17.54
19.375 73.625 13.448
19.375 73.875 2.6608
19.375 74.125 0.97854
19.375 74.375 0.85102
19.375 74.625 0.46084
19.375 74.875 0.33672
19.375 75.125 0.49709
19.375 75.375 0.51258
19.375 75.625 0.22763
19.375 75.875 0.26541
19.375 76.125 0.53094
19.375 76.375 0.39434
19.375 76.625 0.4035
19.375 76.875 0.47151
19.375 77.125 1.2107
19.375 77.375 1.0124
19.375 77.625 1.6877
19.375 77.875 2.0307
19.375 78.125 7.8503
19.375 78.375 9.3606
19.375 78.625 11.229
19.375 78.875 10.557
19.375 79.125 11.031
19.375 79.375 17.32
19.375 79.625 13.321
19.375 79.875 14.301
19.375 80.125 15.058
19.375 80.375 17.043
19.375 80.625 25.029
19.375 80.875 27.594
19.375 81.125 30.29
19.375 81.375 29.634
19.375 81.625 14.29
19.375 81.875 13.659
19.375 82.125 13.964
19.375 82.375 18.844
19.375 82.625 11.604
19.375 82.875 12.675
19.375 83.125 9.0628
19.375 83.375 6.598
19.375 83.625 9.1888
19.375 83.875 6.2499
19.375 84.125 17.261
19.375 84.375 10.431
19.375 84.625 12.269
19.375 84.875 12.062
19.625 72.875 17.636
19.625 73.125 17.83
19.625 73.375 19.751
19.625 73.625 6.7135
19.625 73.875 2.7104
19.625 74.125 0.70221
19.625 74.375 0.30692
19.625 74.625 0.33781
19.625 74.875 0.41625
19.625 75.125 0.74178
19.625 75.375 0.47009
19.625 75.625 0.40286
19.625 75.875 0.55572
19.625 76.125 1.0602
19.625 76.375 0.61229
19.625 76.625 0.35705
19.625 76.875 0.28378
19.625 77.125 0.6764
19.625 77.375 1.536
19.625 77.625 1.7225
19.625 77.875 3.0076
19.625 78.125 3.1504
19.625 78.375 5.8201
19.625 78.625 7.8488
19.625 78.875 8.288
19.625 79.125 6.3162
19.625 79.375 3.1765
19.625 79.625 7.4823
19.625 79.875 9.6698
19.625 80.125 15.028
19.625 80.375 17.064
19.625 80.625 25.624
19.625 80.875 27.056
19.625 81.125 29.674
19.625 81.375 13.919
19.625 81.625 13.707
19.625 81.875 13.376
19.625 82.125 13.272
19.625 82.375 11.505
19.625 82.625 8.2353
19.625 82.875 8.7308
19.625 83.125 21.814
19.625 83.375 10.546
19.625 83.625 11.918
19.625 83.875 12.154
19.625 84.125 12.607
19.625 84.375 15.068
19.625 84.625 18.445
19.625 84.875 7.1091
19.625 85.125 6.1711
19.625 85.375 14.132
19.875 72.875 21.899
19.875 73.125 14.252
19.875 73.375 16.29
19.875 73.625 6.0434
19.875 73.875 2.9303
19.875 74.125 0.42884
19.875 74.375 0.34142
19.875 74.625 0.47204
19.875 74.875 1.8361
19.875 75.125 0.73483
19.875 75.375 0.62576
19.875 75.625 0.85933
19.875 75.875 1.6876
19.875 76.125 4.153
19.875 76.375 3.4599
19.875 76.625 1.57
19.875 76.875 2.2883
19.875 77.125 1.4028
19.875 77.375 1.4709
19.875 77.625 3.4154
19.875 77.875 2.1165
19.875 78.125 2.072
19.875 78.375 2.0365
19.875 78.625 3.5444
19.875 78.875 4.5452
19.875 79.125 4.814
19.875 79.375 3.2442
19.875 79.625 6.7608
19.875 79.875 14.374
19.875 80.125 27.053
19.875 80.375 23.963
19.875 80.625 24.722
19.875 80.875 28.551
19.875 81.125 27.549
19.875 81.375 12.794
19.875 81.625 13.699
19.875 81.875 14.233
19.875 82.125 8.9101
19.875 82.375 22.74
19.875 82.625 8.612
19.875 82.875 8.9381
19.875 83.125 8.1113
19.875 83.375 9.9501
19.875 83.625 17.337
19.875 83.875 14.829
19.875 84.125 13.46
19.875 84.375 12.784
19.875 84.625 22.708
19.875 84.875 21.376
19.875 85.125 6.1108
19.875 85.375 7.4113
19.875 85.625 15.45
19.875 85.875 18.307
19.875 86.125 18.259
20.125 72.875 19.837
20.125 73.125 14.37
20.125 73.375 12.979
20.125 73.625 14.453
20.125 73.875 3.6151
20.125 74.125 4.4814
20.125 74.375 0.68243
20.125 74.625 0.68215
20.125 74.875 0.9313
20.125 75.125 1.3378
20.125 75.375 1.5195
20.125 75.625 0.77149
20.125 75.875 1.1225
20.125 76.125 2.1273
20.125 76.375 2.6087
20.125 76.625 1.4589
20.125 76.875 1.6205
20.125 77.125 1.1146
20.125 77.375 1.6715
20.125 77.625 3.3559
20.125 77.875 1.9605
20.125 78.125 2.0564
20.125 78.375 2.2648
20.125 78.625 3.981
20.125 78.875 4.1979
20.125 79.125 4.1405
20.125 79.375 5.0951
20.125 79.625 13.622
20.125 79.875 17.673
20.125 80.125 18.137
20.125 80.375 23.382
20.125 80.625 23.313
20.125 80.875 20.234
20.125 81.125 19.71
20.125 81.375 9.1812
20.125 81.625 8.6838
20.125 81.875 11.131
20.125 82.125 9.7211
20.125 82.375 6.4538
20.125 82.625 16.588
20.125 82.875 9.2985
20.125 83.125 18.271
20.125 83.375 9.5072
20.125 83.625 11.374
20.125 83.875 26.258
20.125 84.125 24.974
20.125 84.375 16.257
20.125 84.625 16.497
20.125 84.875 22.78
20.125 85.125 15.868
20.125 85.375 12.869
20.125 85.625 7.9862
20.125 85.875 11.939
20.125 86.125 17.284
20.125 86.375 17.548
20.375 73.125 17.157
20.375 73.375 14.984
20.375 73.625 9.1356
20.375 73.875 2.9467
20.375 74.125 0.40634
20.375 74.375 0.32263
20.375 74.625 0.39823
20.375 74.875 0.56147
20.375 75.125 2.1489
20.375 75.375 4.1464
20.375 75.625 2.3716
20.375 75.875 2.7693
20.375 76.125 3.112
20.375 76.375 0.91116
20.375 76.625 0.53311
20.375 76.875 0.34288
20.375 77.125 0.52408
20.375 77.375 1.5125
20.375 77.625 1.7864
20.375 77.875 2.009
20.375 78.125 4.116
20.375 78.375 2.424
20.375 78.625 2.0632
20.375 78.875 3.554
20.375 79.125 4.7487
20.375 79.375 10.576
20.375 79.625 15.918
20.375 79.875 17.493
20.375 80.125 17.335
20.375 80.375 22.804
20.375 80.625 25.559
20.375 80.875 20.155
20.375 81.125 8.4321
20.375 81.375 8.3352
20.375 81.625 9.6752
20.375 81.875 10.724
20.375 82.125 11.014
20.375 82.375 10.138
20.375 82.625 9.6654
20.375 82.875 10.756
20.375 83.125 20.84
20.375 83.375 11.791
20.375 83.625 11.525
20.375 83.875 11.21
20.375 84.125 22.033
20.375 84.375 6.6842
20.375 84.625 20.41
20.375 84.875 18.236
20.375 85.125 14.257
20.375 85.375 10.337
20.375 85.625 13.684
20.375 85.875 11.553
20.375 86.125 16.631
20.375 86.375 21.425
20.375 86.625 25.388
20.625 73.125 5.676
20.625 73.375 13.07
20.625 73.625 13.021
20.625 73.875 4.4736
20.625 74.125 0.52324
20.625 74.375 0.29733
20.625 74.625 0.59962
20.625 74.875 1.8446
20.625 75.125 1.5592
20.625 75.375 1.313
20.625 75.625 0.73975
20.625 75.875 0.32894
20.625 76.125 0.69018
20.625 76.375 0.36799
20.625 76.625 0.2905
20.625 76.875 0.36471
20.625 77.125 0.409
20.625 77.375 0.60932
20.625 77.625 1.9182
20.625 77.875 1.6355
20.625 78.125 2.89
20.625 78.375 3.2384
20.625 78.625 2.4494
20.625 78.875 4.0546
20.625 79.125 8.174
20.625 79.375 8.5448
20.625 79.625 11.824
20.625 79.875 16.94
20.625 80.125 17.315
20.625 80.375 22.172
20.625 80.625 15.415
20.625 80.875 20.779
20.625 81.125 14.094
20.625 81.375 8.8345
20.625 81.625 9.5558
20.625 81.875 11.527
20.625 82.125 11.769
20.625 82.375 9.0117
20.625 82.625 16.641
20.625 82.875 18.413
20.625 83.125 20.602
20.625 83.375 12.049
20.625 83.625 11.927
20.625 83.875 10.375
20.625 84.125 15.458
20.625 84.375 20.244
20.625 84.625 14.574
20.625 84.875 18.998
20.625 85.125 19.649
20.625 85.375 15.852
20.625 85.625 12.454
20.625 85.875 14.045
20.625 86.125 12.501
20.625 86.375 12.456
20.625 86.625 19.06
20.625 86.875 24.013
20.875 70.625 3.4174
20.875 70.875 3.2498
20.875 71.125 2.6988
20.875 71.375 5.9974
20.875 72.875 7.5019
20.875 73.125 4.649
20.875 73.375 8.1882
20.875 73.625 9.0436
20.875 73.875 2.8752
20.875 74.125 0.71173
20.875 74.375 0.65086
20.875 74.625 0.59468
20.875 74.875 0.66047
20.875 75.125 0.85189
20.875 75.375 0.64596
20.875 75.625 0.28847
20.875 75.875 0.42249
20.875 76.125 0.54765
20.875 76.375 0.28556
20.875 76.625 0.48172
20.875 76.875 0.44494
20.875 77.125 0.3085
20.875 77.375 0.45472
20.875 77.625 0.57297
20.875 77.875 1.9066
20.875 78.125 2.3516
20.875 78.375 2.9924
20.875 78.625 5.5581
20.875 78.875 6.1806
20.875 79.125 3.8551
20.875 79.375 6.9426
20.875 79.625 10.002
20.875 79.875 17.335
20.875 80.125 21.344
20.875 80.375 18.135
20.875 80.625 18.75
20.875 80.875 13.658
20.875 81.125 12.458
20.875 81.375 10.12
20.875 81.625 10.127
20.875 81.875 9.1999
20.875 82.125 9.9038
20.875 82.375 15.866
20.875 82.625 10.005
20.875 82.875 17.301
20.875 83.125 19.522
20.875 83.375 10.673
20.875 83.625 11.27
20.875 83.875 13.941
20.875 84.125 13.166
20.875 84.375 15.697
20.875 84.625 16.727
20.875 84.875 16.129
20.875 85.125 9.6431
20.875 85.375 9.0242
20.875 85.625 12.93
20.875 85.875 12.703
20.875 86.125 12.386
20.875 86.375 11.479
20.875 86.625 19.963
21.125 70.375 3.5411
21.125 70.625 1.3078
21.125 70.875 0.22677
21.125 71.125 1.476
21.125 71.375 2.7978
21.125 71.625 8.4596
21.125 71.875 4.6267
21.125 72.875 4.787
21.125 73.125 2.4581
21.125 73.375 6.384
21.125 73.625 3.7474
21.125 73.875 1.9257
21.125 74.125 0.77204
21.125 74.375 0.42486
21.125 74.625 0.63983
21.125 74.875 1.25
21.125 75.125 0.58116
21.125 75.375 1.1134
21.125 75.625 1.5397
21.125 75.875 1.8355
21.125 76.125 1.8159
21.125 76.375 0.79385
21.125 76.625 0.97847
21.125 76.875 0.69586
21.125 77.125 0.75276
21.125 77.375 0.48253
21.125 77.625 0.58546
21.125 77.875 0.89999
21.125 78.125 1.9585
21.125 78.375 3.198
21.125 78.625 4.4702
21.125 78.875 7.1545
21.125 79.125 6.9009
21.125 79.375 7.0463
21.125 79.625 11.515
21.125 79.875 21.442
21.125 80.125 14.939
21.125 80.375 19.675
21.125 80.625 11.709
21.125 80.875 27.726
21.125 81.125 27.53
21.125 81.375 11.646
21.125 81.625 19.621
21.125 81.875 16.907
21.125 82.125 18.851
21.125 82.375 14.735
21.125 82.625 18.307
21.125 82.875 14.429
21.125 83.125 14.164
21.125 83.375 16.201
21.125 83.625 16.022
21.125 83.875 15.646
21.125 84.125 10.764
21.125 84.375 19.109
21.125 84.625 15.403
21.125 84.875 13.472
21.125 85.125 8.7701
21.125 85.375 10.66
21.125 85.625 9.5705
21.125 85.875 16.324
21.125 86.125 12.776
21.125 86.375 12.655
21.125 86.625 12.706
21.375 70.125 1.7988
21.375 70.375 2.6654
21.375 70.625 1.5324
21.375 70.875 0.77611
21.375 71.125 1.0097
21.375 71.375 0.51113
21.375 71.625 0.69022
21.375 71.875 1.1202
21.375 72.875 6.6671
21.375 73.125 7.0861
21.375 73.375 9.6224
21.375 73.625 8.0996
21.375 73.875 1.21
21.375 74.125 0.56659
21.375 74.375 0.53092
21.375 74.625 0.77194
21.375 74.875 2.775
21.375 75.125 2.6237
21.375 75.375 2.8694
21.375 75.625 3.4914
21.375 75.875 2.6331
21.375 76.125 4.5616
21.375 76.375 1.4275
21.375 76.625 1.8648
21.375 76.875 2.6746
21.375 77.125 2.8158
21.375 77.375 1.8854
21.375 77.625 0.68421
21.375 77.875 2.3302
21.375 78.125 2.4306
21.375 78.375 2.8846
21.375 78.625 4.1175
21.375 78.875 6.3254
21.375 79.125 5.1412
21.375 79.375 7.6202
21.375 79.625 11.346
21.375 79.875 13.153
21.375 80.125 11.692
21.375 80.375 14.242
21.375 80.625 13.032
21.375 80.875 13.042
21.375 81.125 17.923
21.375 81.375 13.132
21.375 81.625 24.089
21.375 81.875 20.429
21.375 82.125 13.443
21.375 82.375 12.081
21.375 82.625 11.776
21.375 82.875 13.163
21.375 83.125 17.723
21.375 83.375 12.639
21.375 83.625 13.286
21.375 83.875 14.956
21.375 84.125 14.571
21.375 84.375 20.93
21.375 84.625 18.684
21.375 84.875 12.077
21.375 85.125 14.189
21.375 85.375 8.7583
21.375 85.625 21.622
21.375 85.875 17.453
21.375 86.125 9.6035
21.375 86.375 18.551
21.375 86.625 17.594
21.375 86.875 28.898
21.625 69.875 0.60232
21.625 70.125 0.43954
21.625 70.375 1.4101
21.625 70.625 2.3852
21.625 70.875 1.364
21.625 71.125 0.44045
21.625 71.375 1.5751
21.625 71.625 2.2266
21.625 71.875 1.1428
21.625 72.125 1.9425
21.625 72.875 7.8715
21.625 73.125 6.6965
21.625 73.375 10.708
21.625 73.625 6.3621
21.625 73.875 1.7948
21.625 74.125 1.3168
21.625 74.375 0.68026
21.625 74.625 1.64
21.625 74.875 4.5668
21.625 75.125 6.4594
21.625 75.375 5.58
21.625 75.625 4.5335
21.625 75.875 3.349
21.625 76.125 4.6796
21.625 76.375 3.6017
21.625 76.625 3.2598
21.625 76.875 4.1951
21.625 77.125 5.123
21.625 77.375 4.3915
21.625 77.625 1.8638
21.625 77.875 4.4742
21.625 78.125 4.09
21.625 78.375 3.0037
21.625 78.625 4.4948
21.625 78.875 3.8017
21.625 79.125 4.2377
21.625 79.375 4.8673
21.625 79.625 10.149
21.625 79.875 13.784
21.625 80.125 14.36
21.625 80.375 18.819
21.625 80.625 15.208
21.625 80.875 10.914
21.625 81.125 7.5489
21.625 81.375 16.36
21.625 81.625 17.72
21.625 81.875 16.655
21.625 82.125 13.303
21.625 82.375 11.371
21.625 82.625 7.6022
21.625 82.875 13.842
21.625 83.125 16.474
21.625 83.375 10.481
21.625 83.625 14.828
21.625 83.875 14.111
21.625 84.125 17.661
21.625 84.375 11.881
21.625 84.625 21.581
21.625 84.875 16.435
21.625 85.125 17.859
21.625 85.375 7.3032
21.625 85.625 18.915
21.625 85.875 19.517
21.625 86.125 13.34
21.625 86.375 19.302
21.625 86.625 34.314
21.625 86.875 30.686
21.625 87.125 27.763
21.625 87.375 26.888
21.875 69.375 7.0789
21.875 69.625 0.45024
21.875 69.875 0.50204
21.875 70.125 0.57708
21.875 70.375 1.5007
21.875 70.625 3.5431
21.875 70.875 1.0311
21.875 71.125 0.16538
21.875 71.375 0.81268
21.875 71.625 2.046
21.875 71.875 1.0453
21.875 72.125 1.2093
21.875 72.625 3.8353
21.875 72.875 2.4606
21.875 73.125 4.389
21.875 73.375 4.8961
21.875 73.625 4.3867
21.875 73.875 1.3894
21.875 74.125 0.4642
21.875 74.375 0.47913
21.875 74.625 1.0295
21.875 74.875 4.0424
21.875 75.125 2.7131
21.875 75.375 3.9144
21.875 75.625 4.8814
21.875 75.875 3.112
21.875 76.125 3.589
21.875 76.375 3.7519
21.875 76.625 3.9915
21.875 76.875 5.8706
21.875 77.125 6.4738
21.875 77.375 6.8799
21.875 77.625 5.2188
21.875 77.875 5.1389
21.875 78.125 15.389
21.875 78.375 17.024
21.875 78.625 7.6065
21.875 78.875 6.7513
21.875 79.125 7.1878
21.875 79.375 8.922
21.875 79.625 13.877
21.875 79.875 14.134
21.875 80.125 18.493
21.875 80.375 26.963
21.875 80.625 19.589
21.875 80.875 16.759
21.875 81.125 6.1845
21.875 81.375 6.7753
21.875 81.625 7.8888
21.875 81.875 7.2552
21.875 82.125 9.2536
21.875 82.375 7.8748
21.875 82.625 10.477
21.875 82.875 6.5406
21.875 83.125 7.8807
21.875 83.375 8.8573
21.875 83.625 15.454
21.875 83.875 12.4
21.875 84.125 11.19
21.875 84.375 11.466
21.875 84.625 22.215
21.875 84.875 19.833
21.875 85.125 19.367
21.875 85.375 16.585
21.875 85.625 9.732
21.875 85.875 20.062
21.875 86.125 9.5731
21.875 86.375 12.216
21.875 86.625 33.506
21.875 86.875 32.981
21.875 87.125 20.359
21.875 87.375 21.962
21.875 87.625 22.278
21.875 87.875 22.419
21.875 88.375 16.652
21.875 88.625 17.407
21.875 88.875 17.793
22.125 69.125 1.0702
22.125 69.375 0.62288
22.125 69.625 0.27471
22.125 69.875 0.32394
22.125 70.125 0.37706
22.125 70.375 0.50935
22.125 70.625 0.92442
22.125 70.875 1.4096
22.125 71.125 0.12995
22.125 71.375 0.6206
22.125 71.625 2.1946
22.125 71.875 0.632
22.125 72.125 1.9314
22.125 72.625 7.3863
22.125 72.875 2.7784
22.125 73.125 2.1803
22.125 73.375 4.4117
22.125 73.625 4.0604
22.125 73.875 2.8059
22.125 74.125 1.7133
22.125 74.375 0.61798
22.125 74.625 0.51566
22.125 74.875 2.1413
22.125 75.125 2.3258
22.125 75.375 1.7795
22.125 75.625 2.0161
22.125 75.875 1.9463
22.125 76.125 1.2603
22.125 76.375 3.0285
22.125 76.625 4.383
22.125 76.875 5.6363
22.125 77.125 6.9952
22.125 77.375 7.7691
22.125 77.625 5.316
22.125 77.875 10.618
22.125 78.125 16.535
22.125 78.375 14.047
22.125 78.625 12.254
22.125 78.875 9.0413
22.125 79.125 8.2941
22.125 79.375 7.3094
22.125 79.625 9.5421
22.125 79.875 15.268
22.125 80.125 18.976
22.125 80.375 21.777
22.125 80.625 23.189
22.125 80.875 16.803
22.125 81.125 7.197
22.125 81.375 9.3822
22.125 81.625 6.5484
22.125 81.875 9.8085
22.125 82.125 8.9624
22.125 82.375 11.875
22.125 82.625 6.7809
22.125 82.875 9.5916
22.125 83.125 7.1084
22.125 83.375 7.6371
22.125 83.625 15.603
22.125 83.875 10.253
22.125 84.125 10.308
22.125 84.375 15.813
22.125 84.625 14.158
22.125 84.875 13.589
22.125 85.125 19.308
22.125 85.375 14.801
22.125 85.625 16.41
22.125 85.875 20.822
22.125 86.125 20.874
22.125 86.375 34.243
22.125 86.625 28.616
22.125 86.875 24.182
22.125 87.125 24.049
22.125 87.375 24.988
22.125 87.625 24.485
22.125 87.875 20.677
22.125 88.125 19.596
22.125 88.375 16.471
22.125 92.875 41.422
22.375 69.125 1.5345
22.375 69.875 0.51541
22.375 70.125 0.47526
22.375 70.375 0.23606
22.375 70.625 0.83812
22.375 70.875 1.0941
22.375 71.125 0.91803
22.375 71.375 1.1571
22.375 71.625 0.53376
22.375 71.875 2.1352
22.375 72.125 5.5252
22.375 72.625 8.5211
22.375 72.875 1.4129
22.375 73.125 5.4625
22.375 73.375 5.1931
22.375 73.625 9.7967
22.375 73.875 5.9699
22.375 74.125 1.6015
22.375 74.375 1.5505
22.375 74.625 1.0639
22.375 74.875 1.7648
22.375 75.125 2.5639
22.375 75.375 3.025
22.375 75.625 2.3068
22.375 75.875 5.1092
22.375 76.125 4.1256
22.375 76.375 4.2898
22.375 76.625 7.6045
22.375 76.875 6.8114
22.375 77.125 7.6066
22.375 77.375 5.199
22.375 77.625 5.3021
22.375 77.875 15.23
22.375 78.125 21.761
22.375 78.375 19.823
22.375 78.625 11.463
22.375 78.875 12.041
22.375 79.125 12.746
22.375 79.375 12.976
22.375 79.625 10.002
22.375 79.875 17.562
22.375 80.125 19.079
22.375 80.375 25.751
22.375 80.625 23.036
22.375 80.875 21.391
22.375 81.125 21.637
22.375 81.375 10.059
22.375 81.625 8.4556
22.375 81.875 9.6066
22.375 82.125 8.4815
22.375 82.375 9.0552
22.375 82.625 5.3964
22.375 82.875 5.4341
22.375 83.125 5.6638
22.375 83.375 4.2506
22.375 83.625 3.5361
22.375 83.875 8.5457
22.375 84.125 10.21
22.375 84.375 14.676
22.375 84.625 8.0702
22.375 84.875 14.684
22.375 85.125 18.885
22.375 85.375 19.172
22.375 85.625 17.631
22.375 85.875 23.402
22.375 86.125 24.198
22.375 86.375 20.712
22.375 86.625 23.428
22.375 86.875 24.087
22.375 87.125 24.041
22.375 87.375 20.009
22.375 87.625 20.95
22.375 87.875 20.657
22.375 88.125 17.331
22.375 88.375 17.371
22.375 88.625 17.73
22.375 88.875 17.574
22.375 92.875 65.6
22.625 70.375 0.67725
22.625 70.625 2.2705
22.625 70.875 0.82168
22.625 71.125 0.9658
22.625 71.375 0.91631
22.625 71.625 0.85064
22.625 71.875 0.6015
22.625 72.125 2.6047
22.625 72.375 5.5107
22.625 72.625 13.636
22.625 72.875 1.3447
22.625 73.125 1.5687
22.625 73.375 6.7035
22.625 73.625 1.4439
22.625 73.875 1.6153
22.625 74.125 1.9201
22.625 74.375 2.9394
22.625 74.625 2.3422
22.625 74.875 2.8058
22.625 75.125 1.9081
22.625 75.375 2.5486
22.625 75.625 1.582
22.625 75.875 4.0077
22.625 76.125 3.1732
22.625 76.375 4.3819
22.625 76.625 7.0387
22.625 76.875 8.8373
22.625 77.125 6.1823
22.625 77.375 4.2713
22.625 77.625 5.0905
22.625 77.875 11.865
22.625 78.125 16.012
22.625 78.375 13.426
22.625 78.625 14.102
22.625 78.875 11.776
22.625 79.125 12.731
22.625 79.375 14.594
22.625 79.625 15.311
22.625 79.875 16.781
22.625 80.125 15.129
22.625 80.375 13.98
22.625 80.625 14.974
22.625 80.875 12.787
22.625 81.125 10.864
22.625 81.375 11.53
22.625 81.625 13.721
22.625 81.875 8.8225
22.625 82.125 7.9664
22.625 82.375 6.2867
22.625 82.625 4.328
22.625 82.875 5.602
22.625 83.125 4.0866
22.625 83.375 12.439
22.625 83.625 7.3445
22.625 83.875 4.8069
22.625 84.125 13.808
22.625 84.375 11.856
22.625 84.625 7.7019
22.625 84.875 12.456
22.625 85.125 19.405
22.625 85.375 24.239
22.625 85.625 28.721
22.625 85.875 23.982
22.625 86.125 19.933
22.625 86.375 20.771
22.625 86.625 21.634
22.625 86.875 23.048
22.625 87.125 23.607
22.625 87.375 20.201
22.625 87.625 21.531
22.625 87.875 21.406
22.625 88.125 26.875
22.625 88.375 21.612
22.625 88.625 19.401
22.625 88.875 17.799
22.625 92.625 29.243
22.625 92.875 54.924
22.875 69.375 4.129
22.875 69.625 7.5864
22.875 69.875 7.527
22.875 70.625 1.8252
22.875 70.875 1.0202
22.875 71.125 0.6058
22.875 71.375 0.37224
22.875 71.625 0.55773
22.875 71.875 1.2607
22.875 72.125 0.55833
22.875 72.375 4.138
22.875 72.625 8.4963
22.875 72.875 2.2994
22.875 73.125 5.5077
22.875 73.375 5.3639
22.875 73.625 1.4488
22.875 73.875 0.84609
22.875 74.125 2.142
22.875 74.375 2.1527
22.875 74.625 2.1535
22.875 74.875 2.5251
22.875 75.125 1.5544
22.875 75.375 3.3762
22.875 75.625 2.5658
22.875 75.875 2.6602
22.875 76.125 2.2829
22.875 76.375 2.4068
22.875 76.625 5.7169
22.875 76.875 5.5458
22.875 77.125 8.2433
22.875 77.375 2.7594
22.875 77.625 7.7522
22.875 77.875 9.6702
22.875 78.125 9.5091
22.875 78.375 11.49
22.875 78.625 13.021
22.875 78.875 12.117
22.875 79.125 13.283
22.875 79.375 12.602
22.875 79.625 13.937
22.875 79.875 11.722
22.875 80.125 17.102
22.875 80.375 14.314
22.875 80.625 17.939
22.875 80.875 20.04
22.875 81.125 20.207
22.875 81.375 15.298
22.875 81.625 13.567
22.875 81.875 8.4771
22.875 82.125 6.7081
22.875 82.375 8.1417
22.875 82.625 4.9591
22.875 82.875 5.7179
22.875 83.125 2.0588
22.875 83.375 5.1818
22.875 83.625 8.7692
22.875 83.875 5.9519
22.875 84.125 8.407
22.875 84.375 16.463
22.875 84.625 22.142
22.875 84.875 20.993
22.875 85.125 20.611
22.875 85.375 14.176
22.875 85.625 27.521
22.875 85.875 24.642
22.875 86.125 22.577
22.875 86.375 15.899
22.875 86.625 17.789
22.875 86.875 17.499
22.875 87.125 21.377
22.875 87.375 20.232
22.875 87.625 18.524
22.875 87.875 18.821
22.875 88.125 21.613
22.875 88.375 19.498
22.875 88.625 18.706
22.875 92.625 25.371
22.875 92.875 37.987
23.125 68.875 0.23456
23.125 69.125 0.38361
23.125 69.375 0.43237
23.125 69.625 0.45782
23.125 69.875 0.59579
23.125 70.125 0.59657
23.125 70.875 0.77078
23.125 71.125 0.83085
23.125 71.375 0.39879
23.125 71.625 0.34629
23.125 71.875 0.45781
23.125 72.125 6.9701
23.125 72.375 1.2602
23.125 72.625 4.2266
23.125 72.875 1.9411
23.125 73.125 0.93908
23.125 73.375 4.2542
23.125 73.625 4.6152
23.125 73.875 0.84341
23.125 74.125 1.1957
23.125 74.375 1.2058
23.125 74.625 1.4311
23.125 74.875 2.5946
23.125 75.125 2.1228
23.125 75.375 0.90589
23.125 75.625 1.6387
23.125 75.875 2.8031
23.125 76.125 2.9495
23.125 76.375 4.962
23.125 76.625 5.1687
23.125 76.875 6.2252
23.125 77.125 7.1576
23.125 77.375 6.4884
23.125 77.625 8.6559
23.125 77.875 9.7694
23.125 78.125 8.9305
23.125 78.375 8.9661
23.125 78.625 8.0347
23.125 78.875 11.486
23.125 79.125 14.041
23.125 79.375 12.215
23.125 79.625 12.341
23.125 79.875 15.088
23.125 80.125 14.832
23.125 80.375 16.398
23.125 80.625 13.877
23.125 80.875 23.015
23.125 81.125 21.711
23.125 81.375 17.538
23.125 81.625 10.228
23.125 81.875 7.324
23.125 82.125 10.562
23.125 82.375 8.1945
23.125 82.625 7.9699
23.125 82.875 5.6536
23.125 83.125 7.1496
23.125 83.375 10.002
23.125 83.625 16.232
23.125 83.875 12.481
23.125 84.125 15.648
23.125 84.375 14.333
23.125 84.625 12.039
23.125 84.875 19.697
23.125 85.125 19.501
23.125 85.375 27.376
23.125 85.625 22.759
23.125 85.875 19.742
23.125 86.125 24.429
23.125 86.375 14.849
23.125 86.625 16.49
23.125 86.875 17.431
23.125 87.125 25.418
23.125 87.375 17.704
23.125 87.625 15.32
23.125 87.875 9.5504
23.125 88.125 10.859
23.125 88.375 15.489
23.125 88.625 14.576
23.125 91.625 28.333
23.125 92.625 16.136
23.125 92.875 29.649
23.125 93.125 36.34
23.375 68.875 0.32598
23.375 69.125 0.3764
23.375 69.375 0.48687
23.375 69.625 0.42007
23.375 69.875 0.48117
23.375 70.125 0.90152
23.375 70.375 1.6038
23.375 70.625 1.789
23.375 70.875 2.5285
23.375 71.125 1.4713
23.375 71.375 0.45682
23.375 71.625 0.28661
23.375 71.875 2.0584
23.375 72.125 1.4667
23.375 72.375 1.5386
23.375 72.625 1.7949
23.375 72.875 1.9776
23.375 73.125 1.9849
23.375 73.375 1.9848
23.375 73.625 0.98701
23.375 73.875 1.3251
23.375 74.125 1.504
23.375 74.375 3.0052
23.375 74.625 2.5827
23.375 74.875 2.9996
23.375 75.125 2.6574
23.375 75.375 2.7458
23.375 75.625 1.2227
23.375 75.875 3.6928
23.375 76.125 7.7848
23.375 76.375 6.7891
23.375 76.625 4.7838
23.375 76.875 3.8213
23.375 77.125 6.706
23.375 77.375 9.15
23.375 77.625 8.0825
23.375 77.875 10.049
23.375 78.125 11.225
23.375 78.375 8.376
23.375 78.625 9.5111
23.375 78.875 11.818
23.375 79.125 14.454
23.375 79.375 16.183
23.375 79.625 15.033
23.375 79.875 13.795
23.375 80.125 12.476
23.375 80.375 26.106
23.375 80.625 27.789
23.375 80.875 20.318
23.375 81.125 17.68
23.375 81.375 9.9478
23.375 81.625 8.9497
23.375 81.875 8.8037
23.375 82.125 10.36
23.375 82.375 13.858
23.375 82.625 16.555
23.375 82.875 8.3307
23.375 83.125 7.6428
23.375 83.375 10.276
23.375 83.625 13.468
23.375 83.875 13.523
23.375 84.125 11.865
23.375 84.375 14.779
23.375 84.625 11.805
23.375 84.875 16.692
23.375 85.125 20.694
23.375 85.375 23.22
23.375 85.625 24.155
23.375 85.875 23.812
23.375 86.125 11.506
23.375 86.375 14.156
23.375 86.625 14.231
23.375 86.875 16.29
23.375 87.125 17.359
23.375 87.375 19.165
23.375 87.625 8.6454
23.375 87.875 6.0412
23.375 88.125 6.1693
23.375 88.375 9.9313
23.375 88.625 10.954
23.375 91.375 23.302
23.375 91.625 8.2858
23.375 92.625 18.111
23.375 92.875 16.288
23.375 93.125 17.369
23.625 68.625 0.29812
23.625 68.875 0.2579
23.625 69.125 0.57526
23.625 69.375 0.64902
23.625 69.625 0.66782
23.625 69.875 0.77275
23.625 70.125 0.60594
23.625 70.375 1.1059
23.625 70.625 1.2867
23.625 70.875 2.0827
23.625 71.125 2.0451
23.625 71.375 2.7087
23.625 71.625 0.19461
23.625 71.875 0.2575
23.625 72.125 0.55228
23.625 72.375 0.37272
23.625 72.625 1.5263
23.625 72.875 1.7946
23.625 73.125 2.8244
23.625 73.375 1.7179
23.625 73.625 1.4251
23.625 73.875 3.1086
23.625 74.125 8.1883
23.625 74.375 6.7483
23.625 74.625 3.8989
23.625 74.875 2.3959
23.625 75.125 1.1136
23.625 75.375 5.9073
23.625 75.625 6.7023
23.625 75.875 10.1
23.625 76.125 9.7174
23.625 76.375 8.389
23.625 76.625 5.7255
23.625 76.875 1.4524
23.625 77.125 5.7609
23.625 77.375 6.0331
23.625 77.625 6.0608
23.625 77.875 9.0103
23.625 78.125 10.229
23.625 78.375 10.326
23.625 78.625 13.315
23.625 78.875 13.728
23.625 79.125 15.241
23.625 79.375 13.618
23.625 79.625 14.45
23.625 79.875 18.659
23.625 80.125 15.96
23.625 80.375 17.685
23.625 80.625 27.032
23.625 80.875 22.414
23.625 81.125 16.249
23.625 81.375 17.235
23.625 81.625 19.063
23.625 81.875 22.908
23.625 82.125 13.943
23.625 82.375 20.909
23.625 82.625 17.667
23.625 82.875 12.821
23.625 83.125 7.6304
23.625 83.375 7.8727
23.625 83.625 8.6539
23.625 83.875 7.8754
23.625 84.125 9.2758
23.625 84.375 10.749
23.625 84.625 16.298
23.625 84.875 20.046
23.625 85.125 18.691
23.625 85.375 22.921
23.625 85.625 22.304
23.625 85.875 12.214
23.625 86.125 3.2576
23.625 86.375 14.377
23.625 86.625 12.474
23.625 86.875 15.158
23.625 87.125 10.523
23.625 87.375 8.2277
23.625 87.625 17.418
23.625 87.875 5.1397
23.625 88.125 5.7547
23.625 88.375 7.0693
23.625 91.375 15.411
23.625 91.625 9.5715
23.625 91.875 11.77
23.625 92.375 13.009
23.625 92.625 18.549
23.625 92.875 14.318
23.625 93.125 10.696
23.875 68.875 0.43848
23.875 69.125 0.50548
23.875 69.375 0.52663
23.875 69.625 0.48817
23.875 69.875 0.47902
23.875 70.125 0.67745
23.875 70.375 0.74912
23.875 70.625 0.84266
23.875 70.875 1.1569
23.875 71.125 1.1948
23.875 71.375 1.9226
23.875 71.625 2.5533
23.875 71.875 1.3011
23.875 72.125 0.86189
23.875 72.375 0.94548
23.875 72.625 1.3695
23.875 72.875 2.6304
23.875 73.125 1.9799
23.875 73.375 2.8938
23.875 73.625 2.4713
23.875 73.875 5.6094
23.875 74.125 3.9095
23.875 74.375 5.9176
23.875 74.625 5.2962
23.875 74.875 4.1384
23.875 75.125 3.8138
23.875 75.375 6.7316
23.875 75.625 4.8823
23.875 75.875 9.6024
23.875 76.125 10.312
23.875 76.375 8.0117
23.875 76.625 7.1896
23.875 76.875 9.8281
23.875 77.125 13.901
23.875 77.375 9.3035
23.875 77.625 7.8024
23.875 77.875 9.467
23.875 78.125 10.565
23.875 78.375 10.17
23.875 78.625 10.372
23.875 78.875 13.421
23.875 79.125 18.113
23.875 79.375 14.565
23.875 79.625 16.541
23.875 79.875 25.765
23.875 80.125 22.802
23.875 80.375 20.699
23.875 80.625 21.257
23.875 80.875 14.542
23.875 81.125 11.754
23.875 81.375 16.943
23.875 81.625 18.6
23.875 81.875 10.949
23.875 82.125 9.5108
23.875 82.375 14.637
23.875 82.625 5.1857
23.875 82.875 4.632
23.875 83.125 5.5204
23.875 83.375 5.5057
23.875 83.625 6.2661
23.875 83.875 13.173
23.875 84.125 9.2517
23.875 84.375 12.774
23.875 84.625 10.907
23.875 84.875 11.251
23.875 85.125 6.7335
23.875 85.375 13.607
23.875 85.625 18.89
23.875 85.875 16.21
23.875 86.125 17.562
23.875 86.375 21.953
23.875 86.625 10.564
23.875 86.875 11.092
23.875 87.125 10.483
23.875 87.375 13.674
23.875 87.625 11.29
23.875 87.875 9.1852
23.875 88.125 7.2673
23.875 88.375 4.7918
23.875 91.375 24.761
23.875 91.625 22.374
23.875 91.875 10.743
23.875 92.125 10.933
23.875 92.375 14.962
23.875 92.625 15.074
23.875 92.875 11.906
23.875 93.125 5.4488
23.875 93.375 9.2319
24.125 68.875 0.42805
24.125 69.125 0.53155
24.125 69.375 0.58339
24.125 69.625 0.59733
24.125 69.875 0.58975
24.125 70.125 0.75818
24.125 70.375 0.94463
24.125 70.625 0.77656
24.125 70.875 0.78076
24.125 71.125 0.68542
24.125 71.375 0.25834
24.125 71.625 0.43873
24.125 71.875 0.7079
24.125 72.125 1.3265
24.125 72.375 1.2727
24.125 72.625 1.755
24.125 72.875 1.0896
24.125 73.125 1.9451
24.125 73.375 1.7243
24.125 73.625 3.6803
24.125 73.875 3.8255
24.125 74.125 4.2492
24.125 74.375 6.0305
24.125 74.625 7.3604
24.125 74.875 4.9107
24.125 75.125 1.1646
24.125 75.375 5.456
24.125 75.625 6.598
24.125 75.875 7.3986
24.125 76.125 6.7929
24.125 76.375 9.0484
24.125 76.625 11.788
24.125 76.875 10.602
24.125 77.125 8.9515
24.125 77.375 9.8442
24.125 77.625 6.7787
24.125 77.875 9.3427
24.125 78.125 9.8246
24.125 78.375 9.9731
24.125 78.625 9.96
24.125 78.875 16.458
24.125 79.125 16.84
24.125 79.375 23.089
24.125 79.625 18.477
24.125 79.875 27.747
24.125 80.125 28.798
24.125 80.375 22.479
24.125 80.625 26.049
24.125 80.875 17.522
24.125 81.125 7.9884
24.125 81.375 15.186
24.125 81.625 15.947
24.125 81.875 7.986
24.125 82.125 9.7493
24.125 82.375 8.948
24.125 82.625 4.9221
24.125 82.875 3.4776
24.125 83.125 4.3306
24.125 83.375 3.3189
24.125 83.625 3.851
24.125 83.875 9.996
24.125 84.125 9.0527
24.125 84.375 10.399
24.125 84.625 6.3059
24.125 84.875 6.6074
24.125 85.125 5.0313
24.125 85.375 9.0582
24.125 85.625 10.261
24.125 85.875 13.563
24.125 86.125 17.045
24.125 86.375 14.436
24.125 86.625 18.1
24.125 86.875 17.8
24.125 87.125 14.092
24.125 87.375 18.082
24.125 87.625 11.583
24.125 87.875 11.337
24.125 88.125 8.6425
24.125 88.375 6.5049
24.125 91.875 11.092
24.125 92.125 14.498
24.125 92.375 15.423
24.125 92.625 13.441
24.125 92.875 8.5879
24.125 93.125 3.2718
24.125 93.375 11.696
24.125 93.625 10.012
24.125 93.875 8.579
24.125 94.125 11.558
24.375 71.375 0.20449
24.375 71.625 0.45208
24.375 71.875 0.91079
24.375 72.125 0.95205
24.375 72.375 1.3135
24.375 72.625 2.4683
24.375 72.875 1.1064
24.375 73.125 1.1167
24.375 73.375 0.52154
24.375 73.625 0.93967
24.375 73.875 1.1662
24.375 74.125 1.3825
24.375 74.375 6.2227
24.375 74.625 3.9795
24.375 74.875 1.8262
24.375 75.125 1.9156
24.375 75.375 6.8158
24.375 75.625 6.3831
24.375 75.875 8.9281
24.375 76.125 1.8484
24.375 76.375 6.2147
24.375 76.625 8.5751
24.375 76.875 10.583
24.375 77.125 9.0831
24.375 77.375 8.1543
24.375 77.625 7.8625
24.375 77.875 9.2196
24.375 78.125 11.128
24.375 78.375 11.275
24.375 78.625 10.217
24.375 78.875 15.673
24.375 79.125 19.039
24.375 79.375 22.659
24.375 79.625 24.304
24.375 79.875 24.115
24.375 80.125 23.018
24.375 80.375 21.738
24.375 80.625 23.917
24.375 80.875 20.128
24.375 81.125 15.365
24.375 81.375 16.81
24.375 81.625 9.9555
24.375 81.875 9.1429
24.375 82.125 9.8893
24.375 82.375 10.018
24.375 82.625 9.1564
24.375 82.875 9.0772
24.375 83.125 12.823
24.375 83.375 9.1243
24.375 83.625 4.7948
24.375 83.875 9.9649
24.375 84.125 12.042
24.375 84.375 6.1442
24.375 84.625 11.188
24.375 84.875 9.3276
24.375 85.125 13.021
24.375 85.375 12.591
24.375 85.625 9.8482
24.375 85.875 8.1208
24.375 86.125 8.5625
24.375 86.375 7.579
24.375 86.625 16.588
24.375 86.875 15.353
24.375 87.125 13.77
24.375 87.375 4.2773
24.375 87.625 6.6689
24.375 87.875 8.9084
24.375 88.125 9.9058
24.375 92.375 15.764
24.375 92.625 10.869
24.375 92.875 11.201
24.375 93.125 2.3362
24.375 93.375 6.2758
24.375 93.625 8.2001
24.375 93.875 9.6244
24.375 94.125 8.6081
24.625 71.125 0.35678
24.625 71.375 0.22693
24.625 71.625 0.39808
24.625 71.875 0.4426
24.625 72.125 0.39327
24.625 72.375 0.74178
24.625 72.625 1.0643
24.625 72.875 0.72388
24.625 73.125 0.7761
24.625 73.375 0.88953
24.625 73.625 0.90405
24.625 73.875 0.73056
24.625 74.125 1.2926
24.625 74.375 3.2561
24.625 74.625 5.0499
24.625 74.875 3.016
24.625 75.125 2.447
24.625 75.375 4.2696
24.625 75.625 5.7363
24.625 75.875 6.0955
24.625 76.125 2.7921
24.625 76.375 6.4888
24.625 76.625 6.6779
24.625 76.875 8.6687
24.625 77.125 9.7059
24.625 77.375 9.496
24.625 77.625 7.095
24.625 77.875 12.648
24.625 78.125 14.43
24.625 78.375 15.577
24.625 78.625 13.871
24.625 78.875 16.389
24.625 79.125 20.723
24.625 79.375 24.214
24.625 79.625 27.466
24.625 79.875 26.154
24.625 80.125 22.38
24.625 80.375 14.169
24.625 80.625 15.55
24.625 80.875 12.513
24.625 81.125 11.874
24.625 81.375 22.507
24.625 81.625 23.19
24.625 81.875 22.085
24.625 82.125 10.715
24.625 82.375 10.789
24.625 82.625 17.476
24.625 82.875 18.788
24.625 83.125 7.5223
24.625 83.375 4.9971
24.625 83.625 10.077
24.625 83.875 9.3411
24.625 84.125 6.5758
24.625 84.375 7.4953
24.625 84.625 4.4671
24.625 84.875 8.4722
24.625 85.125 7.1031
24.625 85.375 9.2631
24.625 85.625 1.1274
24.625 85.875 7.6986
24.625 86.125 7.5184
24.625 86.375 15.845
24.625 86.625 17.547
24.625 86.875 16.756
24.625 87.125 3.5045
24.625 87.375 2.1279
24.625 87.625 6.7409
24.625 87.875 10.594
24.625 92.375 15.159
24.625 92.625 24.582
24.625 92.875 21.667
24.625 93.125 7.8874
24.625 93.375 8.1924
24.625 93.625 7.4966
24.625 93.875 10.91
24.625 94.125 8.7948
24.625 94.375 11.674
24.875 71.125 0.12015
24.875 71.375 0.12782
24.875 71.625 0.18022
24.875 71.875 0.17072
24.875 72.125 0.20034
24.875 72.375 0.30169
24.875 72.625 0.39784
24.875 72.875 0.33653
24.875 73.125 0.39422
24.875 73.375 0.6298
24.875 73.625 0.5889
24.875 73.875 1.0298
24.875 74.125 1.4685
24.875 74.375 2.4772
24.875 74.625 2.481
24.875 74.875 2.8294
24.875 75.125 1.9765
24.875 75.375 1.8181
24.875 75.625 1.8899
24.875 75.875 2.9932
24.875 76.125 1.7865
24.875 76.375 4.5617
24.875 76.625 7.1694
24.875 76.875 8.2767
24.875 77.125 12.716
24.875 77.375 19.057
24.875 77.625 8.5328
24.875 77.875 8.0398
24.875 78.125 13.426
24.875 78.375 12.45
24.875 78.625 10.21
24.875 78.875 21.39
24.875 79.125 22.082
24.875 79.375 23.333
24.875 79.625 23.959
24.875 79.875 25.535
24.875 80.125 24.119
24.875 80.375 17.204
24.875 80.625 15.522
24.875 80.875 14.931
24.875 81.125 14.848
24.875 81.375 14.38
24.875 81.625 9.6248
24.875 81.875 6.9315
24.875 82.125 7.0767
24.875 82.375 4.7024
24.875 82.625 7.9898
24.875 82.875 4.0562
24.875 83.125 5.9179
24.875 83.375 6.9222
24.875 83.625 6.2983
24.875 83.875 5.0223
24.875 84.125 10.135
24.875 84.375 2.9975
24.875 84.625 2.0024
24.875 84.875 5.4364
24.875 85.125 7.1257
24.875 85.375 3.7325
24.875 85.625 9.1606
24.875 85.875 7.8173
24.875 86.125 6.2222
24.875 86.375 11.587
24.875 86.625 13.706
24.875 86.875 4.8947
24.875 87.125 6.8492
24.875 87.375 7.0721
24.875 87.625 12.452
24.875 87.875 12.213
24.875 88.125 11.477
24.875 92.625 13.092
24.875 92.875 11.295
24.875 93.125 22.987
24.875 93.375 8.4539
24.875 93.625 10.806
24.875 93.875 20.524
24.875 94.125 10.069
24.875 94.375 11.329
25.125 71.125 0.074096
25.125 71.375 0.081942
25.125 71.625 0.11331
25.125 71.875 0.14771
25.125 72.125 0.21172
25.125 72.375 0.48915
25.125 72.625 0.39979
25.125 72.875 0.38314
25.125 73.125 0.42548
25.125 73.375 0.6638
25.125 73.625 0.8842
25.125 73.875 0.5138
25.125 74.125 0.68949
25.125 74.375 1.1392
25.125 74.625 1.8162
25.125 74.875 3.425
25.125 75.125 2.8268
25.125 75.375 4.3504
25.125 75.625 4.184
25.125 75.875 0.85188
25.125 76.125 1.4028
25.125 76.375 2.1712
25.125 76.625 7.1222
25.125 76.875 8.7246
25.125 77.125 11.026
25.125 77.375 7.7775
25.125 77.625 8.5454
25.125 77.875 9.1895
25.125 78.125 15.262
25.125 78.375 14.224
25.125 78.625 10.978
25.125 78.875 12.884
25.125 79.125 25.803
25.125 79.375 17.748
25.125 79.625 15.529
25.125 79.875 27.703
25.125 80.125 20.547
25.125 80.375 13.973
25.125 80.625 15.456
25.125 80.875 19.594
25.125 81.125 3.4118
25.125 81.375 10.757
25.125 81.625 0.79446
25.125 81.875 3.671
25.125 82.125 5.4921
25.125 82.375 10.276
25.125 82.625 20.995
25.125 82.875 5.7815
25.125 83.125 3.0321
25.125 83.375 4.7429
25.125 83.625 9.5634
25.125 83.875 8.516
25.125 84.125 8.9438
25.125 84.375 2.269
25.125 84.625 1.8064
25.125 84.875 2.6054
25.125 85.125 9.3473
25.125 85.375 3.2464
25.125 85.625 17.851
25.125 85.875 16.975
25.125 86.125 9.4377
25.125 86.375 21.889
25.125 86.625 19.91
25.125 86.875 14.948
25.125 87.125 11.467
25.125 87.375 11.419
25.125 87.625 13.163
25.125 87.875 14.677
25.125 88.125 10.98
25.125 88.375 10.579
25.125 92.375 22.838
25.125 92.625 25.204
25.125 92.875 22.204
25.125 93.125 12.029
25.125 93.375 10.279
25.125 93.625 11
25.125 93.875 9.9083
25.125 94.125 7.714
25.125 94.375 12.317
25.375 70.875 0.069856
25.375 71.125 0.096139
25.375 71.375 0.075429
25.375 71.625 0.1013
25.375 71.875 0.085287
25.375 72.125 0.20937
25.375 72.375 0.43475
25.375 72.625 0.43519
25.375 72.875 0.39693
25.375 73.125 0.49108
25.375 73.375 0.57723
25.375 73.625 0.7876
25.375 73.875 0.49667
25.375 74.125 0.49579
25.375 74.375 0.76587
25.375 74.625 1.3597
25.375 74.875 1.5549
25.375 75.125 1.5218
25.375 75.375 3.2515
25.375 75.625 7.1618
25.375 75.875 1.8384
25.375 76.125 2.0311
25.375 76.375 5.047
25.375 76.625 6.6787
25.375 76.875 8.0705
25.375 77.125 21.351
25.375 77.375 17.069
25.375 77.625 8.8823
25.375 77.875 8.7156
25.375 78.125 13.294
25.375 78.375 15.523
25.375 78.625 3.4307
25.375 78.875 1.1394
25.375 79.125 23.505
25.375 79.375 30.422
25.375 79.625 20.368
25.375 79.875 26.371
25.375 80.125 23.191
25.375 80.375 23.675
25.375 80.625 17.245
25.375 80.875 0.59615
25.375 81.125 1.3552
25.375 81.375 7.9251
25.375 81.625 9.824
25.375 81.875 2.311
25.375 82.125 0.41123
25.375 82.375 1.097
25.375 82.625 1.6751
25.375 82.875 3.1423
25.375 83.125 2.822
25.375 83.375 14.71
25.375 83.625 12.1
25.375 83.875 14.91
25.375 84.125 11.565
25.375 84.375 5.2358
25.375 84.625 4.5806
25.375 84.875 11.258
25.375 85.125 8.3156
25.375 85.375 2.3993
25.375 85.625 11.515
25.375 85.875 23.651
25.375 86.125 30.26
25.375 86.375 28.988
25.375 86.625 16.66
25.375 86.875 17.643
25.375 87.125 10.505
25.375 87.375 8.6745
25.375 87.625 15.594
25.375 87.875 13.413
25.375 88.125 11.768
25.375 88.375 12.02
25.375 88.625 12.694
25.375 90.125 14.903
25.375 90.375 6.9604
25.375 90.625 11.566
25.375 90.875 12.02
25.375 91.125 15.075
25.375 91.375 14.459
25.375 91.625 17.909
25.375 91.875 11.572
25.375 92.125 11.673
25.375 92.375 13.426
25.375 92.625 10.45
25.375 92.875 10.279
25.375 93.125 10.348
25.375 93.375 10.942
25.375 93.625 9.5183
25.375 93.875 13.624
25.375 94.125 12.157
25.375 94.375 17.443
25.625 70.875 0.15096
25.625 71.125 0.055932
25.625 71.375 0.046323
25.625 71.625 0.057022
25.625 71.875 0.084659
25.625 72.125 0.085421
25.625 72.375 0.12404
25.625 72.625 0.12867
25.625 72.875 0.22444
25.625 73.125 0.45832
25.625 73.375 0.43259
25.625 73.625 0.43382
25.625 73.875 0.40449
25.625 74.125 0.49662
25.625 74.375 0.46198
25.625 74.625 0.91603
25.625 74.875 2.1527
25.625 75.125 1.117
25.625 75.375 2.1688
25.625 75.625 10.5
25.625 75.875 4.7189
25.625 76.125 5.1739
25.625 76.375 4.4268
25.625 76.625 6.0807
25.625 76.875 11.431
25.625 77.125 16.314
25.625 77.375 14.762
25.625 77.625 9.4862
25.625 77.875 6.6283
25.625 78.125 12.355
25.625 78.375 11.422
25.625 78.625 6.8851
25.625 78.875 3.3422
25.625 79.125 23.494
25.625 79.375 33.852
25.625 79.625 31.963
25.625 79.875 32.015
25.625 80.125 20.684
25.625 80.375 18.616
25.625 80.625 1.2526
25.625 80.875 0.19878
25.625 81.125 6.9988
25.625 81.375 10.307
25.625 81.625 5.5868
25.625 81.875 5.8537
25.625 82.125 0.3747
25.625 82.375 9.8733
25.625 82.625 1.6843
25.625 82.875 1.9205
25.625 83.125 3.2863
25.625 83.375 10.892
25.625 83.625 12.223
25.625 83.875 4.3816
25.625 84.125 2.1299
25.625 84.375 2.1681
25.625 84.625 11.695
25.625 84.875 6.7606
25.625 85.125 4.2121
25.625 85.375 5.5468
25.625 85.625 9.6369
25.625 85.875 7.9537
25.625 86.125 9.5212
25.625 86.375 12.16
25.625 86.625 12.353
25.625 86.875 17.974
25.625 87.125 16.239
25.625 87.375 10.475
25.625 87.625 11.559
25.625 87.875 11.727
25.625 88.125 12.162
25.625 90.125 6.5847
25.625 90.375 6.7511
25.625 90.625 6.7006
25.625 90.875 11.013
25.625 91.125 17.09
25.625 91.375 22.104
25.625 91.625 20.506
25.625 91.875 18.594
25.625 92.125 13.639
25.625 92.375 14.353
25.625 92.625 7.6855
25.625 92.875 8.9695
25.625 93.125 9.5507
25.625 93.375 11.724
25.625 93.625 8.5585
25.625 93.875 21.747
25.625 94.125 27.684
25.625 94.375 28.923
25.625 94.625 34.485
25.625 94.875 51.083
25.875 70.375 0.15955
25.875 70.625 0.11437
25.875 70.875 0.09897
25.875 71.125 0.076133
25.875 71.375 0.041843
25.875 71.625 0.049286
25.875 71.875 0.079547
25.875 72.125 0.11207
25.875 72.375 0.090968
25.875 72.625 0.11459
25.875 72.875 0.12537
25.875 73.125 0.34727
25.875 73.375 0.4044
25.875 73.625 0.40261
25.875 73.875 0.41892
25.875 74.125 0.37207
25.875 74.375 0.56292
25.875 74.625 1.1904
25.875 74.875 0.91782
25.875 75.125 0.51834
25.875 75.375 0.73021
25.875 75.625 1.6747
25.875 75.875 4.3404
25.875 76.125 4.4272
25.875 76.375 7.6431
25.875 76.625 5.6605
25.875 76.875 5.4136
25.875 77.125 9.3684
25.875 77.375 9.1373
25.875 77.625 9.3634
25.875 77.875 5.1757
25.875 78.125 12.431
25.875 78.375 15.418
25.875 78.625 14.497
25.875 78.875 9.4103
25.875 79.125 19.731
25.875 79.375 17.316
25.875 79.625 9.9865
25.875 79.875 27.608
25.875 80.125 15.305
25.875 80.375 15.338
25.875 80.625 0.32775
25.875 80.875 0.075643
25.875 81.125 0.029608
25.875 81.375 18.402
25.875 81.625 5.6738
25.875 81.875 12.63
25.875 82.125 0.29428
25.875 82.375 2.7449
25.875 82.625 3.9043
25.875 82.875 17.581
25.875 83.125 1.2258
25.875 83.375 1.032
25.875 83.625 10.424
25.875 83.875 0.77407
25.875 84.125 16.918
25.875 84.375 1.8518
25.875 84.625 9.5016
25.875 84.875 2.4673
25.875 85.125 8.0056
25.875 85.375 5.8464
25.875 85.625 6.8871
25.875 85.875 8.8822
25.875 86.125 9.806
25.875 86.375 13.459
25.875 86.625 20.381
25.875 86.875 19.161
25.875 87.125 11.407
25.875 87.375 13.209
25.875 87.625 10.034
25.875 87.875 20.139
25.875 90.125 18.001
25.875 90.375 14.342
25.875 90.625 10.231
25.875 90.875 8.2193
25.875 91.125 8.8616
25.875 91.375 9.2456
25.875 91.625 14.499
25.875 91.875 11.017
25.875 92.125 12.879
25.875 92.375 13.783
25.875 92.625 10.779
25.875 92.875 9.4118
25.875 93.125 7.7051
25.875 93.375 8.7837
25.875 93.625 13.083
25.875 93.875 32.163
25.875 94.125 38.13
25.875 94.375 36.188
25.875 94.625 44.428
25.875 94.875 57.061
26.125 70.375 0.2707
26.125 70.625 0.22016
26.125 70.875 0.10249
26.125 71.125 0.014339
26.125 71.375 0.025974
26.125 71.625 0.042315
26.125 71.875 0.069178
26.125 72.125 0.10867
26.125 72.375 0.083912
26.125 72.625 0.093624
26.125 72.875 0.092703
26.125 73.125 0.11672
26.125 73.375 0.23549
26.125 73.625 0.32449
26.125 73.875 0.38428
26.125 74.125 0.33524
26.125 74.375 0.65913
26.125 74.625 0.39743
26.125 74.875 0.67081
26.125 75.125 1.9822
26.125 75.375 0.71762
26.125 75.625 0.78453
26.125 75.875 0.9123
26.125 76.125 1.2501
26.125 76.375 4.6528
26.125 76.625 6.3771
26.125 76.875 3.4326
26.125 77.125 9.0042
26.125 77.375 5.8757
26.125 77.625 7.1474
26.125 77.875 6.5693
26.125 78.125 10.537
26.125 78.375 24.068
26.125 78.625 16.114
26.125 78.875 15.389
26.125 79.125 21.754
26.125 79.375 27.304
26.125 79.625 0.67737
26.125 79.875 2.4585
26.125 80.125 17.442
26.125 80.375 9.7223
26.125 80.625 0.12331
26.125 80.875 20.836
26.125 81.125 10.768
26.125 81.375 0.30763
26.125 81.625 19.102
26.125 81.875 13.21
26.125 82.125 2.1207
26.125 82.375 0.48827
26.125 82.625 4.4662
26.125 82.875 11.651
26.125 83.125 1.0904
26.125 83.375 0.66303
26.125 83.625 0.65595
26.125 83.875 9.4213
26.125 84.125 14.968
26.125 84.375 2.6782
26.125 84.625 5.9227
26.125 84.875 1.9533
26.125 85.125 17.457
26.125 85.375 1.921
26.125 85.625 10.892
26.125 85.875 38.191
26.125 86.125 10.353
26.125 86.375 9.0522
26.125 86.625 14.599
26.125 86.875 17.813
26.125 87.125 11.613
26.125 87.375 15.363
26.125 87.625 27.405
26.125 87.875 27.954
26.125 88.125 27.088
26.125 89.375 12.496
26.125 89.875 16.882
26.125 90.125 11.41
26.125 90.375 15.849
26.125 90.625 11.174
26.125 90.875 9.763
26.125 91.125 12.195
26.125 91.375 10.487
26.125 91.625 9.6345
26.125 91.875 9.0072
26.125 92.125 11.46
26.125 92.375 10.273
26.125 92.625 7.3465
26.125 92.875 10.267
26.125 93.125 8.8364
26.125 93.375 11.624
26.125 93.625 11.735
26.125 93.875 41.544
26.125 94.125 38.408
26.125 94.375 36.167
26.125 94.625 40.039
26.125 94.875 47.411
26.375 70.375 0.63823
26.375 70.625 0.11748
26.375 70.875 0.23337
26.375 71.125 0.030704
26.375 71.375 0.053998
26.375 71.625 0.084287
26.375 71.875 0.091546
26.375 72.125 0.086995
26.375 72.375 0.089941
26.375 72.625 0.085723
26.375 72.875 0.081297
26.375 73.125 0.093871
26.375 73.375 0.13732
26.375 73.625 0.27893
26.375 73.875 0.33289
26.375 74.125 0.42387
26.375 74.375 0.75761
26.375 74.625 0.026205
26.375 74.875 0.32126
26.375 75.125 0.79089
26.375 75.375 1.2704
26.375 75.625 0.81203
26.375 75.875 1.7191
26.375 76.125 3.0881
26.375 76.375 3.0275
26.375 76.625 5.0312
26.375 76.875 4.0255
26.375 77.125 4.3525
26.375 77.375 10.298
26.375 77.625 8.7788
26.375 77.875 3.06
26.375 78.125 6.7044
26.375 78.375 6.0984
26.375 78.625 13.93
26.375 78.875 14.681
26.375 79.125 20.216
26.375 79.375 0.31983
26.375 79.625 0.084738
26.375 79.875 24.851
26.375 80.125 32.256
26.375 80.375 7.3099
26.375 80.625 2.6677
26.375 80.875 13.036
26.375 81.125 3.6298
26.375 81.375 0.07813
26.375 81.625 0.092587
26.375 81.875 0.81565
26.375 82.125 1.9902
26.375 82.375 7.9496
26.375 82.625 3.6213
26.375 82.875 20.285
26.375 83.125 8.9816
26.375 83.375 0.2492
26.375 83.625 5.73
26.375 83.875 9.954
26.375 84.125 14.149
26.375 84.375 10.682
26.375 84.625 5.3617
26.375 84.875 2.3499
26.375 85.125 4.4804
26.375 85.375 3.3409
26.375 85.625 4.7555
26.375 85.875 10.585
26.375 86.125 11.638
26.375 86.375 4.3855
26.375 86.625 7.6854
26.375 86.875 18.375
26.375 87.125 14.807
26.375 87.625 22.661
26.375 87.875 27.241
26.375 88.125 28.128
26.375 88.375 26.809
26.375 88.875 11.246
26.375 89.375 20.029
26.375 89.625 15.588
26.375 89.875 21.208
26.375 90.125 20.854
26.375 90.375 16.409
26.375 90.625 17.616
26.375 90.875 11.68
26.375 91.125 9.8675
26.375 91.375 12.309
26.375 91.625 9.8752
26.375 91.875 10.315
26.375 92.125 20.511
26.375 92.375 19.354
26.375 92.625 19.946
26.375 92.875 13.888
26.375 93.125 12.093
26.375 93.375 12.742
26.375 93.625 9.3498
26.375 93.875 38.703
26.375 94.125 38.135
26.375 94.375 25.317
26.375 94.625 26.646
26.375 94.875 30.101
26.625 69.875 0.20859
26.625 70.125 0.52512
26.625 70.375 0.55271
26.625 70.625 0.24394
26.625 70.875 0.26011
26.625 71.125 0.23888
26.625 71.375 0.21402
26.625 71.625 0.11646
26.625 71.875 0.10671
26.625 72.125 0.045632
26.625 72.375 0.044175
26.625 72.625 0.043902
26.625 72.875 0.072337
26.625 73.125 0.10536
26.625 73.375 0.12028
26.625 73.625 0.27314
26.625 73.875 0.34231
26.625 74.125 0.41334
26.625 74.375 0.49268
26.625 74.625 0.30948
26.625 74.875 1.0032
26.625 75.125 0.4394
26.625 75.375 1.4236
26.625 75.625 1.5661
26.625 75.875 1.0909
26.625 76.125 4.5935
26.625 76.375 3.6843
26.625 76.625 2.1074
26.625 76.875 2.8971
26.625 77.125 6.5736
26.625 77.375 9.4969
26.625 77.625 8.9732
26.625 77.875 0.8167
26.625 78.125 3.5377
26.625 78.375 14.67
26.625 78.625 15.707
26.625 78.875 4.8543
26.625 79.125 0.15796
26.625 79.375 3.8051
26.625 79.625 24.5
26.625 79.875 11.435
26.625 80.125 2.2217
26.625 80.375 30.726
26.625 80.625 9.4333
26.625 80.875 17.457
26.625 81.125 19.599
26.625 81.375 6.1957
26.625 81.625 3.6245
26.625 81.875 22.657
26.625 82.125 6.19
26.625 82.375 23.572
26.625 82.625 0.44922
26.625 82.875 25.514
26.625 83.125 24.672
26.625 83.375 0.40488
26.625 83.625 0.31356
26.625 83.875 1.7038
26.625 84.125 23.693
26.625 84.375 13.867
26.625 84.625 9.207
26.625 84.875 2.6761
26.625 85.125 10.792
26.625 85.375 4.4516
26.625 85.625 3.7124
26.625 86.125 4.1673
26.625 88.375 24.08
26.625 88.625 10.213
26.625 88.875 10.959
26.625 89.125 10.756
26.625 89.375 9.9128
26.625 89.625 8.9258
26.625 89.875 14.815
26.625 90.125 20.011
26.625 90.375 14.908
26.625 90.625 20.756
26.625 90.875 13.556
26.625 91.125 13.047
26.625 91.375 15.814
26.625 91.625 8.6751
26.625 91.875 12.48
26.625 92.125 11.386
26.625 92.375 13.916
26.625 92.625 20.526
26.625 92.875 22.898
26.625 93.125 22.489
26.625 93.375 13.228
26.625 93.625 21.93
26.625 93.875 12.602
26.625 94.125 14.067
26.625 94.375 13.227
26.625 94.625 22.488
26.625 94.875 27.628
26.625 95.125 21.602
26.875 69.625 0.21747
26.875 69.875 0.56797
26.875 70.125 0.053852
26.875 70.375 0.51666
26.875 70.625 0.18891
26.875 70.875 0.27304
26.875 71.125 0.31693
26.875 71.375 0.34054
26.875 71.625 0.23289
26.875 71.875 0.46089
26.875 72.125 0.12799
26.875 72.375 0.13219
26.875 72.625 0.50051
26.875 72.875 0.79026
26.875 73.125 0.233
26.875 73.375 0.15241
26.875 73.625 0.25148
26.875 73.875 0.30383
26.875 74.125 0.75234
26.875 74.375 0.65731
26.875 74.625 0.72775
26.875 74.875 3.2159
26.875 75.125 0.9651
26.875 75.375 2.2345
26.875 75.625 1.4807
26.875 75.875 1.6523
26.875 76.125 6.4704
26.875 76.375 3.2409
26.875 76.625 1.2542
26.875 76.875 4.5999
26.875 77.125 4.5203
26.875 77.375 1.2136
26.875 77.625 4.048
26.875 77.875 3.2813
26.875 78.125 1.9539
26.875 78.375 5.495
26.875 78.625 9.3721
26.875 78.875 4.3336
26.875 79.125 23.194
26.875 79.375 23.838
26.875 79.625 33.412
26.875 79.875 25.171
26.875 80.125 5.7912
26.875 80.375 19.65
26.875 80.625 32.288
26.875 80.875 22.081
26.875 81.125 26.409
26.875 81.375 22.926
26.875 81.625 4.5991
26.875 81.875 17.922
26.875 82.125 22.786
26.875 82.375 1.1022
26.875 82.625 2.7428
26.875 82.875 12.29
26.875 83.125 16.353
26.875 83.375 0.73273
26.875 83.625 0.17902
26.875 83.875 2.351
26.875 84.125 24.232
26.875 84.375 21.964
26.875 84.625 21.031
26.875 84.875 11.818
26.875 88.375 33.812
26.875 88.625 10.746
26.875 88.875 15.032
26.875 92.375 11.522
26.875 92.625 21.899
26.875 92.875 19.482
26.875 93.125 20.564
26.875 93.375 13.079
26.875 93.625 13.323
26.875 93.875 10.594
26.875 94.125 10.55
26.875 94.375 7.1485
26.875 94.625 9.8339
26.875 94.875 22.511
26.875 95.125 24.234
26.875 95.375 24.07
26.875 95.625 36.853
27.125 69.875 0.59417
27.125 70.125 0.47465
27.125 70.375 0.66814
27.125 70.625 0.08327
27.125 70.875 0.19648
27.125 71.125 0.41294
27.125 71.375 0.23958
27.125 71.625 0.31881
27.125 71.875 0.26807
27.125 72.125 0.10716
27.125 72.375 0.13738
27.125 72.625 0.19338
27.125 72.875 0.36428
27.125 73.125 0.67722
27.125 73.375 0.56098
27.125 73.625 0.18862
27.125 73.875 0.22875
27.125 74.125 0.23554
27.125 74.375 0.38405
27.125 74.625 1.1751
27.125 74.875 0.97758
27.125 75.125 0.53136
27.125 75.375 2.0322
27.125 75.625 4.9022
27.125 75.875 3.4376
27.125 76.125 3.2341
27.125 76.375 2.6876
27.125 76.625 2.1278
27.125 76.875 7.0093
27.125 77.125 5.4413
27.125 77.375 1.6728
27.125 77.625 7.0081
27.125 77.875 1.225
27.125 78.125 11.518
27.125 78.375 6.5535
27.125 78.625 0.56718
27.125 78.875 6.4171
27.125 79.125 30.944
27.125 79.375 4.7162
27.125 79.625 11.127
27.125 79.875 27.547
27.125 80.125 26.25
27.125 80.375 35.351
27.125 80.625 10.535
27.125 80.875 1.6997
27.125 81.125 37.528
27.125 81.375 35.573
27.125 81.625 25.273
27.125 81.875 27.623
27.125 82.125 16.863
27.125 82.375 1.3431
27.125 82.625 26.96
27.125 82.875 15.983
27.125 83.125 13.241
27.125 83.375 14.421
27.125 83.625 18.533
27.125 83.875 17.63
27.125 84.125 9.9072
27.125 84.375 16.46
27.125 84.625 17.915
27.125 88.125 20.399
27.125 88.375 18.207
27.125 88.625 16.239
27.125 92.125 38.953
27.125 92.375 34.241
27.125 92.625 21.744
27.125 92.875 23.626
27.125 93.125 12.199
27.125 93.375 16.78
27.125 93.625 16.624
27.125 93.875 24.173
27.125 94.125 21.886
27.125 94.375 18.472
27.125 94.625 8.5351
27.125 94.875 9.5742
27.125 95.125 10.637
27.125 95.375 19.586
27.125 95.625 24.584
27.125 95.875 25.16
27.375 70.125 0.77622
27.375 70.375 0.66811
27.375 70.625 0.18736
27.375 70.875 0.18163
27.375 71.125 0.24811
27.375 71.375 0.61958
27.375 71.625 1.0039
27.375 71.875 1.3438
27.375 72.125 0.34104
27.375 72.375 0.22217
27.375 72.625 0.12188
27.375 72.875 0.22615
27.375 73.125 0.5207
27.375 73.375 0.64861
27.375 73.625 0.52555
27.375 73.875 0.20155
27.375 74.125 0.18215
27.375 74.375 0.1733
27.375 74.625 0.54115
27.375 74.875 0.75105
27.375 75.125 1.1286
27.375 75.375 1.4368
27.375 75.625 4.5827
27.375 75.875 3.1944
27.375 76.125 1.8896
27.375 76.375 1.9307
27.375 76.625 1.8413
27.375 76.875 5.0415
27.375 77.125 2.8352
27.375 77.375 0.27663
27.375 77.625 1.4589
27.375 77.875 3.9838
27.375 78.125 8.6898
27.375 78.375 3.3892
27.375 78.625 6.6716
27.375 78.875 33.249
27.375 79.125 39.951
27.375 79.375 1.3975
27.375 79.625 0.46667
27.375 79.875 29.974
27.375 80.125 5.8298
27.375 80.375 6.2355
27.375 80.625 1.2673
27.375 80.875 0.51537
27.375 81.125 31.417
27.375 81.375 33.657
27.375 81.625 5.1625
27.375 81.875 27.283
27.375 82.125 30.388
27.375 82.375 15.273
27.375 82.625 23.876
27.375 82.875 13.644
27.375 83.125 12.71
27.375 83.625 20.379
27.375 84.125 17.056
27.375 84.375 14.561
27.375 88.125 51.815
27.375 88.375 24.553
27.375 88.625 18.251
27.375 92.125 60.749
27.375 92.375 69.165
27.375 92.625 60.978
27.375 92.875 28.945
27.375 93.125 20.166
27.375 93.375 37.874
27.375 93.625 55.784
27.375 93.875 37.507
27.375 94.125 31.158
27.375 94.375 9.3496
27.375 94.625 6.5887
27.375 94.875 20.578
27.375 95.125 8.8921
27.375 95.375 9.6252
27.375 95.625 16.028
27.375 95.875 15.205
27.375 96.125 12.865
27.375 96.375 9.2953
27.375 96.625 11.207
27.375 96.875 33.711
27.625 70.125 0.76973
27.625 70.375 0.76253
27.625 70.625 0.56158
27.625 70.875 0.11135
27.625 71.125 0.82436
27.625 71.375 0.2339
27.625 71.625 0.29149
27.625 71.875 0.57697
27.625 72.125 1.5036
27.625 72.375 1.2889
27.625 72.625 0.028765
27.625 72.875 0.097125
27.625 73.125 0.080691
27.625 73.375 0.49968
27.625 73.625 1.0043
27.625 73.875 0.18439
27.625 74.125 1.3868
27.625 74.375 1.5649
27.625 74.625 1.6535
27.625 74.875 2.8154
27.625 75.125 2.0222
27.625 75.375 2.3624
27.625 75.625 2.3259
27.625 75.875 1.0025
27.625 76.125 1.3072
27.625 76.375 1.7598
27.625 76.625 4.6223
27.625 76.875 4.6516
27.625 77.125 0.22718
27.625 77.375 0.23714
27.625 77.625 0.13791
27.625 77.875 1.5401
27.625 78.125 19.649
27.625 78.375 11.625
27.625 78.625 1.9642
27.625 78.875 29.303
27.625 79.125 18.316
27.625 79.375 0.71627
27.625 79.625 1.9758
27.625 79.875 25.002
27.625 80.125 22.755
27.625 80.375 9.1901
27.625 80.625 3.2296
27.625 80.875 6.9968
27.625 81.125 30.694
27.625 81.375 22.709
27.625 81.625 18.557
27.625 81.875 23.182
27.625 82.125 21.223
27.625 82.375 14.574
27.625 82.625 21.691
27.625 88.375 42.77
27.625 88.625 34.871
27.625 91.625 15.897
27.625 91.875 29.305
27.625 92.125 43.391
27.625 92.375 80.636
27.625 92.625 83.123
27.625 92.875 40.833
27.625 93.125 22.681
27.625 93.375 34.782
27.625 93.625 45.957
27.625 93.875 21.703
27.625 94.125 25.099
27.625 94.375 13.695
27.625 94.625 6.2781
27.625 94.875 13.944
27.625 95.125 13.33
27.625 95.375 19.416
27.625 95.625 9.6482
27.625 95.875 9.8343
27.625 96.125 5.5907
27.625 96.375 6.1123
27.625 96.625 17.6
27.625 96.875 29.519
27.875 70.375 0.77501
27.875 71.875 0.87148
27.875 72.125 0.44383
27.875 72.375 0.23753
27.875 72.625 0.24335
27.875 72.875 1.3887
27.875 73.125 0.25553
27.875 73.375 0.24424
27.875 73.625 1.2123
27.875 73.875 2.1364
27.875 74.125 1.3113
27.875 74.375 1.0619
27.875 74.625 2.1251
27.875 74.875 1.7505
27.875 75.125 1.4765
27.875 75.375 2.5843
27.875 75.625 2.3923
27.875 75.875 0.80963
27.875 76.125 1.1258
27.875 76.375 3.0587
27.875 76.625 1.3999
27.875 76.875 1.3526
27.875 77.125 1.0024
27.875 77.375 0.13422
27.875 77.625 0.12851
27.875 77.875 3.6102
27.875 78.125 14.283
27.875 78.375 27.495
27.875 78.625 22.809
27.875 78.875 17.917
27.875 79.125 4.6673
27.875 79.375 22.389
27.875 79.625 37.418
27.875 79.875 30.928
27.875 80.125 27.113
27.875 80.375 17.82
27.875 80.625 10.069
27.875 80.875 5.1569
27.875 81.125 18.227
27.875 81.375 24.505
27.875 81.625 23.623
27.875 88.375 36.657
27.875 88.625 30.724
27.875 92.875 75.609
27.875 93.125 35.199
27.875 93.375 27.823
27.875 93.625 12.322
27.875 93.875 16.069
27.875 94.125 13.025
27.875 94.375 20.283
27.875 94.625 20.956
27.875 94.875 17.175
27.875 95.125 11.91
27.875 95.375 9.3569
27.875 95.625 8.3043
27.875 95.875 1.885
27.875 96.125 2.1877
27.875 96.375 1.2484
27.875 96.625 12.837
27.875 96.875 6.6507
27.875 97.125 31.871
28.125 72.125 0.1932
28.125 72.375 0.29926
28.125 72.625 0.33015
28.125 72.875 0.63835
28.125 73.125 0.57352
28.125 73.375 0.39296
28.125 73.625 1.1679
28.125 73.875 1.1628
28.125 74.125 0.62721
28.125 74.375 0.97057
28.125 74.625 1.3374
28.125 74.875 1.1246
28.125 75.125 1.4889
28.125 75.375 2.4774
28.125 75.625 1.3279
28.125 75.875 1.0653
28.125 76.125 1.7364
28.125 76.375 1.2346
28.125 76.625 2.7022
28.125 76.875 5.1849
28.125 77.125 3.1349
28.125 77.375 0.76509
28.125 77.625 0.43253
28.125 77.875 6.572
28.125 78.125 20.166
28.125 78.375 24.161
28.125 78.625 13.929
28.125 78.875 35.999
28.125 79.125 34.572
28.125 79.375 9.2861
28.125 79.625 21.505
28.125 79.875 41.035
28.125 80.125 21.139
28.125 80.375 23.548
28.125 80.625 26.224
28.125 80.875 19.357
28.125 81.125 22.563
28.125 81.375 22.192
28.125 92.875 83.798
28.125 93.125 32.668
28.125 93.375 13.459
28.125 93.625 8.7003
28.125 93.875 17.547
28.125 94.125 15.879
28.125 94.375 27.877
28.125 94.625 18.67
28.125 94.875 21.865
28.125 95.125 21.68
28.125 95.375 19.138
28.125 95.625 12.527
28.125 95.875 6.0061
28.125 96.125 2.2044
28.125 96.375 2.5002
28.125 96.625 3.3011
28.125 96.875 6.8014
28.125 97.125 9.3513
28.375 72.375 0.17977
28.375 72.625 0.31299
28.375 72.875 0.30829
28.375 73.125 1.1324
28.375 73.375 0.80712
28.375 73.625 0.37574
28.375 73.875 1.065
28.375 74.125 1.1761
28.375 74.375 0.45177
28.375 74.625 0.74187
28.375 74.875 0.99692
28.375 75.125 0.85715
28.375 75.375 1.3203
28.375 75.625 1.5329
28.375 75.875 1.5146
28.375 76.125 1.4971
28.375 76.375 1.0316
28.375 76.625 1.5196
28.375 76.875 6.7539
28.375 77.125 1.9743
28.375 77.375 1.3418
28.375 77.625 1.0047
28.375 77.875 3.7804
28.375 78.125 33.619
28.375 78.375 27.437
28.375 78.625 11.963
28.375 78.875 4.4151
28.375 79.125 37.451
28.375 79.375 15.883
28.375 79.625 5.0286
28.375 79.875 17.65
28.375 80.125 16.888
28.375 80.375 15.689
28.375 80.625 22.136
28.375 80.875 19.051
28.375 81.125 22.718
28.375 93.375 18.781
28.375 93.625 19.757
28.375 93.875 29.498
28.375 94.125 45.088
28.375 94.375 48.415
28.375 94.625 36.617
28.375 94.875 30.711
28.375 95.125 40.594
28.375 95.375 80.064
28.375 95.625 33.9
28.375 95.875 14.127
28.375 96.125 14.351
28.375 96.625 4.6751
28.625 72.375 0.13778
28.625 72.625 0.088488
28.625 72.875 0.19553
28.625 73.125 0.49312
28.625 73.375 0.83423
28.625 73.625 0.62704
28.625 73.875 0.23192
28.625 74.125 0.42173
28.625 74.375 0.63138
28.625 74.625 1.0165
28.625 74.875 1.243
28.625 75.125 0.70837
28.625 75.375 0.15279
28.625 75.625 0.026508
28.625 75.875 0.53347
28.625 76.125 1.4683
28.625 76.375 0.4672
28.625 76.625 1.6831
28.625 76.875 3.5747
28.625 77.125 0.75511
28.625 77.375 1.9783
28.625 77.625 1.2242
28.625 77.875 0.89184
28.625 78.125 25.697
28.625 78.375 28.753
28.625 78.625 3.5588
28.625 78.875 12.938
28.625 79.125 35.586
28.625 79.375 14.326
28.625 79.625 27.992
28.625 79.875 16.498
28.625 80.125 17.917
28.625 80.375 20.269
28.625 80.625 20.265
28.625 93.625 37.99
28.625 93.875 50.999
28.625 94.125 50.643
28.625 94.375 50.633
28.625 94.625 40.832
28.625 94.875 29.514
28.625 95.125 48.889
28.625 95.375 104.95
28.625 95.625 76.717
28.625 95.875 12.475
28.625 96.125 16.775
28.625 96.375 7.8023
28.875 72.875 0.0012902
28.875 73.125 0.0092563
28.875 73.375 0.75352
28.875 73.625 0.9029
28.875 73.875 0.43605
28.875 74.125 0.4106
28.875 74.375 0.416
28.875 74.625 0.78447
28.875 74.875 0.98796
28.875 75.125 0.16236
28.875 75.375 0.17019
28.875 75.625 0.043243
28.875 75.875 0.065768
28.875 76.125 0.62616
28.875 76.375 0.44581
28.875 76.625 0.40726
28.875 76.875 0.59486
28.875 77.125 6.301
28.875 77.375 14.636
28.875 77.625 17.479
28.875 77.875 29.476
28.875 78.125 27.366
28.875 78.375 25.071
28.875 78.625 6.7946
28.875 78.875 9.152
28.875 79.125 34.171
28.875 79.375 35.124
28.875 79.625 35.308
28.875 79.875 36.183
28.875 94.125 42.432
28.875 94.375 41.028
28.875 94.625 34.975
28.875 94.875 29.702
28.875 95.125 39.586
28.875 95.375 75.972
28.875 95.625 28.821
28.875 95.875 9.0199
28.875 96.125 4.4316
28.875 96.375 4.0372
29.125 73.125 0.0062957
29.125 73.375 0.19161
29.125 73.625 0.21556
29.125 73.875 0.57061
29.125 74.125 0.42531
29.125 74.375 0.20887
29.125 74.625 0.20914
29.125 74.875 0.33621
29.125 75.125 0.081431
29.125 75.375 0.36538
29.125 75.625 0.10327
29.125 75.875 0.077336
29.125 76.125 0.064934
29.125 76.375 0.067538
29.125 76.625 0.47634
29.125 76.875 0.41265
29.125 77.125 3.2308
29.125 77.375 11.357
29.125 77.625 25.157
29.125 77.875 36.399
29.125 78.125 35.419
29.125 78.375 32.652
29.125 78.625 27.084
29.125 78.875 18.118
29.125 79.125 35.635
29.125 79.375 34.849
29.125 79.625 22.061
29.125 79.875 23.368
29.125 80.125 14.752
29.125 94.375 35.122
29.125 94.625 33.028
29.125 94.875 24.99
29.125 95.625 17.961
29.125 95.875 6.7621
29.125 96.125 4.3875
29.375 73.375 0.072522
29.375 73.625 0.42395
29.375 73.875 0.18539
29.375 74.125 0.27108
29.375 74.375 0.0053091
29.375 74.625 0.021171
29.375 74.875 0.030294
29.375 75.125 0.087088
29.375 75.375 0.061682
29.375 75.625 0.10354
29.375 75.875 0.042948
29.375 76.125 0.16451
29.375 76.375 0.088968
29.375 76.625 0.62021
29.375 76.875 0.10515
29.375 77.125 0.14512
29.375 77.375 11.725
29.375 77.625 23.266
29.375 77.875 34.991
29.375 78.125 32.037
29.375 78.375 32.834
29.375 78.625 9.4354
29.375 78.875 12.257
29.375 79.125 33.238
29.375 79.375 16.54
29.375 79.625 13.15
29.375 79.875 14.519
29.375 80.125 15.047
29.375 96.125 7.7497
29.625 73.375 0.085244
29.625 73.625 0.36549
29.625 73.875 0.73209
29.625 74.125 0.327
29.625 74.375 0.069806
29.625 74.625 0.045539
29.625 74.875 0.01423
29.625 75.125 0.029494
29.625 75.375 0.054861
29.625 75.625 0.58006
29.625 75.875 0.12267
29.625 76.125 0.10434
29.625 76.375 0.48902
29.625 76.625 1.442
29.625 76.875 2.0666
29.625 77.125 1.4318
29.625 77.375 6.0801
29.625 77.625 14.151
29.625 77.875 17.643
29.625 78.125 23.965
29.625 78.375 18.005
29.625 78.625 1.4045
29.625 78.875 5.2609
29.625 79.125 19.743
29.625 79.375 11.429
29.625 79.625 10.294
29.625 79.875 14.322
29.625 80.125 14.17
29.875 73.625 0.45577
29.875 73.875 0.33886
29.875 74.125 0.045388
29.875 74.375 0.0080888
29.875 74.625 0.0093839
29.875 74.875 0.0052485
29.875 75.125 0.010777
29.875 75.375 0.088815
29.875 75.625 0.27435
29.875 75.875 0.16773
29.875 76.125 0.42527
29.875 76.375 1.313
29.875 76.625 2.0958
29.875 76.875 0.50452
29.875 77.125 2.4036
29.875 77.375 6.9908
29.875 77.625 13.897
29.875 77.875 25.28
29.875 78.125 7.2463
29.875 78.375 23.075
29.875 78.625 12.349
29.875 78.875 17.879
29.875 79.125 12.753
29.875 79.375 15.383
29.875 79.625 16.049
29.875 79.875 13.03
29.875 80.125 13.601
29.875 80.375 15.606
30.125 74.125 0.0061366
30.125 74.375 0.0072621
30.125 74.625 0.036922
30.125 74.875 0.021348
30.125 75.125 0.094733
30.125 75.375 0.28265
30.125 75.625 0.34021
30.125 75.875 0.15328
30.125 76.125 1.7888
30.125 76.375 2.6255
30.125 76.625 2.8151
30.125 76.875 4.8099
30.125 77.125 5.301
30.125 77.375 2.8436
30.125 77.625 22.297
30.125 77.875 21.114
30.125 78.125 11.987
30.125 78.375 15.491
30.125 78.625 25.447
30.125 78.875 16.997
30.125 79.125 12.616
30.125 79.375 10.871
30.125 79.625 22.057
30.125 79.875 22.275
30.125 80.125 16.226
30.125 80.375 16.648
30.125 80.625 16.205
30.375 74.125 0.30232
30.375 74.375 0.36682
30.375 74.625 0.090756
30.375 74.875 0.098723
30.375 75.125 0.25938
30.375 75.375 0.56181
30.375 75.625 0.28195
30.375 75.875 0.25055
30.375 76.125 0.41456
30.375 76.375 1.9503
30.375 76.625 0.55123
30.375 76.875 4.1956
30.375 77.125 10.7
30.375 77.375 18.641
30.375 77.625 10.75
30.375 77.875 8.9691
30.375 78.125 15.181
30.375 78.375 11.478
30.375 78.625 20.673
30.375 78.875 14.652
30.375 79.125 12.323
30.375 79.375 17.233
30.375 79.625 22.229
30.375 79.875 18.448
30.375 80.125 17.539
30.375 80.375 24.217
30.375 80.625 25.592
30.625 74.375 0.32434
30.625 74.625 0.43381
30.625 74.875 0.44623
30.625 75.125 0.58442
30.625 75.375 0.73556
30.625 75.625 1.2877
30.625 75.875 0.40761
30.625 76.125 0.28706
30.625 76.375 0.16657
30.625 76.625 11.663
30.625 76.875 16.192
30.625 77.125 16.254
30.625 77.375 15.473
30.625 77.625 19.258
30.625 77.875 21.809
30.625 78.125 11.672
30.625 78.375 11.276
30.625 78.625 12.953
30.625 78.875 15.984
30.625 79.125 13.373
30.625 79.375 23.962
30.625 79.625 14.915
30.625 79.875 16.09
30.625 80.125 17.9
30.875 74.625 0.33807
30.875 74.875 0.65487
30.875 75.125 3.8971
30.875 75.375 0.64755
30.875 75.625 1.7915
30.875 75.875 1.2272
30.875 76.125 2.0741
30.875 76.375 5.6356
30.875 76.625 24.22
30.875 76.875 9.5497
30.875 77.125 15.196
30.875 77.375 8.9013
30.875 77.625 15.928
30.875 77.875 16.388
30.875 78.125 16.256
30.875 78.375 17.173
30.875 78.625 18.99
30.875 78.875 16.907
30.875 79.125 26.138
30.875 79.375 23.578
30.875 79.625 15.163
30.875 79.875 15.915
31.125 74.875 0.61453
31.125 75.125 3.0238
31.125 75.375 0.60781
31.125 75.625 0.49336
31.125 75.875 2.1026
31.125 76.125 15.595
31.125 76.375 9.8848
31.125 76.625 10.912
31.125 76.875 12.337
31.125 77.125 12.398
31.125 77.375 9.131
31.125 77.625 11.765
31.125 77.875 8.9606
31.125 78.125 1.2933
31.125 78.375 3.9311
31.125 78.625 7.4728
31.125 78.875 21.845
31.125 79.125 21.885
31.375 74.875 0.7009
31.375 75.125 1.1637
31.375 75.375 0.67735
31.375 75.625 3.4687
31.375 75.875 8.6988
31.375 76.125 6.9078
31.375 76.375 8.3138
31.375 76.625 12.723
31.375 76.875 11.078
31.375 77.125 10.124
31.375 77.375 10.726
31.375 77.625 13.984
31.375 77.875 4.0906
31.375 78.125 5.2885
31.375 78.375 4.0237
31.375 78.625 8.0757
31.625 74.875 2.6566
31.625 75.125 4.6681
31.625 75.375 5.4944
31.625 75.625 9.3275
31.625 75.875 17.634
31.625 76.125 14.582
31.625 76.375 7.4109
31.625 76.625 18.275
31.625 76.875 3.0427
31.625 77.125 3.2386
31.625 77.375 17.816
31.625 77.625 16.523
31.625 77.875 6.2483
31.625 78.125 5.7392
31.625 78.375 5.1418
31.625 78.625 7.6163
31.875 74.875 6.7471
31.875 75.125 8.0673
31.875 75.375 2.345
31.875 75.625 11.029
31.875 75.875 18.6
31.875 76.125 21.251
31.875 76.375 23.095
31.875 76.625 22.286
31.875 76.875 5.0111
31.875 77.125 5.4835
31.875 77.375 8.7247
31.875 77.625 10.6
31.875 77.875 7.4413
31.875 78.125 4.3567
31.875 78.375 2.615
31.875 78.625 2.068
32.125 75.375 16.258
32.125 75.625 19.627
32.125 75.875 10.959
32.125 76.125 22.582
32.125 76.375 19.843
32.125 76.625 9.7786
32.125 76.875 8.4745
32.125 77.125 8.9247
32.125 77.375 6.9239
32.125 77.625 4.3131
32.125 77.875 5.5499
32.125 78.125 2.4804
32.125 78.375 1.9702
32.375 75.375 16.759
32.375 75.625 18.74
32.375 75.875 11.115
32.375 76.125 8.1099
32.375 76.375 10.018
32.375 76.625 3.717
32.375 76.875 4.186
32.375 77.125 7.5538
32.375 77.375 7.1782
32.375 77.625 5.764
32.375 77.875 4.5368
32.375 78.125 2.3
32.375 78.375 1.9699
32.625 74.875 13.779
32.625 75.125 9.916
32.625 75.375 10.032
32.625 75.625 15.301
32.625 75.875 7.4171
32.625 76.125 8.7518
32.625 76.375 8.4534
32.625 76.625 3.424
32.625 76.875 3.0613
32.625 77.125 5.2683
32.625 77.375 2.6254
32.625 77.625 5.7722
32.625 77.875 5.4803
32.625 78.125 2.4138
32.625 78.375 1.3903
32.625 78.625 1.1372
32.625 78.875 1.0511
32.625 79.125 0.67017
32.625 79.375 1.7904
32.875 74.375 15.738
32.875 74.625 15.048
32.875 74.875 16.135
32.875 75.125 4.6626
32.875 75.375 3.5021
32.875 75.625 7.382
32.875 75.875 6.9739
32.875 76.125 6.2788
32.875 76.375 9.1522
32.875 76.625 7.3368
32.875 76.875 3.0271
32.875 77.125 4.8963
32.875 77.375 4.954
32.875 77.625 3.2834
32.875 77.875 4.2349
32.875 78.125 3.6045
32.875 78.375 1.4812
32.875 78.625 1.3155
32.875 78.875 1.0437
32.875 79.125 1.275
32.875 79.375 1.1712
33.125 73.875 12.037
33.125 74.125 5.7349
33.125 74.375 8.5439
33.125 74.625 9.7265
33.125 74.875 5.6804
33.125 75.125 2.3
33.125 75.375 1.4041
33.125 75.625 1.4708
33.125 75.875 3.3234
33.125 76.125 5.1205
33.125 76.375 2.18
33.125 76.625 2.3558
33.125 76.875 2.8247
33.125 77.125 2.0113
33.125 77.375 1.282
33.125 77.625 1.1898
33.125 77.875 0.66395
33.125 78.125 1.0923
33.125 78.375 0.55771
33.125 78.625 0.82517
33.125 78.875 1.0284
33.125 79.125 0.93613
33.375 73.875 5.7706
33.375 74.125 4.6945
33.375 74.375 2.3429
33.375 74.625 2.2783
33.375 74.875 1.1801
33.375 75.125 2.1872
33.375 75.375 4.3825
33.375 75.625 0.94281
33.375 75.875 2.6158
33.375 76.125 3.1055
33.375 76.375 3.3278
33.375 76.625 0.76263
33.375 76.875 1.0451
33.375 77.125 0.37476
33.375 77.375 0.19367
33.375 77.625 0.16856
33.375 77.875 0.15129
33.375 78.125 0.24263
33.375 78.375 0.20841
33.375 78.625 0.52584
33.375 78.875 0.64895
33.625 73.875 6.0753
33.625 74.125 3.7267
33.625 74.375 0.29981
33.625 74.625 1.0618
33.625 74.875 1.8565
33.625 75.125 3.4745
33.625 75.375 3.5954
33.625 75.625 3.7826
33.625 75.875 3.154
33.625 76.125 2.2656
33.625 76.375 1.6522
33.625 76.625 0.71283
33.625 76.875 0.10989
33.625 77.125 0.17812
33.625 77.375 0.14839
33.625 77.625 0.15672
33.625 77.875 0.086033
33.625 78.125 0.17577
33.625 78.375 0.23518
33.625 78.625 0.17307
33.625 78.875 0.46351
33.875 73.875 3.5123
33.875 74.125 1.4537
33.875 74.375 2.5156
33.875 74.625 2.2879
33.875 74.875 3.2434
33.875 75.125 7.2033
33.875 75.375 6.4832
33.875 75.625 3.7969
33.875 75.875 0.66967
33.875 76.125 0.48315
33.875 76.375 0.15396
33.875 76.625 0.18381
33.875 76.875 0.13595
33.875 77.125 0.1177
33.875 77.375 0.12826
33.875 77.625 0.082193
33.875 77.875 0.12961
33.875 78.125 0.16634
33.875 78.375 0.17557
33.875 78.625 0.15987
33.875 78.875 0.26321
34.125 73.625 0.70526
34.125 73.875 1.936
34.125 74.125 2.739
34.125 74.375 2.2672
34.125 74.625 2.5163
34.125 74.875 2.2234
34.125 75.125 4.9722
34.125 75.375 3.6768
34.125 75.625 1.6011
34.125 75.875 0.35136
34.125 76.125 0.57052
34.125 76.375 0.20261
34.125 76.625 0.18623
34.125 76.875 0.14458
34.125 77.125 0.080093
34.125 77.375 0.10675
34.125 77.625 0.075592
34.125 77.875 0.13166
34.125 78.125 0.12445
34.125 78.375 0.13638
34.125 78.625 0.20903
34.125 78.875 0.22386
34.125 79.125 0.2607
34.125 79.375 0.44591
34.375 73.625 0.58684
34.375 73.875 1.2544
34.375 74.125 0.70039
34.375 74.375 0.90053
34.375 74.625 2.128
34.375 74.875 4.1079
34.375 75.125 4.5198
34.375 75.375 2.72
34.375 75.625 0.89696
34.375 75.875 0.96368
34.375 76.125 0.27645
34.375 76.375 0.1507
34.375 76.625 0.064016
34.375 76.875 0.057302
34.375 77.125 0.099629
34.375 77.375 0.10927
34.375 77.625 0.075279
34.375 77.875 0.12556
34.375 78.125 0.13266
34.375 78.375 0.18012
34.375 78.625 0.16945
34.375 78.875 0.12629
34.375 79.125 0.23035
34.375 79.375 0.30767
34.625 73.875 1.5374
34.625 74.125 1.0722
34.625 74.375 1.3221
34.625 74.625 2.5483
34.625 74.875 1.6451
34.625 75.125 2.7361
34.625 75.375 1.7444
34.625 75.625 0.26334
34.625 75.875 0.66103
34.625 76.125 0.21919
34.625 76.375 0.15092
34.625 76.625 0.051446
34.625 76.875 0.09322
34.625 77.125 0.058411
34.625 77.375 0.096444
34.625 77.625 0.084137
34.625 77.875 0.12449
34.625 78.125 0.12139
34.625 78.375 0.16221
34.625 78.625 0.12109
34.625 78.875 0.060176
34.625 79.125 0.040579
34.625 79.375 0.044617
34.625 79.625 0.066604
34.875 74.125 1.4182
34.875 74.375 1.5226
34.875 74.625 2.2441
34.875 74.875 2.188
34.875 75.125 1.7841
34.875 75.375 0.63095
34.875 75.625 1.2213
34.875 75.875 0.82131
34.875 76.125 0.11247
34.875 76.375 0.11144
34.875 76.625 0.095675
34.875 76.875 0.085755
34.875 77.125 0.087308
34.875 77.375 0.16844
34.875 77.625 0.11563
34.875 77.875 0.096958
34.875 78.125 0.10398
34.875 78.375 0.12953
34.875 78.625 0.059439
34.875 78.875 0.04179
34.875 79.125 0.04536
34.875 79.375 0.072081
34.875 79.625 0.045545
34.875 79.875 0.059738
35.125 74.375 3.1548
35.125 74.625 2.8246
35.125 74.875 3.0221
35.125 75.125 3.06
35.125 75.375 0.87703
35.125 75.625 1.3055
35.125 75.875 0.37272
35.125 76.125 0.41828
35.125 76.375 0.22608
35.125 76.625 0.077881
35.125 76.875 0.12055
35.125 77.125 0.11234
35.125 77.375 0.12302
35.125 77.625 0.17776
35.125 77.875 0.098874
35.125 78.125 0.10783
35.125 78.375 0.10797
35.125 78.625 0.049117
35.125 78.875 0.04637
35.125 79.125 0.043019
35.125 79.375 0.066877
35.125 79.625 0.085094
35.125 79.875 0.10195
35.375 73.875 0.84003
35.375 74.125 1.0341
35.375 74.375 1.1716
35.375 74.625 4.3841
35.375 74.875 1.5931
35.375 75.125 1.7611
35.375 75.375 0.42149
35.375 75.625 0.37806
35.375 75.875 0.10412
35.375 76.125 0.16238
35.375 76.375 0.22021
35.375 76.625 0.099856
35.375 76.875 0.10901
35.375 77.125 0.13657
35.375 77.375 0.13328
35.375 77.625 0.11313
35.375 77.875 0.084972
35.375 78.125 0.084525
35.375 78.375 0.090032
35.375 78.625 0.028684
35.375 78.875 0.032346
35.375 79.125 0.036904
35.375 79.375 0.067725
35.375 79.625 0.10287
35.375 79.875 0.062509
35.375 80.125 7.0549
35.625 73.375 1.9889
35.625 73.625 1.6573
35.625 73.875 1.4247
35.625 74.125 2.8799
35.625 74.375 3.4029
35.625 74.625 1.225
35.625 74.875 5.2684
35.625 75.125 0.18272
35.625 75.375 0.33897
35.625 75.625 0.15888
35.625 75.875 0.42373
35.625 76.125 0.68972
35.625 76.375 0.13167
35.625 76.625 0.11404
35.625 76.875 0.095041
35.625 77.125 0.069195
35.625 78.375 0.038455
35.625 78.625 0.01928
35.625 78.875 0.017141
35.625 79.125 0.013186
35.625 79.375 0.038525
35.625 79.625 0.031555
35.625 79.875 0.039361
35.625 80.125 0.052727
35.875 73.125 3.5956
35.875 73.375 4.5124
35.875 73.625 4.2967
35.875 73.875 2.5969
35.875 74.125 2.1592
35.875 74.375 1.0042
35.875 74.625 2.3383
35.875 74.875 2.4772
35.875 75.125 0.90488
35.875 75.375 0.51553
35.875 75.625 0.33099
35.875 75.875 0.31252
35.875 76.125 0.37493
35.875 76.375 0.20213
35.875 76.625 0.16161
35.875 79.375 0.17121
36.125 72.625 2.2159
36.125 72.875 3.421
36.125 73.125 1.9104
36.125 73.375 2.7748
36.125 73.625 3.4314
36.125 73.875 1.9395
36.125 74.125 3.9719
36.125 74.375 3.5322
36.125 74.625 3.4988
36.125 74.875 1.6092
36.125 75.125 0.83406
36.125 75.375 0.63334
36.125 75.625 0.74065
36.125 75.875 0.43771
36.125 76.125 0.45044
36.125 76.375 0.38588
36.125 76.625 0.31951
36.375 73.125 3.6192
36.375 73.375 3.358
36.375 73.625 3.681
36.375 73.875 4.2373
36.375 74.125 3.2749
36.375 74.375 3.8737
36.375 74.625 4.6721
36.375 74.875 2.2215
36.375 75.125 1.9206
36.375 75.375 0.66138
36.375 75.625 0.92138
36.375 75.875 0.35669
36.375 76.125 0.33449
36.625 73.375 2.7918
36.625 73.625 2.6288
36.625 73.875 2.7607
36.625 74.125 1.031
36.625 74.375 1.7071
36.625 74.625 1.3879
36.625 74.875 2.2275
36.625 75.125 3.7909
36.625 75.375 2.8429
36.625 75.625 2.6355
36.875 73.875 4.9521
36.875 74.375 6.5519
36.875 74.625 4.156
36.875 74.875 4.1353
36.875 75.125 3.405
36.875 75.375 5.4782
