8.125 77.375 26.868
8.375 77.125 28.722
8.375 77.375 22.243
8.375 77.625 19.992
8.375 77.875 17.949
8.625 76.875 29.075
8.625 77.125 26.162
8.625 77.375 19.487
8.625 77.625 16.672
8.625 77.875 16.298
8.875 76.875 49.314
8.875 77.125 22.85
8.875 77.375 16.636
8.875 77.625 14.563
8.875 77.875 12.367
9.125 76.625 74.107
9.125 76.875 35.222
9.125 77.125 19.728
9.125 77.375 15.141
9.125 77.625 14.921
9.125 77.875 11.834
9.125 78.125 8.7284
NaN NaN NaN
9.375 76.625 87.688
9.375 76.875 101.42
9.375 77.125 23.971
9.375 77.375 17.063
9.375 77.625 16.82
9.375 77.875 14.059
9.375 78.125 8.8852
9.375 78.375 7.0728
9.375 78.625 8.7272
NaN NaN NaN
9.625 76.375 74.971
9.625 76.625 96.022
9.625 76.875 91.638
9.625 77.125 29.886
9.625 77.375 25.582
9.625 77.625 18.294
9.625 77.875 15.668
9.625 78.125 11.011
9.625 78.375 5.2207
9.625 78.625 9.6793
9.875 76.625 99.998
9.875 76.875 130.63
9.875 77.125 33.062
9.875 77.375 23.551
9.875 77.625 19.689
9.875 77.875 14.544
9.875 78.125 10.474
9.875 78.375 11.773
9.875 78.625 10.987
9.875 78.875 9.5582
10.125 76.375 69.067
10.125 76.625 99.416
10.125 76.875 168.51
10.125 77.125 51.39
10.125 77.375 24.018
10.125 77.625 22.681
10.125 77.875 18.149
10.125 78.125 11.265
10.125 78.375 16.502
10.125 78.625 9.3492
10.125 78.875 8.1365
10.125 79.125 7.7446
10.375 76.375 46
10.375 76.625 60.331
10.375 76.875 24.756
10.375 77.125 31.177
10.375 77.375 13.117
10.375 77.625 22.327
10.375 77.875 7.0043
10.375 78.125 5.8781
10.375 78.375 11.564
10.375 78.625 9.0007
10.375 78.875 9.4933
10.375 79.125 9.8865
NaN NaN NaN
NaN NaN NaN
10.625 76.125 49.371
10.625 76.375 68.616
10.625 76.625 30.582
10.625 76.875 13.166
10.625 77.125 9.5451
10.625 77.375 7.2548
10.625 77.625 9.1309
10.625 77.875 7.7109
10.625 78.125 5.5108
10.625 78.375 4.8429
10.625 78.625 5.2498
10.625 78.875 5.9791
10.625 79.125 15.138
10.625 79.375 13.117
10.625 79.625 12.46
10.875 76.125 61.059
10.875 76.375 94.57
10.875 76.625 17.828
10.875 76.875 8.6537
10.875 77.125 6.7121
10.875 77.375 4.2632
10.875 77.625 3.8978
10.875 77.875 4.3645
10.875 78.125 3.3784
10.875 78.375 4.115
10.875 78.625 6.8422
10.875 78.875 6.7625
10.875 79.125 5.7255
10.875 79.375 4.9138
10.875 79.625 9.148
11.125 76.125 66.009
11.125 76.375 76.858
11.125 76.625 123.84
11.125 76.875 21.496
11.125 77.125 5.5736
11.125 77.375 3.9662
11.125 77.625 3.838
11.125 77.875 5.6639
11.125 78.125 3.2258
11.125 78.375 4.8016
11.125 78.625 6.4576
11.125 78.875 5.534
11.125 79.125 6.8522
11.125 79.375 7.2316
11.125 79.625 8.7847
11.375 75.875 75.674
11.375 76.125 117.02
11.375 76.375 130.82
11.375 76.625 98.064
11.375 76.875 57.251
11.375 77.125 10.953
11.375 77.375 5.4367
11.375 77.625 6.1239
11.375 77.875 11.108
11.375 78.125 5.9443
11.375 78.375 3.9791
11.375 78.625 4.9072
11.375 78.875 5.0322
11.375 79.125 5.3855
11.375 79.375 6.683
11.375 79.625 8.9427
11.625 75.875 58.39
11.625 76.125 36.378
11.625 76.375 19.606
11.625 76.625 46.134
11.625 76.875 18.134
11.625 77.125 8.9705
11.625 77.375 7.4128
11.625 77.625 5.4813
11.625 77.875 10.125
11.625 78.125 6.5125
11.625 78.375 5.6821
11.625 78.625 6.0229
11.625 78.875 4.6037
11.625 79.125 7.6179
11.625 79.375 10.402
NaN NaN NaN
NaN NaN NaN
11.875 75.875 51.465
11.875 76.125 7.4829
11.875 76.375 5.5434
11.875 76.625 9.4292
11.875 76.875 6.4067
11.875 77.125 7.6631
11.875 77.375 9.7994
11.875 77.625 7.0849
11.875 77.875 5.4152
11.875 78.125 5.3931
11.875 78.375 5.8754
11.875 78.625 5.7507
11.875 78.875 4.5811
11.875 79.125 7.945
11.875 79.375 7.2146
11.875 79.625 7.5752
12.125 75.375 66.884
12.125 75.625 63.24
12.125 75.875 43.566
12.125 76.125 5.4962
12.125 76.375 4.3925
12.125 76.625 4.1265
12.125 76.875 3.9495
12.125 77.125 5.7807
12.125 77.375 7.3089
12.125 77.625 6.527
12.125 77.875 4.1683
12.125 78.125 4.9177
12.125 78.375 9.433
12.125 78.625 6.4176
12.125 78.875 4.9298
12.125 79.125 8.5422
12.125 79.375 10.465
12.125 79.625 7.1754
12.375 75.125 91.182
12.375 75.375 107.64
12.375 75.625 52.873
12.375 75.875 25.745
12.375 76.125 5.7025
12.375 76.375 5.974
12.375 76.625 13.384
12.375 76.875 4.9639
12.375 77.125 2.2336
12.375 77.375 5.7435
12.375 77.625 5.8978
12.375 77.875 6.6789
12.375 78.125 6.7236
12.375 78.375 6.0785
12.375 78.625 5.7619
12.375 78.875 5.7702
12.375 79.125 8.6195
12.375 79.375 7.5806
12.375 79.625 7.4532
12.375 79.875 4.6084
12.625 75.125 66.281
12.625 75.375 83.803
12.625 75.625 48.568
12.625 75.875 9.3002
12.625 76.125 5.9697
12.625 76.375 15.496
12.625 76.625 19.401
12.625 76.875 7.5181
12.625 77.125 4.2119
12.625 77.375 6.8519
12.625 77.625 6.396
12.625 77.875 5.0787
12.625 78.125 8.3756
12.625 78.375 10.066
12.625 78.625 9.5288
12.625 78.875 7.4691
12.625 79.125 8.6885
12.625 79.375 5.9356
12.625 79.625 6.3249
12.625 79.875 5.1966
12.875 75.125 56.259
12.875 75.375 65.917
12.875 75.625 23.791
12.875 75.875 8.4741
12.875 76.125 6.81
12.875 76.375 18.247
12.875 76.625 10.991
12.875 76.875 7.2723
12.875 77.125 6.4652
12.875 77.375 9.6745
12.875 77.625 11.165
12.875 77.875 5.585
12.875 78.125 6.0991
12.875 78.375 7.2436
12.875 78.625 7.2017
12.875 78.875 6.1248
12.875 79.125 6.6883
12.875 79.375 8.5216
12.875 79.625 10.59
12.875 79.875 11.3
NaN NaN NaN
13.125 75.125 54.527
13.125 75.375 63.39
13.125 75.625 23.005
13.125 75.875 13.906
13.125 76.125 7.3244
13.125 76.375 10.057
13.125 76.625 9.5485
13.125 76.875 6.6594
13.125 77.125 7.0632
13.125 77.375 7.2427
13.125 77.625 6.0145
13.125 77.875 5.6843
13.125 78.125 7.1716
13.125 78.375 7.0789
13.125 78.625 7.0933
13.125 78.875 6.87
13.125 79.125 7.5168
13.125 79.375 6.8305
13.125 79.625 10.933
13.125 79.875 9.6137
13.125 80.125 8.8613
NaN NaN NaN
13.375 75.125 69.817
13.375 75.375 58.112
13.375 75.625 18.441
13.375 75.875 10.693
13.375 76.125 8.5047
13.375 76.375 10.112
13.375 76.625 7.3017
13.375 76.875 4.0839
13.375 77.125 6.9228
13.375 77.375 8.4606
13.375 77.625 7.8608
13.375 77.875 4.9351
13.375 78.125 4.9348
13.375 78.375 6.0384
13.375 78.625 6.5157
13.375 78.875 10.424
13.375 79.125 6.1319
13.375 79.375 5.8565
13.375 79.625 10.342
13.375 79.875 9.3442
13.375 80.125 9.526
13.625 74.875 76.719
13.625 75.125 72.548
13.625 75.375 30.21
13.625 75.625 23.067
13.625 75.875 13.215
13.625 76.125 5.7963
13.625 76.375 5.1751
13.625 76.625 6.5873
13.625 76.875 6.2933
13.625 77.125 7.6724
13.625 77.375 6.5193
13.625 77.625 5.6973
13.625 77.875 5.381
13.625 78.125 6.3359
13.625 78.375 6.396
13.625 78.625 7.0982
13.625 78.875 9.2034
13.625 79.125 6.2954
13.625 79.375 7.2654
13.625 79.625 6.0298
13.625 79.875 8.0225
13.625 80.125 11.988
13.875 74.875 68.458
13.875 75.125 41.58
13.875 75.375 20.695
13.875 75.625 20.225
13.875 75.875 14.991
13.875 76.125 6.4765
13.875 76.375 5.3558
13.875 76.625 6.483
13.875 76.875 5.5219
13.875 77.125 5.2556
13.875 77.375 6.5669
13.875 77.625 5.5193
13.875 77.875 5.6429
13.875 78.125 5.67
13.875 78.375 9.3492
13.875 78.625 8.4369
13.875 78.875 7.2826
13.875 79.125 7.0749
13.875 79.375 6.6784
13.875 79.625 5.2352
13.875 79.875 6.5167
14.125 74.625 52.993
14.125 74.875 48.741
14.125 75.125 27.208
14.125 75.375 11.172
14.125 75.625 13.044
14.125 75.875 7.483
14.125 76.125 11.311
14.125 76.375 4.4823
14.125 76.625 3.1802
14.125 76.875 7.2252
14.125 77.125 3.7743
14.125 77.375 4.7414
14.125 77.625 5.0352
14.125 77.875 6.4609
14.125 78.125 6.943
14.125 78.375 6.9207
14.125 78.625 7.3042
14.125 78.875 5.8921
14.125 79.125 6.5561
14.125 79.375 7.0956
14.125 79.625 6.8141
14.125 79.875 7.5026
14.375 74.625 47.338
14.375 74.875 34.516
14.375 75.125 15.415
14.375 75.375 11.894
14.375 75.625 12.16
14.375 75.875 7.1869
14.375 76.125 6.1752
14.375 76.375 5.4317
14.375 76.625 4.4437
14.375 76.875 4.7693
14.375 77.125 6.3174
14.375 77.375 6.2626
14.375 77.625 4.9786
14.375 77.875 6.8381
14.375 78.125 7.4435
14.375 78.375 7.5335
14.375 78.625 7.1864
14.375 78.875 5.1804
14.375 79.125 6.1053
14.375 79.375 7.6733
14.375 79.625 7.1972
14.375 79.875 6.5261
NaN NaN NaN
14.625 74.625 27.812
14.625 74.875 18.86
14.625 75.125 8.257
14.625 75.375 7.2797
14.625 75.625 5.2523
14.625 75.875 6.5845
14.625 76.125 5.4851
14.625 76.375 4.1608
14.625 76.625 4.1798
14.625 76.875 4.3518
14.625 77.125 4.5549
14.625 77.375 5.6676
14.625 77.625 6.0071
14.625 77.875 8.6704
14.625 78.125 7.0249
14.625 78.375 7.1287
14.625 78.625 4.8874
14.625 78.875 4.8855
14.625 79.125 6.6996
14.625 79.375 7.7613
14.625 79.625 8.389
14.625 79.875 9.8746
14.875 74.375 35.13
14.875 74.625 19.466
14.875 74.875 10.972
14.875 75.125 7.5286
14.875 75.375 4.9856
14.875 75.625 4.5844
14.875 75.875 4.1338
14.875 76.125 5.5731
14.875 76.375 4.8285
14.875 76.625 3.6797
14.875 76.875 5.1609
14.875 77.125 3.9591
14.875 77.375 6.821
14.875 77.625 7.2844
14.875 77.875 6.2508
14.875 78.125 7.0674
14.875 78.375 6.6797
14.875 78.625 4.9265
14.875 78.875 5.7901
14.875 79.125 7.6265
14.875 79.375 7.8028
14.875 79.625 6.9927
14.875 79.875 6.9352
15.125 74.125 47.382
15.125 74.375 42.238
15.125 74.625 23.831
15.125 74.875 11.538
15.125 75.125 10.084
15.125 75.375 8.4717
15.125 75.625 6.8526
15.125 75.875 5.5982
15.125 76.125 5.725
15.125 76.375 4.0627
15.125 76.625 2.975
15.125 76.875 3.4547
15.125 77.125 2.9546
15.125 77.375 3.7128
15.125 77.625 7.2091
15.125 77.875 6.1019
15.125 78.125 6.5604
15.125 78.375 7.688
15.125 78.625 7.688
15.125 78.875 6.6481
15.125 79.125 6.2773
15.125 79.375 7.1653
15.125 79.625 6.9907
15.125 79.875 5.5882
15.375 73.875 67.911
15.375 74.125 49.689
15.375 74.375 38.093
15.375 74.625 16.943
15.375 74.875 11.074
15.375 75.125 7.8174
15.375 75.375 10.643
15.375 75.625 7.7207
15.375 75.875 4.2808
15.375 76.125 3.4477
15.375 76.375 3.4032
15.375 76.625 2.4074
15.375 76.875 2.7481
15.375 77.125 4.0479
15.375 77.375 3.2728
15.375 77.625 5.2429
15.375 77.875 4.2133
15.375 78.125 7.9113
15.375 78.375 6.9713
15.375 78.625 8.4224
15.375 78.875 5.6867
15.375 79.125 5.2972
15.375 79.375 5.3236
15.375 79.625 5.9976
15.375 79.875 7.3001
15.625 73.875 41.503
15.625 74.125 37.672
15.625 74.375 11.969
15.625 74.625 15.489
15.625 74.875 12.921
15.625 75.125 6.4038
15.625 75.375 6.12
15.625 75.625 6.6444
15.625 75.875 4.6403
15.625 76.125 5.2489
15.625 76.375 3.9686
15.625 76.625 3.5186
15.625 76.875 3.4325
15.625 77.125 3.1434
15.625 77.375 3.4982
15.625 77.625 4.1194
15.625 77.875 3.3565
15.625 78.125 4.9899
15.625 78.375 4.5825
15.625 78.625 3.3393
15.625 78.875 5.4418
15.625 79.125 5.3755
15.625 79.375 6.9052
15.625 79.625 12.136
15.625 79.875 10.845
15.625 80.125 7.9894
15.875 73.875 40.698
15.875 74.125 43.664
15.875 74.375 11.635
15.875 74.625 12.831
15.875 74.875 6.6182
15.875 75.125 5.8096
15.875 75.375 4.959
15.875 75.625 4.4643
15.875 75.875 4.5133
15.875 76.125 3.344
15.875 76.375 3.1268
15.875 76.625 3.6727
15.875 76.875 4.8566
15.875 77.125 3.1463
15.875 77.375 4.0533
15.875 77.625 2.7367
15.875 77.875 4.3776
15.875 78.125 6.0425
15.875 78.375 5.3098
15.875 78.625 5.5335
15.875 78.875 5.4025
15.875 79.125 6.418
15.875 79.375 14.104
15.875 79.625 10.182
15.875 79.875 8.0974
15.875 80.125 10.616
15.875 80.375 24.648
NaN NaN NaN
15.875 80.875 28.06
16.125 73.625 49.698
16.125 73.875 40.572
16.125 74.125 22.089
16.125 74.375 8.2615
16.125 74.625 6.3725
16.125 74.875 5.3601
16.125 75.125 3.3887
16.125 75.375 3.4606
16.125 75.625 3.5047
16.125 75.875 3.196
16.125 76.125 2.6437
16.125 76.375 3.9988
16.125 76.625 3.934
16.125 76.875 3.042
16.125 77.125 3.4179
16.125 77.375 4.301
16.125 77.625 3.4781
16.125 77.875 5.3619
16.125 78.125 9.323
16.125 78.375 7.4167
16.125 78.625 7.9409
16.125 78.875 5.6514
16.125 79.125 5.4447
16.125 79.375 6.0936
16.125 79.625 6.4278
16.125 79.875 11.776
16.125 80.125 25.072
16.125 80.375 32.361
16.125 80.625 19.905
16.125 80.875 27.828
16.375 73.625 57.658
16.375 73.875 74.154
16.375 74.125 19.12
16.375 74.375 11.131
16.375 74.625 3.5058
16.375 74.875 3.0788
16.375 75.125 3.0632
16.375 75.375 2.6795
16.375 75.625 3.0966
16.375 75.875 3.6026
16.375 76.125 4.2333
16.375 76.375 5.7263
16.375 76.625 4.6594
16.375 76.875 4.816
16.375 77.125 4.0983
16.375 77.375 4.1858
16.375 77.625 4.777
16.375 77.875 5.4964
16.375 78.125 7.7449
16.375 78.375 6.7255
16.375 78.625 4.1968
16.375 78.875 4.718
16.375 79.125 7.1359
16.375 79.375 4.1732
16.375 79.625 4.7626
16.375 79.875 9.1049
16.375 80.125 31.306
16.375 80.375 28.941
16.375 80.625 31.113
16.375 80.875 29.395
16.375 81.125 30.541
NaN NaN NaN
NaN NaN NaN
16.625 73.625 47.003
16.625 73.875 29.557
16.625 74.125 28.593
16.625 74.375 1.8111
16.625 74.625 3.2809
16.625 74.875 2.9018
16.625 75.125 3.2863
16.625 75.375 3.3264
16.625 75.625 3.4764
16.625 75.875 3.6337
16.625 76.125 4.065
16.625 76.375 4.0467
16.625 76.625 3.781
16.625 76.875 5.9966
16.625 77.125 6.7978
16.625 77.375 7.0867
16.625 77.625 7.9873
16.625 77.875 11.21
16.625 78.125 9.5037
16.625 78.375 6.6582
16.625 78.625 4.9484
16.625 78.875 3.294
16.625 79.125 4.0221
16.625 79.375 5.4173
16.625 79.625 9.6967
16.625 79.875 13.218
16.625 80.125 23.381
16.625 80.375 21.98
16.625 80.625 31.194
16.625 80.875 34.512
16.625 81.125 15.89
16.625 81.375 47.233
16.625 81.625 56.562
16.625 81.875 59.673
16.625 82.125 44.848
16.875 73.375 53.543
16.875 73.625 39.924
16.875 73.875 20.189
16.875 74.125 5.4202
16.875 74.375 5.4659
16.875 74.625 1.9771
16.875 74.875 3.7935
16.875 75.125 4.2659
16.875 75.375 4.3579
16.875 75.625 4.9589
16.875 75.875 3.5991
16.875 76.125 3.6839
16.875 76.375 3.4885
16.875 76.625 3.8237
16.875 76.875 6.3495
16.875 77.125 8.4581
16.875 77.375 11.099
16.875 77.625 6.9095
16.875 77.875 7.0694
16.875 78.125 5.0461
16.875 78.375 4.1232
16.875 78.625 4.5827
16.875 78.875 2.7276
16.875 79.125 3.5168
16.875 79.375 6.9132
16.875 79.625 10.13
16.875 79.875 14.69
16.875 80.125 25.215
16.875 80.375 22.251
16.875 80.625 31.543
16.875 80.875 33.793
16.875 81.125 30.983
16.875 81.375 20.041
16.875 81.625 46.313
16.875 81.875 36.633
16.875 82.125 42.108
17.125 73.375 48.779
17.125 73.625 38.211
17.125 73.875 20.935
17.125 74.125 5.388
17.125 74.375 2.3037
17.125 74.625 1.7031
17.125 74.875 3.1563
17.125 75.125 3.2517
17.125 75.375 3.8308
17.125 75.625 5.1833
17.125 75.875 4.59
17.125 76.125 3.9679
17.125 76.375 3.834
17.125 76.625 4.2165
17.125 76.875 6.6322
17.125 77.125 7.0586
17.125 77.375 5.3899
17.125 77.625 9.0129
17.125 77.875 5.9311
17.125 78.125 9.8502
17.125 78.375 5.1122
17.125 78.625 5.4558
17.125 78.875 7.3963
17.125 79.125 15.441
17.125 79.375 13.205
17.125 79.625 10.735
17.125 79.875 13.527
17.125 80.125 42.355
17.125 80.375 31.577
17.125 80.625 30.759
17.125 80.875 43.121
17.125 81.125 41.7
17.125 81.375 56.128
17.125 81.625 51.151
17.125 81.875 20.016
17.125 82.125 45.039
17.125 82.375 28.067
17.375 73.375 49.772
17.375 73.625 36.273
17.375 73.875 19.181
17.375 74.125 3.483
17.375 74.375 1.1068
17.375 74.625 1.3066
17.375 74.875 3.0049
17.375 75.125 2.3373
17.375 75.375 2.6362
17.375 75.625 3.8474
17.375 75.875 3.5608
17.375 76.125 3.944
17.375 76.375 4.6581
17.375 76.625 6.2484
17.375 76.875 11.017
17.375 77.125 10.034
17.375 77.375 4.9045
17.375 77.625 8.3045
17.375 77.875 7.1233
17.375 78.125 10.013
17.375 78.375 7.8198
17.375 78.625 4.4836
17.375 78.875 12.37
17.375 79.125 20.705
17.375 79.375 28.216
17.375 79.625 16.738
17.375 79.875 32.07
17.375 80.125 39.502
17.375 80.375 41.123
17.375 80.625 50.784
17.375 80.875 40.416
17.375 81.125 65.096
17.375 81.375 67.324
17.375 81.625 43.09
17.375 81.875 47.652
17.375 82.125 51.186
17.375 82.375 25.894
NaN NaN NaN
17.625 73.375 58.629
17.625 73.625 16.406
17.625 73.875 15.99
17.625 74.125 3.425
17.625 74.375 1.1957
17.625 74.625 1.8809
17.625 74.875 3.4528
17.625 75.125 3.2025
17.625 75.375 2.9903
17.625 75.625 3.4828
17.625 75.875 3.6415
17.625 76.125 3.8668
17.625 76.375 3.8368
17.625 76.625 7.5793
17.625 76.875 12.262
17.625 77.125 12.81
17.625 77.375 7.6011
17.625 77.625 4.9794
17.625 77.875 13.079
17.625 78.125 9.2744
17.625 78.375 18.886
17.625 78.625 10.663
17.625 78.875 9.6886
17.625 79.125 16.728
17.625 79.375 13.944
17.625 79.625 22.825
17.625 79.875 33.827
17.625 80.125 43.623
17.625 80.375 53.523
17.625 80.625 46.932
17.625 80.875 56.278
17.625 81.125 42.998
17.625 81.375 48.306
17.625 81.625 49.726
17.625 81.875 21.602
17.625 82.125 34.327
17.625 82.375 24.154
17.625 82.625 18.862
17.625 82.875 33.191
17.625 83.125 27.221
17.875 73.375 61.576
17.875 73.625 27.017
17.875 73.875 16.059
17.875 74.125 4.8841
17.875 74.375 3.0247
17.875 74.625 2.2787
17.875 74.875 2.8332
17.875 75.125 2.261
17.875 75.375 2.3536
17.875 75.625 3.5914
17.875 75.875 3.8976
17.875 76.125 4.2962
17.875 76.375 4.4688
17.875 76.625 4.5536
17.875 76.875 5.5668
17.875 77.125 11.919
17.875 77.375 11.733
17.875 77.625 27.054
17.875 77.875 22.799
17.875 78.125 44.925
17.875 78.375 32.084
17.875 78.625 48.882
17.875 78.875 26.367
17.875 79.125 14.509
17.875 79.375 10.936
17.875 79.625 18.286
17.875 79.875 28.517
17.875 80.125 35.51
17.875 80.375 33.745
17.875 80.625 45.335
17.875 80.875 58.623
17.875 81.125 74.219
17.875 81.375 89.412
17.875 81.625 61.522
17.875 81.875 33.658
17.875 82.125 58.673
17.875 82.375 41.236
17.875 82.625 29.786
17.875 82.875 27.091
17.875 83.125 16.136
17.875 83.375 23.603
NaN NaN NaN
18.125 73.375 34.118
18.125 73.625 23.873
18.125 73.875 14.041
18.125 74.125 3.4123
18.125 74.375 2.7941
18.125 74.625 2.5509
18.125 74.875 3.2286
18.125 75.125 2.8658
18.125 75.375 2.7908
18.125 75.625 3.4409
18.125 75.875 3.6662
18.125 76.125 2.8404
18.125 76.375 2.7809
18.125 76.625 1.942
18.125 76.875 4.1315
18.125 77.125 18.813
18.125 77.375 25.363
18.125 77.625 27.31
18.125 77.875 21.466
18.125 78.125 31.591
18.125 78.375 22.469
18.125 78.625 33.897
18.125 78.875 23.446
18.125 79.125 30.255
18.125 79.375 30.366
18.125 79.625 46.245
18.125 79.875 36.636
18.125 80.125 47.124
18.125 80.375 36.693
18.125 80.625 36.338
18.125 80.875 93.239
18.125 81.125 86.239
18.125 81.375 100.44
18.125 81.625 89.852
18.125 81.875 99.945
18.125 82.125 42.982
18.125 82.375 62.072
18.125 82.625 60.972
18.125 82.875 26.206
18.125 83.125 34.127
18.125 83.375 21.819
18.125 83.625 30.15
18.375 73.125 43.819
18.375 73.375 35.247
18.375 73.625 19.373
18.375 73.875 14.291
18.375 74.125 4.9023
18.375 74.375 2.5424
18.375 74.625 2.104
18.375 74.875 2.3198
18.375 75.125 3.1215
18.375 75.375 5.1048
18.375 75.625 4.3304
18.375 75.875 3.6862
18.375 76.125 3.5954
18.375 76.375 4.3391
18.375 76.625 4.927
18.375 76.875 5.5671
18.375 77.125 10.929
18.375 77.375 14.732
18.375 77.625 25.103
18.375 77.875 21.71
18.375 78.125 30.559
18.375 78.375 42.305
18.375 78.625 41.63
18.375 78.875 28.285
18.375 79.125 49.882
18.375 79.375 42.405
18.375 79.625 43.187
18.375 79.875 52.13
18.375 80.125 50.081
18.375 80.375 62.491
18.375 80.625 86.056
18.375 80.875 80.702
18.375 81.125 91.883
18.375 81.375 73.709
18.375 81.625 75.197
18.375 81.875 99.508
18.375 82.125 100.31
18.375 82.375 93.637
18.375 82.625 69.901
18.375 82.875 34.435
18.375 83.125 34.113
18.375 83.375 21.813
18.375 83.625 24.888
18.375 83.875 34.378
18.625 73.125 56.283
18.625 73.375 47.67
18.625 73.625 21.987
18.625 73.875 15.009
18.625 74.125 4.6232
18.625 74.375 2.7724
18.625 74.625 2.268
18.625 74.875 2.4932
18.625 75.125 3.0731
18.625 75.375 3.6039
18.625 75.625 2.2405
18.625 75.875 2.2342
18.625 76.125 2.4116
18.625 76.375 5.1318
18.625 76.625 12.261
18.625 76.875 5.9039
18.625 77.125 5.6393
18.625 77.375 9.7551
18.625 77.625 22.299
18.625 77.875 19.023
18.625 78.125 13.837
18.625 78.375 38.618
18.625 78.625 23.853
18.625 78.875 34.503
18.625 79.125 26.934
18.625 79.375 31.877
18.625 79.625 27.241
18.625 79.875 49.544
18.625 80.125 56.976
18.625 80.375 63.697
18.625 80.625 55.95
18.625 80.875 79.162
18.625 81.125 70.806
18.625 81.375 91.591
18.625 81.625 93.461
18.625 81.875 93.131
18.625 82.125 95.194
18.625 82.375 105.08
18.625 82.625 37.531
18.625 82.875 30.984
18.625 83.125 35.985
18.625 83.375 27.457
18.625 83.625 32.182
18.625 83.875 31.576
18.625 84.125 27.052
18.875 73.125 64.642
18.875 73.375 45.037
18.875 73.625 19.964
18.875 73.875 16.073
18.875 74.125 3.9677
18.875 74.375 3.5285
18.875 74.625 3.0974
18.875 74.875 3.038
18.875 75.125 2.9274
18.875 75.375 2.0992
18.875 75.625 1.8509
18.875 75.875 1.7275
18.875 76.125 7.497
18.875 76.375 6.3592
18.875 76.625 8.8253
18.875 76.875 9.3877
18.875 77.125 7.7821
18.875 77.375 9.6587
18.875 77.625 15.601
18.875 77.875 16.035
18.875 78.125 15.927
18.875 78.375 0.80264
18.875 78.625 38.894
18.875 78.875 51.02
18.875 79.125 28.642
18.875 79.375 43.596
18.875 79.625 31.604
18.875 79.875 48.185
18.875 80.125 72.803
18.875 80.375 52.295
18.875 80.625 56.283
18.875 80.875 54.072
18.875 81.125 41.109
18.875 81.375 36.23
18.875 81.625 56.671
18.875 81.875 79.514
18.875 82.125 81.831
18.875 82.375 105.19
18.875 82.625 32.284
18.875 82.875 34.715
18.875 83.125 18.7
18.875 83.375 28.359
18.875 83.625 31.299
18.875 83.875 32.809
18.875 84.125 32.831
18.875 84.375 33.227
19.125 73.125 53.376
19.125 73.375 50.016
19.125 73.625 15.222
19.125 73.875 11.56
19.125 74.125 3.7872
19.125 74.375 2.237
19.125 74.625 3.2081
19.125 74.875 3.0207
19.125 75.125 1.8907
19.125 75.375 2.1647
19.125 75.625 1.6565
19.125 75.875 1.7442
19.125 76.125 3.9075
19.125 76.375 4.0936
19.125 76.625 6.154
19.125 76.875 3.424
19.125 77.125 6.5035
19.125 77.375 13.97
19.125 77.625 9.5219
19.125 77.875 12.497
19.125 78.125 6.8494
19.125 78.375 13.351
19.125 78.625 34.99
19.125 78.875 46.667
19.125 79.125 40.473
19.125 79.375 28.108
19.125 79.625 29.761
19.125 79.875 29.354
19.125 80.125 48.629
19.125 80.375 47.638
19.125 80.625 36.029
19.125 80.875 53.372
19.125 81.125 51.186
19.125 81.375 41.313
19.125 81.625 27.488
19.125 81.875 26.348
19.125 82.125 31.017
19.125 82.375 29.404
19.125 82.625 27.571
19.125 82.875 29.625
19.125 83.125 29.801
19.125 83.375 19.835
19.125 83.625 26.361
19.125 83.875 20.226
19.125 84.125 24.323
19.125 84.375 33.293
19.125 84.625 43.28
19.375 72.875 48.668
19.375 73.125 43.955
19.375 73.375 60.215
19.375 73.625 40.533
19.375 73.875 9.5888
19.375 74.125 3.424
19.375 74.375 3.139
19.375 74.625 1.7178
19.375 74.875 1.3414
19.375 75.125 2.3423
19.375 75.375 2.3961
19.375 75.625 1.1837
19.375 75.875 1.1633
19.375 76.125 2.0316
19.375 76.375 1.5826
19.375 76.625 1.6025
19.375 76.875 1.8185
19.375 77.125 4.2145
19.375 77.375 3.6263
19.375 77.625 5.6913
19.375 77.875 6.7577
19.375 78.125 21.784
19.375 78.375 25.756
19.375 78.625 29.968
19.375 78.875 26.157
19.375 79.125 26.591
19.375 79.375 37.406
19.375 79.625 27.64
19.375 79.875 29.17
19.375 80.125 30.468
19.375 80.375 33.703
19.375 80.625 47.421
19.375 80.875 51.853
19.375 81.125 55.225
19.375 81.375 54.303
19.375 81.625 26.069
19.375 81.875 25.418
19.375 82.125 27.487
19.375 82.375 54.375
19.375 82.625 27.949
19.375 82.875 28.208
19.375 83.125 29.664
19.375 83.375 28.975
19.375 83.625 22.701
19.375 83.875 16.329
19.375 84.125 31.601
19.375 84.375 24.74
19.375 84.625 25.486
19.375 84.875 35.749
19.625 72.875 53.067
19.625 73.125 50.496
19.625 73.375 59.694
19.625 73.625 27.519
19.625 73.875 9.028
19.625 74.125 2.8007
19.625 74.375 1.3544
19.625 74.625 1.4369
19.625 74.875 1.7768
19.625 75.125 2.8447
19.625 75.375 2.0844
19.625 75.625 1.7134
19.625 75.875 2.0822
19.625 76.125 3.6787
19.625 76.375 2.2905
19.625 76.625 1.4733
19.625 76.875 1.1953
19.625 77.125 2.4966
19.625 77.375 4.9907
19.625 77.625 5.8838
19.625 77.875 9.2724
19.625 78.125 9.3853
19.625 78.375 16.067
19.625 78.625 19.102
19.625 78.875 21.762
19.625 79.125 16.832
19.625 79.375 9.2108
19.625 79.625 18.263
19.625 79.875 22.474
19.625 80.125 30.193
19.625 80.375 32.644
19.625 80.625 49.612
19.625 80.875 52.274
19.625 81.125 55.524
19.625 81.375 24.472
19.625 81.625 24.076
19.625 81.875 33.658
19.625 82.125 23.688
19.625 82.375 23.085
19.625 82.625 49.84
19.625 82.875 29.04
19.625 83.125 55.644
19.625 83.375 29.408
19.625 83.625 31.902
19.625 83.875 30.383
19.625 84.125 27.492
19.625 84.375 32.851
19.625 84.625 41.79
19.625 84.875 31.176
19.625 85.125 22.409
19.625 85.375 40.819
19.875 72.875 61.083
19.875 73.125 42.75
19.875 73.375 48.287
19.875 73.625 16.201
19.875 73.875 8.7341
19.875 74.125 1.8127
19.875 74.375 1.3988
19.875 74.625 1.9058
19.875 74.875 6.0448
19.875 75.125 2.9442
19.875 75.375 2.7202
19.875 75.625 3.4902
19.875 75.875 5.9488
19.875 76.125 12.84
19.875 76.375 10.581
19.875 76.625 5.3556
19.875 76.875 6.7435
19.875 77.125 4.8491
19.875 77.375 5.1478
19.875 77.625 10.186
19.875 77.875 6.8494
19.875 78.125 6.5005
19.875 78.375 6.5961
19.875 78.625 9.944
19.875 78.875 12.543
19.875 79.125 12.991
19.875 79.375 9.3849
19.875 79.625 16.219
19.875 79.875 29.576
19.875 80.125 48.104
19.875 80.375 31.393
19.875 80.625 35.229
19.875 80.875 53.582
19.875 81.125 52.616
19.875 81.375 20.986
19.875 81.625 24.508
19.875 81.875 40.986
19.875 82.125 29.196
19.875 82.375 55.623
19.875 82.625 27.794
19.875 82.875 28.685
19.875 83.125 27.908
19.875 83.375 33.932
19.875 83.625 42.533
19.875 83.875 40.251
19.875 84.125 32.119
19.875 84.375 28.951
19.875 84.625 46.805
19.875 84.875 44.368
19.875 85.125 46.156
19.875 85.375 34.792
NaN NaN NaN
NaN NaN NaN
NaN NaN NaN
20.125 72.875 52.449
20.125 73.125 43.373
20.125 73.375 41.608
20.125 73.625 40.969
20.125 73.875 9.1913
20.125 74.125 10.98
20.125 74.375 2.5011
20.125 74.625 2.6218
20.125 74.875 3.4172
20.125 75.125 5.0177
20.125 75.375 5.5374
20.125 75.625 3.2045
20.125 75.875 4.2307
20.125 76.125 7.0639
20.125 76.375 8.4151
20.125 76.625 5.1162
20.125 76.875 5.4692
20.125 77.125 4.0915
20.125 77.375 5.6931
20.125 77.625 9.8117
20.125 77.875 6.1787
20.125 78.125 6.5406
20.125 78.375 7.1801
20.125 78.625 10.9
20.125 78.875 11.442
20.125 79.125 10.966
20.125 79.375 13.563
20.125 79.625 27.396
20.125 79.875 33.123
20.125 80.125 33.915
20.125 80.375 44.58
20.125 80.625 35.796
20.125 80.875 30.674
20.125 81.125 29.842
20.125 81.375 28.448
20.125 81.625 28.597
20.125 81.875 34.824
20.125 82.125 31.409
20.125 82.375 22.508
20.125 82.625 43.454
20.125 82.875 29.088
20.125 83.125 48.366
20.125 83.375 32.401
20.125 83.625 61.551
20.125 83.875 69.791
20.125 84.125 71.432
20.125 84.375 62.129
20.125 84.625 44.567
20.125 84.875 62.95
20.125 85.125 61.539
20.125 85.375 35.314
20.125 85.625 34.993
20.125 85.875 38.672
20.125 86.125 55.404
NaN NaN NaN
20.375 73.125 47.547
20.375 73.375 45.584
20.375 73.625 30.242
20.375 73.875 9.0385
20.375 74.125 1.5204
20.375 74.375 1.4519
20.375 74.625 1.7273
20.375 74.875 2.2454
20.375 75.125 5.984
20.375 75.375 13.083
20.375 75.625 7.6942
20.375 75.875 8.8002
20.375 76.125 9.706
20.375 76.375 3.599
20.375 76.625 2.1447
20.375 76.875 1.5909
20.375 77.125 2.2336
20.375 77.375 5.154
20.375 77.625 5.7847
20.375 77.875 6.3742
20.375 78.125 11.907
20.375 78.375 7.5111
20.375 78.625 6.9156
20.375 78.875 10.009
20.375 79.125 12.245
20.375 79.375 24.664
20.375 79.625 30.154
20.375 79.875 32.493
20.375 80.125 31.867
20.375 80.375 43.413
20.375 80.625 49.396
20.375 80.875 33.18
20.375 81.125 34.275
20.375 81.375 34.37
20.375 81.625 30.094
20.375 81.875 33.181
20.375 82.125 35.306
20.375 82.375 34.555
20.375 82.625 31.282
20.375 82.875 32.945
20.375 83.125 53.317
20.375 83.375 36.154
20.375 83.625 36.863
20.375 83.875 37.583
20.375 84.125 60.515
20.375 84.375 51.621
20.375 84.625 52.712
20.375 84.875 59.867
20.375 85.125 63.415
20.375 85.375 35.698
20.375 85.625 46.569
20.375 85.875 42.045
20.375 86.125 52.612
20.375 86.375 61.683
NaN NaN NaN
20.625 73.125 12.511
20.625 73.375 26.71
20.625 73.625 27.352
20.625 73.875 13.093
20.625 74.125 1.9372
20.625 74.375 1.2964
20.625 74.625 2.1863
20.625 74.875 5.0575
20.625 75.125 4.3624
20.625 75.375 4.2774
20.625 75.625 2.8381
20.625 75.875 1.5925
20.625 76.125 2.6642
20.625 76.375 1.6801
20.625 76.625 1.3535
20.625 76.875 1.7035
20.625 77.125 1.8431
20.625 77.375 2.4759
20.625 77.625 5.9147
20.625 77.875 5.3533
20.625 78.125 8.8357
20.625 78.375 9.4848
20.625 78.625 7.8218
20.625 78.875 11.104
20.625 79.125 20.87
20.625 79.375 20.642
20.625 79.625 24.808
20.625 79.875 30.882
20.625 80.125 31.735
20.625 80.375 42.641
20.625 80.625 33.426
20.625 80.875 37.181
20.625 81.125 31.689
20.625 81.375 34.232
20.625 81.625 29.841
20.625 81.875 35.86
20.625 82.125 37.541
20.625 82.375 31.49
20.625 82.625 45.751
20.625 82.875 49.325
20.625 83.125 56.954
20.625 83.375 37.889
20.625 83.625 37.356
20.625 83.875 34.216
20.625 84.125 44.49
20.625 84.375 53.839
20.625 84.625 44.522
20.625 84.875 50.481
20.625 85.125 51.883
20.625 85.375 46.125
20.625 85.625 36.988
20.625 85.875 42.875
20.625 86.125 38.978
20.625 86.375 46.013
20.625 86.625 57.122
NaN NaN NaN
20.875 70.625 12.633
20.875 70.875 12.258
20.875 71.125 9.7072
20.875 71.375 19.165
20.875 72.875 20.069
20.875 73.125 10.752
20.875 73.375 19.673
20.875 73.625 20.102
20.875 73.875 7.8024
20.875 74.125 2.3418
20.875 74.375 2.2651
20.875 74.625 2.1232
20.875 74.875 2.1711
20.875 75.125 2.5575
20.875 75.375 2.2011
20.875 75.625 1.2864
20.875 75.875 1.7133
20.875 76.125 2.1383
20.875 76.375 1.2678
20.875 76.625 1.9248
20.875 76.875 1.8013
20.875 77.125 1.3371
20.875 77.375 1.7867
20.875 77.625 2.2258
20.875 77.875 5.9445
20.875 78.125 7.1812
20.875 78.375 8.9105
20.875 78.625 15.27
20.875 78.875 15.424
20.875 79.125 10.511
20.875 79.375 17.228
20.875 79.625 22.104
20.875 79.875 33.369
20.875 80.125 42.078
20.875 80.375 25.342
20.875 80.625 29.129
20.875 80.875 30.597
20.875 81.125 28.924
20.875 81.375 26.455
20.875 81.625 39.461
20.875 81.875 31.829
20.875 82.125 30.407
20.875 82.375 42.803
20.875 82.625 35.093
20.875 82.875 48.207
20.875 83.125 54.083
20.875 83.375 34.065
20.875 83.625 36.449
20.875 83.875 40.173
20.875 84.125 37.743
20.875 84.375 40.838
20.875 84.625 62.404
20.875 84.875 46.561
20.875 85.125 33.727
20.875 85.375 34.557
20.875 85.625 38.388
20.875 85.875 39.392
20.875 86.125 38.159
20.875 86.375 41.843
20.875 86.625 55.137
21.125 70.375 11.613
21.125 70.625 6.0662
21.125 70.875 2.2825
21.125 71.125 4.076
21.125 71.375 7.4732
NaN NaN NaN
NaN NaN NaN
21.125 72.875 11.584
21.125 73.125 5.8817
21.125 73.375 12.858
21.125 73.625 8.5394
21.125 73.875 5.3504
21.125 74.125 2.4251
21.125 74.375 1.5375
21.125 74.625 2.0593
21.125 74.875 3.5488
21.125 75.125 1.8142
21.125 75.375 3.1299
21.125 75.625 4.2952
21.125 75.875 5.2253
21.125 76.125 5.1582
21.125 76.375 2.7083
21.125 76.625 3.2394
21.125 76.875 2.475
21.125 77.125 2.6184
21.125 77.375 2.0055
21.125 77.625 2.2597
21.125 77.875 3.1341
21.125 78.125 6.3702
21.125 78.375 10.595
21.125 78.625 13.02
21.125 78.875 17.115
21.125 79.125 16.8
21.125 79.375 17.457
21.125 79.625 24.348
21.125 79.875 42.116
21.125 80.125 29.763
21.125 80.375 39.543
21.125 80.625 25.451
21.125 80.875 51.656
21.125 81.125 51.514
21.125 81.375 20.997
21.125 81.625 41.099
21.125 81.875 42.659
21.125 82.125 49.481
21.125 82.375 34.96
21.125 82.625 50.038
21.125 82.875 42.73
21.125 83.125 42.27
21.125 83.375 46.131
21.125 83.625 44.762
21.125 83.875 43.703
21.125 84.125 35.105
21.125 84.375 51.595
21.125 84.625 44.974
21.125 84.875 36.076
21.125 85.125 36.975
21.125 85.375 34.809
21.125 85.625 52.189
21.125 85.875 56.566
21.125 86.125 40.224
21.125 86.375 46.362
21.125 86.625 48.514
21.375 70.125 7.4741
21.375 70.375 9.3334
21.375 70.625 5.7422
21.375 70.875 3.0076
21.375 71.125 2.8983
21.375 71.375 1.6759
21.375 71.625 2.4178
21.375 71.875 3.57
21.375 72.875 15.711
21.375 73.125 14.185
21.375 73.375 20.437
21.375 73.625 18.282
21.375 73.875 3.6143
21.375 74.125 1.7999
21.375 74.375 1.7076
21.375 74.625 2.2318
21.375 74.875 6.8123
21.375 75.125 7.0007
21.375 75.375 7.7015
21.375 75.625 9.8178
21.375 75.875 7.5703
21.375 76.125 11.923
21.375 76.375 4.1132
21.375 76.625 5.0948
21.375 76.875 7.6744
21.375 77.125 8.1369
21.375 77.375 5.9548
21.375 77.625 2.8853
21.375 77.875 7.5381
21.375 78.125 7.8792
21.375 78.375 9.7189
21.375 78.625 12.743
21.375 78.875 15.12
21.375 79.125 12.972
21.375 79.375 18.208
21.375 79.625 24.055
21.375 79.875 27.268
21.375 80.125 24.783
21.375 80.375 28.107
21.375 80.625 26.251
21.375 80.875 29.754
21.375 81.125 36.68
21.375 81.375 46.737
21.375 81.625 47.251
21.375 81.875 42.342
21.375 82.125 37.003
21.375 82.375 34.666
21.375 82.625 33.681
21.375 82.875 37.858
21.375 83.125 48.287
21.375 83.375 35.808
21.375 83.625 38.225
21.375 83.875 43.015
21.375 84.125 35.491
21.375 84.375 58.099
21.375 84.625 58.295
21.375 84.875 35.732
21.375 85.125 35.077
21.375 85.375 30.918
21.375 85.625 59.799
21.375 85.875 60.178
21.375 86.125 57.786
21.375 86.375 61.452
21.375 86.625 55.53
21.375 86.875 72.179
21.625 69.875 2.9342
21.625 70.125 3.0583
21.625 70.375 5.4285
21.625 70.625 6.8854
21.625 70.875 4.0284
21.625 71.125 1.3766
21.625 71.375 4.4169
21.625 71.625 6.34
21.625 71.875 3.6647
21.625 72.125 5.3945
21.625 72.875 17.607
21.625 73.125 16.024
21.625 73.375 25.27
21.625 73.625 16.449
21.625 73.875 4.8053
21.625 74.125 3.4483
21.625 74.375 1.897
21.625 74.625 4.2217
21.625 74.875 10.935
21.625 75.125 15.396
21.625 75.375 13.912
21.625 75.625 12.739
21.625 75.875 10.036
21.625 76.125 13.504
21.625 76.375 10.247
21.625 76.625 9.4258
21.625 76.875 10.899
21.625 77.125 13.229
21.625 77.375 12.117
21.625 77.625 6.0269
21.625 77.875 11.825
21.625 78.125 10.623
21.625 78.375 9.299
21.625 78.625 13.073
21.625 78.875 10.042
21.625 79.125 12.235
21.625 79.375 13.326
21.625 79.625 22.816
21.625 79.875 28.752
21.625 80.125 29.075
21.625 80.375 35.288
21.625 80.625 31.905
21.625 80.875 26.42
21.625 81.125 12.186
21.625 81.375 36.177
21.625 81.625 40.087
21.625 81.875 44.996
21.625 82.125 37.994
21.625 82.375 33.403
21.625 82.625 32.538
21.625 82.875 36.207
21.625 83.125 41.327
21.625 83.375 33.373
21.625 83.625 42.162
21.625 83.875 45.605
21.625 84.125 51.697
21.625 84.375 38.907
21.625 84.625 59.296
21.625 84.875 56.502
21.625 85.125 53.52
21.625 85.375 55.604
21.625 85.625 59.925
21.625 85.875 63.564
21.625 86.125 63.651
21.625 86.375 72.703
21.625 86.625 76.087
21.625 86.875 70.181
21.625 87.125 73.493
NaN NaN NaN
NaN NaN NaN
21.875 69.625 3.7712
21.875 69.875 3.3531
21.875 70.125 3.3161
21.875 70.375 5.6085
21.875 70.625 9.6979
21.875 70.875 3.7774
21.875 71.125 1.0779
21.875 71.375 2.6891
21.875 71.625 5.8123
21.875 71.875 3.6382
21.875 72.125 4.2712
NaN NaN NaN
21.875 72.875 6.4934
21.875 73.125 10.447
21.875 73.375 11.787
21.875 73.625 11.769
21.875 73.875 5.0268
21.875 74.125 2.431
21.875 74.375 1.9667
21.875 74.625 3.1937
21.875 74.875 10.531
21.875 75.125 7.1617
21.875 75.375 9.9573
21.875 75.625 13.373
21.875 75.875 8.9686
21.875 76.125 10.18
21.875 76.375 10.138
21.875 76.625 10.834
21.875 76.875 16.218
21.875 77.125 16.669
21.875 77.375 18.01
21.875 77.625 13.371
21.875 77.875 14.463
21.875 78.125 35.551
21.875 78.375 38.877
21.875 78.625 19.131
21.875 78.875 17.093
21.875 79.125 19.283
21.875 79.375 22.735
21.875 79.625 31.764
21.875 79.875 29.4
21.875 80.125 35.132
21.875 80.375 50.007
21.875 80.625 36.812
21.875 80.875 31.658
21.875 81.125 12.668
21.875 81.375 20.881
21.875 81.625 31.151
21.875 81.875 34.609
21.875 82.125 35.256
21.875 82.375 37.91
21.875 82.625 31.291
21.875 82.875 29.302
21.875 83.125 33.963
21.875 83.375 36.181
21.875 83.625 41.769
21.875 83.875 49.337
21.875 84.125 37.631
21.875 84.375 46.278
21.875 84.625 57.885
21.875 84.875 55.221
21.875 85.125 51.595
21.875 85.375 57.466
21.875 85.625 60.367
21.875 85.875 64.325
21.875 86.125 62.173
21.875 86.375 45.346
21.875 86.625 77.983
21.875 86.875 74.351
21.875 87.125 66.043
21.875 87.375 68.031
21.875 87.625 59.564
21.875 87.875 62.694
21.875 88.375 53.516
NaN NaN NaN
NaN NaN NaN
22.125 69.125 6.8842
22.125 69.375 5.4472
22.125 69.625 2.9667
22.125 69.875 2.6963
22.125 70.125 2.7786
22.125 70.375 2.71
22.125 70.625 3.6534
22.125 70.875 4.9396
22.125 71.125 1.2332
22.125 71.375 2.2977
22.125 71.625 6.5571
22.125 71.875 2.477
22.125 72.125 6.9663
NaN NaN NaN
22.125 72.875 7.3734
22.125 73.125 6.3362
22.125 73.375 11.944
22.125 73.625 10.059
22.125 73.875 8.305
22.125 74.125 6.0138
22.125 74.375 2.4886
22.125 74.625 2.0303
22.125 74.875 5.8556
22.125 75.125 6.349
22.125 75.375 5.2092
22.125 75.625 6.1615
22.125 75.875 6.0697
22.125 76.125 4.2136
22.125 76.375 8.5174
22.125 76.625 12.83
22.125 76.875 16.635
22.125 77.125 19.318
22.125 77.375 20.873
22.125 77.625 15.514
22.125 77.875 27.237
22.125 78.125 36.903
22.125 78.375 34.357
22.125 78.625 26.053
22.125 78.875 20.914
22.125 79.125 20.619
22.125 79.375 18.584
22.125 79.625 22.49
22.125 79.875 30.88
22.125 80.125 36.343
22.125 80.375 39.046
22.125 80.625 41.903
22.125 80.875 34.471
22.125 81.125 21.401
22.125 81.375 29.898
22.125 81.625 25.492
22.125 81.875 36.718
22.125 82.125 28.494
22.125 82.375 42.67
22.125 82.625 25.385
22.125 82.875 29.423
22.125 83.125 22.227
22.125 83.375 24.281
22.125 83.625 42.048
22.125 83.875 31.497
22.125 84.125 32.973
22.125 84.375 38.372
22.125 84.625 48.146
22.125 84.875 34.735
22.125 85.125 56.295
22.125 85.375 56.973
22.125 85.625 56.048
22.125 85.875 58.833
22.125 86.125 64.05
22.125 86.375 75.559
22.125 86.625 71.472
22.125 86.875 67.769
22.125 87.125 66.811
22.125 87.375 66.343
22.125 87.625 68.201
22.125 87.875 59.731
22.125 88.125 56.233
22.125 88.375 49.01
NaN NaN NaN
22.375 69.125 8.2564
22.375 69.875 1.9625
22.375 70.125 2.2518
22.375 70.375 1.4189
22.375 70.625 3.1511
22.375 70.875 3.8346
22.375 71.125 3.2943
22.375 71.375 4.0876
22.375 71.625 1.9449
22.375 71.875 6.3115
22.375 72.125 15.043
NaN NaN NaN
22.375 72.875 3.9596
22.375 73.125 15.244
22.375 73.375 13.408
22.375 73.625 21.283
22.375 73.875 14.019
22.375 74.125 4.7876
22.375 74.375 4.5622
22.375 74.625 2.9987
22.375 74.875 5.0014
22.375 75.125 6.9463
22.375 75.375 8.18
22.375 75.625 6.5669
22.375 75.875 14.17
22.375 76.125 11.752
22.375 76.375 12.276
22.375 76.625 21.055
22.375 76.875 19.116
22.375 77.125 21.014
22.375 77.375 14.345
22.375 77.625 14.817
22.375 77.875 34.053
22.375 78.125 44.256
22.375 78.375 42.714
22.375 78.625 27.753
22.375 78.875 26.583
22.375 79.125 27.511
22.375 79.375 27.786
22.375 79.625 23.354
22.375 79.875 33.324
22.375 80.125 35.136
22.375 80.375 44.309
22.375 80.625 40.782
22.375 80.875 40.39
22.375 81.125 55.357
22.375 81.375 29.372
22.375 81.625 25.078
22.375 81.875 28.595
22.375 82.125 25.682
22.375 82.375 33.351
22.375 82.625 22.804
22.375 82.875 17.263
22.375 83.125 16.893
22.375 83.375 16.483
22.375 83.625 13.706
22.375 83.875 34.558
22.375 84.125 32.243
22.375 84.375 38.19
22.375 84.625 32.704
22.375 84.875 38.468
22.375 85.125 49.732
22.375 85.375 48.314
22.375 85.625 43.448
22.375 85.875 42.985
22.375 86.125 43.328
22.375 86.375 55.468
22.375 86.625 64.575
22.375 86.875 65.632
22.375 87.125 65.906
22.375 87.375 55.845
22.375 87.625 56.93
22.375 87.875 55.133
22.375 88.125 44.814
22.375 88.375 47.176
22.375 88.625 48.249
22.375 88.875 49.004
NaN NaN NaN
22.625 70.375 2.8187
22.625 70.625 7.0724
22.625 70.875 3.0669
22.625 71.125 3.5157
22.625 71.375 3.2181
22.625 71.625 2.6835
22.625 71.875 1.8721
22.625 72.125 7.3185
22.625 72.375 17.906
22.625 72.625 37.141
22.625 72.875 4.2626
22.625 73.125 4.5348
22.625 73.375 16.53
22.625 73.625 4.1923
22.625 73.875 4.4515
22.625 74.125 5.1412
22.625 74.375 7.92
22.625 74.625 6.3928
22.625 74.875 8.161
22.625 75.125 10.989
22.625 75.375 12.432
22.625 75.625 10.058
22.625 75.875 16.364
22.625 76.125 8.8125
22.625 76.375 11.783
22.625 76.625 18.872
22.625 76.875 23.208
22.625 77.125 15.724
22.625 77.375 12.086
22.625 77.625 14.07
22.625 77.875 25.959
22.625 78.125 32.097
22.625 78.375 28.732
22.625 78.625 29.427
22.625 78.875 27.561
22.625 79.125 28.258
22.625 79.375 30.402
22.625 79.625 34.646
22.625 79.875 37.153
22.625 80.125 30.511
22.625 80.375 29.005
22.625 80.625 30.011
22.625 80.875 38.137
22.625 81.125 21.925
22.625 81.375 22.363
22.625 81.625 52.165
22.625 81.875 26.334
22.625 82.125 24.606
22.625 82.375 19.043
22.625 82.625 18.991
22.625 82.875 15.282
22.625 83.125 10.068
22.625 83.375 33.418
22.625 83.625 30.162
22.625 83.875 23.048
22.625 84.125 29.295
22.625 84.375 37.725
22.625 84.625 31.533
22.625 84.875 31.954
22.625 85.125 56.146
22.625 85.375 60.249
22.625 85.625 57.547
22.625 85.875 44.294
22.625 86.125 44.951
22.625 86.375 50.24
22.625 86.625 56.742
22.625 86.875 59.927
22.625 87.125 61.522
22.625 87.375 55.577
22.625 87.625 56.678
22.625 87.875 62.217
22.625 88.125 69.747
22.625 88.375 60.097
22.625 88.625 50.531
22.625 88.875 48.798
22.625 92.625 52.428
22.625 92.875 83.513
NaN NaN NaN
NaN NaN NaN
NaN NaN NaN
22.875 70.625 6.1048
22.875 70.875 3.5811
22.875 71.125 2.096
22.875 71.375 1.1318
22.875 71.625 1.5444
22.875 71.875 3.6922
22.875 72.125 2.0971
22.875 72.375 11.404
22.875 72.625 22.046
22.875 72.875 6.8162
22.875 73.125 14.956
22.875 73.375 13.933
22.875 73.625 4.3248
22.875 73.875 2.6594
22.875 74.125 6.0665
22.875 74.375 5.756
22.875 74.625 6.2616
22.875 74.875 7.6036
22.875 75.125 10.569
22.875 75.375 14.647
22.875 75.625 12.253
22.875 75.875 12.094
22.875 76.125 11.1
22.875 76.375 11.195
22.875 76.625 13.856
22.875 76.875 14.169
22.875 77.125 20.4
22.875 77.375 8.6576
22.875 77.625 19.806
22.875 77.875 23.412
22.875 78.125 22.082
22.875 78.375 24.426
22.875 78.625 26.483
22.875 78.875 25.668
22.875 79.125 27.024
22.875 79.375 25.876
22.875 79.625 27.925
22.875 79.875 25.883
22.875 80.125 33.155
22.875 80.375 30.231
22.875 80.625 37.338
22.875 80.875 43.604
22.875 81.125 44.47
22.875 81.375 35.286
22.875 81.625 37.516
22.875 81.875 28.277
22.875 82.125 24.886
22.875 82.375 27.213
22.875 82.625 21.347
22.875 82.875 22.877
22.875 83.125 15.692
22.875 83.375 17.079
22.875 83.625 28.316
22.875 83.875 22.235
22.875 84.125 26.13
22.875 84.375 33.646
22.875 84.625 61.456
22.875 84.875 59.032
22.875 85.125 59.398
22.875 85.375 50.832
22.875 85.625 55.301
22.875 85.875 48.24
22.875 86.125 40.977
22.875 86.375 46.509
22.875 86.625 49.55
22.875 86.875 53.118
22.875 87.125 57.712
22.875 87.375 55.37
22.875 87.625 52.873
22.875 87.875 51.645
22.875 88.125 55.87
22.875 88.375 55.03
22.875 88.625 53.973
22.875 92.625 43.979
22.875 92.875 62.126
23.125 68.875 1.9851
23.125 69.125 2.8258
23.125 69.375 2.9654
23.125 69.625 2.6393
23.125 69.875 2.987
23.125 70.125 2.9479
23.125 70.875 2.6915
23.125 71.125 2.7764
23.125 71.375 1.1404
23.125 71.625 1.2071
23.125 71.875 1.7173
23.125 72.125 20.516
23.125 72.375 4.3996
23.125 72.625 12.43
23.125 72.875 6.7183
23.125 73.125 3.2779
23.125 73.375 10.503
23.125 73.625 10.428
23.125 73.875 2.7227
23.125 74.125 3.875
23.125 74.375 3.9505
23.125 74.625 4.8177
23.125 74.875 7.6436
23.125 75.125 11.974
23.125 75.375 9.3548
23.125 75.625 10.13
23.125 75.875 11.984
23.125 76.125 12.287
23.125 76.375 16.175
23.125 76.625 16.491
23.125 76.875 19.54
23.125 77.125 22.716
23.125 77.375 22.613
23.125 77.625 23.154
23.125 77.875 23.182
23.125 78.125 21.77
23.125 78.375 20.05
23.125 78.625 18.546
23.125 78.875 23.919
23.125 79.125 27.004
23.125 79.375 25.074
23.125 79.625 24.346
23.125 79.875 29.802
23.125 80.125 30.042
23.125 80.375 36.911
23.125 80.625 29.104
23.125 80.875 45.724
23.125 81.125 46.603
23.125 81.375 39.879
23.125 81.625 28.683
23.125 81.875 26.243
23.125 82.125 28.34
23.125 82.375 32.812
23.125 82.625 23.927
23.125 82.875 23.456
23.125 83.125 27.456
23.125 83.375 28.844
23.125 83.625 43.342
23.125 83.875 40.673
23.125 84.125 42.062
23.125 84.375 42.805
23.125 84.625 34.978
23.125 84.875 53.52
23.125 85.125 53.036
23.125 85.375 59.705
23.125 85.625 49.032
23.125 85.875 43.546
23.125 86.125 51.107
23.125 86.375 48.925
23.125 86.625 50.519
23.125 86.875 46.562
23.125 87.125 64.307
23.125 87.375 51.443
23.125 87.625 43.697
23.125 87.875 30.057
23.125 88.125 31.917
23.125 88.375 41.468
23.125 88.625 36.602
NaN NaN NaN
23.125 92.625 36.317
23.125 92.875 53.911
NaN NaN NaN
23.375 68.875 2.1594
23.375 69.125 2.5702
23.375 69.375 2.7783
23.375 69.625 2.3134
23.375 69.875 2.2608
23.375 70.125 3.2598
23.375 70.375 5.352
23.375 70.625 5.6824
23.375 70.875 7.2046
23.375 71.125 4.8303
23.375 71.375 1.808
23.375 71.625 1.1821
23.375 71.875 6.8974
23.375 72.125 5.1577
23.375 72.375 4.7054
23.375 72.625 6.6901
23.375 72.875 8.8564
23.375 73.125 6.809
23.375 73.375 5.7616
23.375 73.625 2.7669
23.375 73.875 3.5321
23.375 74.125 4.1501
23.375 74.375 7.7073
23.375 74.625 7.3908
23.375 74.875 8.4865
23.375 75.125 12.927
23.375 75.375 13.07
23.375 75.625 9.3885
23.375 75.875 14.372
23.375 76.125 22.359
23.375 76.375 20.543
23.375 76.625 17.312
23.375 76.875 16.137
23.375 77.125 22.112
23.375 77.375 27.376
23.375 77.625 24.782
23.375 77.875 26.059
23.375 78.125 32.025
23.375 78.375 27.909
23.375 78.625 21.173
23.375 78.875 26.878
23.375 79.125 30.588
23.375 79.375 31.571
23.375 79.625 28.897
23.375 79.875 27.797
23.375 80.125 26.402
23.375 80.375 58.653
23.375 80.625 62.913
23.375 80.875 42.685
23.375 81.125 38.102
23.375 81.375 20.775
23.375 81.625 23.783
23.375 81.875 23.759
23.375 82.125 25.478
23.375 82.375 46.513
23.375 82.625 44.396
23.375 82.875 22.464
23.375 83.125 29.254
23.375 83.375 27.557
23.375 83.625 34.063
23.375 83.875 36.899
23.375 84.125 25.373
23.375 84.375 36.248
23.375 84.625 34.034
23.375 84.875 45.946
23.375 85.125 54.824
23.375 85.375 63.84
23.375 85.625 49.624
23.375 85.875 47.774
23.375 86.125 35.14
23.375 86.375 46.021
23.375 86.625 46.878
23.375 86.875 45.594
23.375 87.125 51.784
23.375 87.375 52.271
23.375 87.625 27.774
23.375 87.875 18.84
23.375 88.125 19.834
23.375 88.375 30.355
23.375 88.625 28.361
23.375 91.375 63.254
23.375 91.625 38.287
23.375 92.625 46.186
23.375 92.875 47.053
23.375 93.125 46.974
23.625 68.625 1.3467
23.625 68.875 1.545
23.625 69.125 2.505
23.625 69.375 2.738
23.625 69.625 2.7503
23.625 69.875 2.7895
23.625 70.125 2.58
23.625 70.375 4.282
23.625 70.625 4.4449
23.625 70.875 7.1419
23.625 71.125 6.7275
23.625 71.375 8.7262
23.625 71.625 1.1829
23.625 71.875 1.3624
23.625 72.125 2.4035
23.625 72.375 1.9964
23.625 72.625 5.7098
23.625 72.875 6.3638
23.625 73.125 8.524
23.625 73.375 4.9522
23.625 73.625 4.0326
23.625 73.875 8.4039
23.625 74.125 17.318
23.625 74.375 14.995
23.625 74.625 10.116
23.625 74.875 6.4179
23.625 75.125 8.6769
23.625 75.375 19.233
23.625 75.625 20.905
23.625 75.875 26.806
23.625 76.125 26.842
23.625 76.375 25.209
23.625 76.625 21.173
23.625 76.875 12.763
23.625 77.125 20.693
23.625 77.375 20.669
23.625 77.625 20.538
23.625 77.875 27.634
23.625 78.125 32.214
23.625 78.375 30.387
23.625 78.625 31.8
23.625 78.875 29.057
23.625 79.125 31.216
23.625 79.375 28.981
23.625 79.625 30.721
23.625 79.875 35.25
23.625 80.125 32.564
23.625 80.375 36.899
23.625 80.625 52.754
23.625 80.875 42.074
23.625 81.125 33.852
23.625 81.375 34.587
23.625 81.625 47.926
23.625 81.875 52.127
23.625 82.125 41.197
23.625 82.375 47.411
23.625 82.625 42.455
23.625 82.875 37.767
23.625 83.125 26.555
23.625 83.375 20.924
23.625 83.625 24.079
23.625 83.875 23.893
23.625 84.125 23.469
23.625 84.375 22.296
23.625 84.625 41.555
23.625 84.875 54.016
23.625 85.125 50.005
23.625 85.375 61.743
23.625 85.625 58.955
23.625 85.875 47.388
23.625 86.125 13.658
23.625 86.375 46.5
23.625 86.625 48.677
23.625 86.875 45.13
23.625 87.125 47.378
23.625 87.375 30.248
23.625 87.625 46.47
23.625 87.875 15.808
23.625 88.125 19.852
23.625 88.375 22.928
23.625 91.375 52.565
23.625 91.625 63.036
NaN NaN NaN
23.625 92.375 39.713
23.625 92.625 52.582
23.625 92.875 47.734
23.625 93.125 33.891
23.875 68.875 2.0421
23.875 69.125 2.3133
23.875 69.375 2.4023
23.875 69.625 2.2691
23.875 69.875 2.0642
23.875 70.125 2.252
23.875 70.375 2.5443
23.875 70.625 2.6193
23.875 70.875 3.3962
23.875 71.125 3.8545
23.875 71.375 6.0505
23.875 71.625 8.2549
23.875 71.875 4.3415
23.875 72.125 3.764
23.875 72.375 4.266
23.875 72.625 4.8239
23.875 72.875 7.9828
23.875 73.125 6.0645
23.875 73.375 6.8096
23.875 73.625 6.5873
23.875 73.875 13.426
23.875 74.125 9.0474
23.875 74.375 13.298
23.875 74.625 12.689
23.875 74.875 9.9499
23.875 75.125 13.97
23.875 75.375 20.103
23.875 75.625 15.747
23.875 75.875 23.676
23.875 76.125 27.242
23.875 76.375 23.615
23.875 76.625 23.451
23.875 76.875 28.304
23.875 77.125 37.403
23.875 77.375 28.284
23.875 77.625 22.555
23.875 77.875 24.701
23.875 78.125 28.68
23.875 78.375 29.145
23.875 78.625 27.197
23.875 78.875 30.791
23.875 79.125 36.659
23.875 79.375 30.518
23.875 79.625 33.374
23.875 79.875 47.144
23.875 80.125 44.721
23.875 80.375 43.621
23.875 80.625 43.958
23.875 80.875 32.957
23.875 81.125 27.175
23.875 81.375 34.893
23.875 81.625 38.274
23.875 81.875 23.363
23.875 82.125 22.265
23.875 82.375 42.493
23.875 82.625 19.971
23.875 82.875 18.904
23.875 83.125 21.532
23.875 83.375 15.609
23.875 83.625 23.14
23.875 83.875 33.013
23.875 84.125 31.022
23.875 84.375 23.391
23.875 84.625 19.402
23.875 84.875 24.805
23.875 85.125 20.382
23.875 85.375 33.557
23.875 85.625 55.948
23.875 85.875 43.307
23.875 86.125 47.735
23.875 86.375 64.409
23.875 86.625 41.616
23.875 86.875 38.258
23.875 87.125 47.44
23.875 87.375 42.903
23.875 87.625 32.93
23.875 87.875 25.376
23.875 88.125 23.054
23.875 88.375 16.557
23.875 91.375 76.154
23.875 91.625 78.128
23.875 91.875 61.16
23.875 92.125 63.101
23.875 92.375 63.103
23.875 92.625 56.643
23.875 92.875 42.221
23.875 93.125 20.132
23.875 93.375 32.299
24.125 68.875 2.4497
24.125 69.125 2.2694
24.125 69.375 2.4584
24.125 69.625 2.549
24.125 69.875 2.3561
24.125 70.125 2.7195
24.125 70.375 3.2848
24.125 70.625 2.6828
24.125 70.875 2.6829
24.125 71.125 2.334
24.125 71.375 0.94283
24.125 71.625 1.5336
24.125 71.875 2.4061
24.125 72.125 5.0975
24.125 72.375 5.0801
24.125 72.625 5.9248
24.125 72.875 4.5946
24.125 73.125 6.3134
24.125 73.375 4.6924
24.125 73.625 8.489
24.125 73.875 9.2837
24.125 74.125 10.242
24.125 74.375 14.093
24.125 74.625 15.938
24.125 74.875 15.685
24.125 75.125 7.9492
24.125 75.375 17.671
24.125 75.625 17.863
24.125 75.875 16.972
24.125 76.125 19.095
24.125 76.375 24.906
24.125 76.625 30.494
24.125 76.875 28.88
24.125 77.125 26.303
24.125 77.375 30.053
24.125 77.625 18.944
24.125 77.875 20.497
24.125 78.125 24.522
24.125 78.375 27.857
24.125 78.625 27.049
24.125 78.875 40.653
24.125 79.125 35.813
24.125 79.375 46.578
24.125 79.625 35.082
24.125 79.875 57.182
24.125 80.125 61.339
24.125 80.375 50.577
24.125 80.625 56.509
24.125 80.875 39.847
24.125 81.125 21.529
24.125 81.375 32.589
24.125 81.625 34.169
24.125 81.875 18.52
24.125 82.125 22.537
24.125 82.375 21.272
24.125 82.625 12.558
24.125 82.875 11.37
24.125 83.125 13.543
24.125 83.375 9.8025
24.125 83.625 14.753
24.125 83.875 28.748
24.125 84.125 31.91
24.125 84.375 28.888
24.125 84.625 18.578
24.125 84.875 17.736
24.125 85.125 20.94
24.125 85.375 21.47
24.125 85.625 28.744
24.125 85.875 37.352
24.125 86.125 44.386
24.125 86.375 37.5
24.125 86.625 46.415
24.125 86.875 49.748
24.125 87.125 41.82
24.125 87.375 48.414
24.125 87.625 32.53
24.125 87.875 31.831
24.125 88.125 26.551
24.125 88.375 18.516
24.125 91.875 78.768
24.125 92.125 72.49
24.125 92.375 71.562
24.125 92.625 62.887
24.125 92.875 39.907
24.125 93.125 11.625
24.125 93.375 37.101
24.125 93.625 35.232
24.125 93.875 32.825
NaN NaN NaN
24.375 71.375 0.86295
24.375 71.625 1.7018
24.375 71.875 2.3272
24.375 72.125 3.367
24.375 72.375 4.6677
24.375 72.625 8.5469
24.375 72.875 4.5996
24.375 73.125 3.6712
24.375 73.375 1.9962
24.375 73.625 2.7311
24.375 73.875 3.3487
24.375 74.125 3.8166
24.375 74.375 18.355
24.375 74.625 10.384
24.375 74.875 9.9007
24.375 75.125 9.8379
24.375 75.375 21.7
24.375 75.625 17.904
24.375 75.875 19.746
24.375 76.125 6.7934
24.375 76.375 18.058
24.375 76.625 22.574
24.375 76.875 26.001
24.375 77.125 25.5
24.375 77.375 25.287
24.375 77.625 21.548
24.375 77.875 20.975
24.375 78.125 26.556
24.375 78.375 29.256
24.375 78.625 29.479
24.375 78.875 39.888
24.375 79.125 44.682
24.375 79.375 48.657
24.375 79.625 58.385
24.375 79.875 58.869
24.375 80.125 49.554
24.375 80.375 48.314
24.375 80.625 52.172
24.375 80.875 45.273
24.375 81.125 35.967
24.375 81.375 38.334
24.375 81.625 21.047
24.375 81.875 19.994
24.375 82.125 23.29
24.375 82.375 21.804
24.375 82.625 20.431
24.375 82.875 20.316
24.375 83.125 30.539
24.375 83.375 26.24
24.375 83.625 14.712
24.375 83.875 23.18
24.375 84.125 31.216
24.375 84.375 17.306
24.375 84.625 21.19
24.375 84.875 21.902
24.375 85.125 34.604
24.375 85.375 35.092
24.375 85.625 28.757
24.375 85.875 25.021
24.375 86.125 24.791
24.375 86.375 25.657
24.375 86.625 44.514
24.375 86.875 40.865
24.375 87.125 40.237
24.375 87.375 19.454
24.375 87.625 27.067
24.375 87.875 27.598
24.375 88.125 29.29
24.375 92.375 73.151
24.375 92.625 62.335
24.375 92.875 48.474
24.375 93.125 10.248
24.375 93.375 24.208
24.375 93.625 31.988
24.375 93.875 32.438
24.375 94.125 28.088
24.625 71.125 1.5418
24.625 71.375 0.95061
24.625 71.625 1.5271
24.625 71.875 2.0161
24.625 72.125 1.494
24.625 72.375 2.7104
24.625 72.625 3.9225
24.625 72.875 2.7465
24.625 73.125 2.9232
24.625 73.375 2.8283
24.625 73.625 6.0173
24.625 73.875 5.3565
24.625 74.125 6.8162
24.625 74.375 12.319
24.625 74.625 17.8
24.625 74.875 13.326
24.625 75.125 11.88
24.625 75.375 17.017
24.625 75.625 17.42
24.625 75.875 14.362
24.625 76.125 7.3356
24.625 76.375 14.658
24.625 76.625 15.427
24.625 76.875 19.23
24.625 77.125 25.029
24.625 77.375 29.523
24.625 77.625 20.256
24.625 77.875 27.016
24.625 78.125 35.069
24.625 78.375 39.789
24.625 78.625 37.187
24.625 78.875 42.089
24.625 79.125 49.035
24.625 79.375 54.157
24.625 79.625 63.735
24.625 79.875 65.647
24.625 80.125 60.355
24.625 80.375 27.786
24.625 80.625 54.453
24.625 80.875 29.573
24.625 81.125 28.385
24.625 81.375 48.667
24.625 81.625 50.453
24.625 81.875 49.329
24.625 82.125 26.389
24.625 82.375 24.615
24.625 82.625 38.247
24.625 82.875 42.286
24.625 83.125 27.321
24.625 83.375 15.126
24.625 83.625 21.229
24.625 83.875 22.7
24.625 84.125 33.094
24.625 84.375 18.959
24.625 84.625 10.379
24.625 84.875 16.52
24.625 85.125 18.489
24.625 85.375 24.354
24.625 85.625 5.7546
24.625 85.875 24.323
24.625 86.125 24.074
24.625 86.375 41.716
24.625 86.625 45.367
24.625 86.875 41.728
24.625 87.125 14.935
24.625 87.375 14.597
24.625 87.625 28.236
24.625 87.875 32.676
24.625 92.375 76.174
24.625 92.625 88.684
24.625 92.875 68.155
24.625 93.125 31.505
24.625 93.375 31.329
24.625 93.625 33.093
24.625 93.875 39.024
24.625 94.125 28.413
NaN NaN NaN
24.875 71.125 0.95402
24.875 71.375 0.71362
24.875 71.625 0.81244
24.875 71.875 0.80352
24.875 72.125 0.84421
24.875 72.375 1.3683
24.875 72.625 1.7881
24.875 72.875 1.5783
24.875 73.125 1.6949
24.875 73.375 2.2928
24.875 73.625 5.0444
24.875 73.875 5.9683
24.875 74.125 6.9619
24.875 74.375 10.065
24.875 74.625 11.005
24.875 74.875 11.993
24.875 75.125 10.254
24.875 75.375 9.9022
24.875 75.625 7.602
24.875 75.875 7.8177
24.875 76.125 4.6716
24.875 76.375 10.625
24.875 76.625 16.12
24.875 76.875 18.889
24.875 77.125 31.036
24.875 77.375 43.517
24.875 77.625 21.819
24.875 77.875 19.33
24.875 78.125 45.63
24.875 78.375 34.203
24.875 78.625 29.97
24.875 78.875 59.238
24.875 79.125 55.379
24.875 79.375 45.027
24.875 79.625 46.78
24.875 79.875 49.709
24.875 80.125 58.467
24.875 80.375 54.444
24.875 80.625 53.808
24.875 80.875 34.092
24.875 81.125 34.356
24.875 81.375 32.776
24.875 81.625 20.433
24.875 81.875 16.776
24.875 82.125 18.458
24.875 82.375 11.889
24.875 82.625 19.984
24.875 82.875 9.5064
24.875 83.125 12.951
24.875 83.375 13.585
24.875 83.625 16.968
24.875 83.875 13.415
24.875 84.125 24.104
24.875 84.375 7.8915
24.875 84.625 5.6944
24.875 84.875 15.207
24.875 85.125 21.179
24.875 85.375 10.977
24.875 85.625 21.32
24.875 85.875 23.55
24.875 86.125 20.444
24.875 86.375 27.777
24.875 86.625 35.095
24.875 86.875 15.144
24.875 87.125 21.249
24.875 87.375 24.902
24.875 87.625 38.444
24.875 87.875 39.089
24.875 88.125 39.254
24.875 92.625 60.152
24.875 92.875 45.736
24.875 93.125 62.132
24.875 93.375 31.453
24.875 93.625 41.157
24.875 93.875 60.378
24.875 94.125 35.893
24.875 94.375 36.322
25.125 71.125 0.667
25.125 71.375 0.48497
25.125 71.625 0.55284
25.125 71.875 0.72709
25.125 72.125 0.83578
25.125 72.375 1.9801
25.125 72.625 1.8827
25.125 72.875 1.7828
25.125 73.125 1.9206
25.125 73.375 2.7055
25.125 73.625 6.3859
25.125 73.875 4.9046
25.125 74.125 5.0625
25.125 74.375 6.6751
25.125 74.625 8.9611
25.125 74.875 12.921
25.125 75.125 12.131
25.125 75.375 16.082
25.125 75.625 13.185
25.125 75.875 2.74
25.125 76.125 4.0004
25.125 76.375 5.8181
25.125 76.625 16.703
25.125 76.875 19.568
25.125 77.125 26.395
25.125 77.375 18.526
25.125 77.625 20.336
25.125 77.875 21.507
25.125 78.125 48.558
25.125 78.375 38.542
25.125 78.625 31.136
25.125 78.875 32.732
25.125 79.125 52.359
25.125 79.375 45.033
25.125 79.625 31.446
25.125 79.875 60.474
25.125 80.125 51.213
25.125 80.375 52.049
25.125 80.625 54.557
25.125 80.875 42.916
25.125 81.125 9.6408
25.125 81.375 21.562
25.125 81.625 2.7168
25.125 81.875 19.435
25.125 82.125 20.066
25.125 82.375 23.63
25.125 82.625 44.565
25.125 82.875 16.755
25.125 83.125 7.0403
25.125 83.375 14.28
25.125 83.625 24.814
25.125 83.875 22.641
25.125 84.125 22.783
25.125 84.375 6.6862
25.125 84.625 5.8404
25.125 84.875 8.4207
25.125 85.125 25.448
25.125 85.375 11.174
25.125 85.625 41.952
25.125 85.875 42.026
25.125 86.125 26.966
25.125 86.375 48.267
25.125 86.625 45.726
25.125 86.875 36.071
25.125 87.125 29.636
25.125 87.375 30.979
25.125 87.625 37.653
25.125 87.875 45.629
25.125 88.125 39.832
25.125 88.375 40.533
25.125 92.375 77.56
25.125 92.625 74.524
25.125 92.875 61.07
25.125 93.125 37.645
25.125 93.375 33.564
25.125 93.625 38.688
25.125 93.875 48.816
25.125 94.125 44.965
25.125 94.375 49.655
25.375 70.875 0.76861
25.375 71.125 0.4487
25.375 71.375 0.31742
25.375 71.625 0.41871
25.375 71.875 0.38123
25.375 72.125 0.79457
25.375 72.375 1.6606
25.375 72.625 1.7617
25.375 72.875 1.6591
25.375 73.125 2.1302
25.375 73.375 2.5426
25.375 73.625 3.1897
25.375 73.875 4.8473
25.375 74.125 4.3854
25.375 74.375 5.4356
25.375 74.625 7.4817
25.375 74.875 8.3547
25.375 75.125 8.7281
25.375 75.375 13.551
25.375 75.625 20.199
25.375 75.875 8.4244
25.375 76.125 7.1222
25.375 76.375 12.259
25.375 76.625 15.764
25.375 76.875 18.385
25.375 77.125 44.745
25.375 77.375 37.331
25.375 77.625 21.265
25.375 77.875 20.465
25.375 78.125 46.645
25.375 78.375 48.898
25.375 78.625 11.707
25.375 78.875 4.6983
25.375 79.125 48.284
25.375 79.375 64.601
25.375 79.625 52.971
25.375 79.875 61.778
25.375 80.125 62.692
25.375 80.375 64.871
25.375 80.625 31.378
25.375 80.875 2.1333
25.375 81.125 4.486
25.375 81.375 18.954
25.375 81.625 37.277
25.375 81.875 7.1476
25.375 82.125 1.5216
25.375 82.375 3.74
25.375 82.625 5.626
25.375 82.875 9.2888
25.375 83.125 9.3891
25.375 83.375 30.998
25.375 83.625 29.317
25.375 83.875 34.622
25.375 84.125 29.154
25.375 84.375 14.372
25.375 84.625 13.911
25.375 84.875 27.862
25.375 85.125 21.227
25.375 85.375 8.8367
25.375 85.625 29.116
25.375 85.875 57.378
25.375 86.125 64.935
25.375 86.375 61.991
25.375 86.625 41.225
25.375 86.875 42.061
25.375 87.125 28.766
25.375 87.375 25.52
25.375 87.625 44.407
25.375 87.875 43.983
25.375 88.125 40.643
25.375 88.375 43.849
25.375 88.625 45.956
25.375 90.125 63.678
25.375 90.375 54.139
25.375 90.625 56.442
25.375 90.875 60.889
25.375 91.125 74.596
25.375 91.375 83.197
25.375 91.625 89.694
25.375 91.875 73.942
25.375 92.125 52.165
25.375 92.375 57.653
25.375 92.625 44.085
25.375 92.875 36.032
25.375 93.125 32.946
25.375 93.375 34.667
25.375 93.625 35.878
25.375 93.875 55.263
25.375 94.125 59.232
25.375 94.375 64.688
25.625 70.875 2.7685
25.625 71.125 0.21538
25.625 71.375 0.23657
25.625 71.625 0.29262
25.625 71.875 0.38746
25.625 72.125 0.44452
25.625 72.375 0.61804
25.625 72.625 0.64958
25.625 72.875 1.0041
25.625 73.125 1.9074
25.625 73.375 2.0585
25.625 73.625 2.1234
25.625 73.875 2.0557
25.625 74.125 4.4363
25.625 74.375 4.4967
25.625 74.625 6.1433
25.625 74.875 9.4259
25.625 75.125 6.9263
25.625 75.375 9.5901
25.625 75.625 27.327
25.625 75.875 17.653
25.625 76.125 15.954
25.625 76.375 10.784
25.625 76.625 14.395
25.625 76.875 26.74
25.625 77.125 32.281
25.625 77.375 31.352
25.625 77.625 23.18
25.625 77.875 17.183
25.625 78.125 30.028
25.625 78.375 27.298
25.625 78.625 18.032
25.625 78.875 9.4021
25.625 79.125 59.099
25.625 79.375 63.782
25.625 79.625 61.259
25.625 79.875 61.521
25.625 80.125 36.905
25.625 80.375 32.705
25.625 80.625 3.9158
25.625 80.875 0.75942
25.625 81.125 17.496
25.625 81.375 35.801
25.625 81.625 14.939
25.625 81.875 15.766
25.625 82.125 1.3055
25.625 82.375 24.671
25.625 82.625 5.314
25.625 82.875 6.7433
25.625 83.125 9.9059
25.625 83.375 27.543
25.625 83.625 30.73
25.625 83.875 12.574
25.625 84.125 6.501
25.625 84.375 6.6471
25.625 84.625 29.248
25.625 84.875 18.342
25.625 85.125 12.742
25.625 85.375 16.043
25.625 85.625 27.009
25.625 85.875 25.197
25.625 86.125 27.948
25.625 86.375 33.357
25.625 86.625 32.134
25.625 86.875 43.895
25.625 87.125 41.153
25.625 87.375 29.593
25.625 87.625 32.804
25.625 87.875 35.821
25.625 88.125 40.996
25.625 90.125 60.534
25.625 90.375 75.639
25.625 90.625 55.18
25.625 90.875 61.583
25.625 91.125 77.598
25.625 91.375 93.632
25.625 91.625 96.774
25.625 91.875 83.229
25.625 92.125 59.801
25.625 92.375 62.318
25.625 92.625 36.398
25.625 92.875 33.417
25.625 93.125 32.301
25.625 93.375 36.089
25.625 93.625 33.113
25.625 93.875 61.183
25.625 94.125 73.734
25.625 94.375 75.728
NaN NaN NaN
NaN NaN NaN
25.875 70.375 3.8262
25.875 70.625 2.0952
25.875 70.875 1.836
25.875 71.125 1.9592
25.875 71.375 0.23199
25.875 71.625 0.27859
25.875 71.875 0.37583
25.875 72.125 0.52303
25.875 72.375 0.54859
25.875 72.625 0.61278
25.875 72.875 0.67315
25.875 73.125 1.3693
25.875 73.375 1.711
25.875 73.625 1.8962
25.875 73.875 2.0353
25.875 74.125 1.8016
25.875 74.375 4.9669
25.875 74.625 6.8595
25.875 74.875 6.2042
25.875 75.125 4.9338
25.875 75.375 5.4225
25.875 75.625 7.6853
25.875 75.875 14.565
25.875 76.125 13.23
25.875 76.375 18.317
25.875 76.625 15.068
25.875 76.875 13.068
25.875 77.125 20.122
25.875 77.375 21.216
25.875 77.625 22.127
25.875 77.875 13.907
25.875 78.125 33.055
25.875 78.375 35.285
25.875 78.625 34.703
25.875 78.875 24.354
25.875 79.125 43.775
25.875 79.375 39.423
25.875 79.625 25.619
25.875 79.875 54.903
25.875 80.125 36.018
25.875 80.375 35.491
25.875 80.625 1.2959
25.875 80.875 0.40798
25.875 81.125 0.32216
25.875 81.375 41.591
25.875 81.625 15.47
25.875 81.875 31.143
25.875 82.125 1.0359
25.875 82.375 7.5827
25.875 82.625 11.699
25.875 82.875 38.906
25.875 83.125 4.2855
25.875 83.375 3.8916
25.875 83.625 27.438
25.875 83.875 2.8857
25.875 84.125 42.794
25.875 84.375 5.7173
25.875 84.625 24.479
25.875 84.875 7.1845
25.875 85.125 22.506
25.875 85.375 17.268
25.875 85.625 19.729
25.875 85.875 27.563
25.875 86.125 29.543
25.875 86.375 36.384
25.875 86.625 49.558
25.875 86.875 47.466
25.875 87.125 31.288
25.875 87.375 35.778
25.875 87.625 29.401
25.875 87.875 51.8
25.875 90.125 66.656
25.875 90.375 82.919
25.875 90.625 84.064
25.875 90.875 77.082
25.875 91.125 68.129
25.875 91.375 70.993
25.875 91.625 61.572
25.875 91.875 46.394
25.875 92.125 45.39
25.875 92.375 46.286
25.875 92.625 38.952
25.875 92.875 33.111
25.875 93.125 27.633
25.875 93.375 31.273
25.875 93.625 43.202
25.875 93.875 78.722
25.875 94.125 68.262
25.875 94.375 74.373
25.875 94.625 90.827
25.875 94.875 103.32
26.125 70.375 4.1657
26.125 70.625 2.26
26.125 70.875 1.5561
26.125 71.125 0.17198
26.125 71.375 0.22452
26.125 71.625 0.30435
26.125 71.875 0.43117
26.125 72.125 0.57993
26.125 72.375 0.5391
26.125 72.625 0.53617
26.125 72.875 0.52906
26.125 73.125 0.58516
26.125 73.375 0.99944
26.125 73.625 1.4209
26.125 73.875 1.7755
26.125 74.125 1.6853
26.125 74.375 2.8698
26.125 74.625 4.4571
26.125 74.875 4.8434
26.125 75.125 7.8458
26.125 75.375 4.7025
26.125 75.625 3.9686
26.125 75.875 3.4772
26.125 76.125 4.1963
26.125 76.375 12.592
26.125 76.625 15.659
26.125 76.875 8.9486
26.125 77.125 21.335
26.125 77.375 14.5
26.125 77.625 17.229
26.125 77.875 16.523
26.125 78.125 26.038
26.125 78.375 50.326
26.125 78.625 38.709
26.125 78.875 35.778
26.125 79.125 45.963
26.125 79.375 53.37
26.125 79.625 2.4408
26.125 79.875 7.75
26.125 80.125 41.599
26.125 80.375 26.193
26.125 80.625 0.86276
26.125 80.875 47.763
26.125 81.125 28.615
26.125 81.375 1.2696
26.125 81.625 43.668
26.125 81.875 33.562
26.125 82.125 6.489
26.125 82.375 1.6991
26.125 82.625 15.333
26.125 82.875 28.986
26.125 83.125 3.6948
26.125 83.375 2.42
26.125 83.625 2.3449
26.125 83.875 22.807
26.125 84.125 35.691
26.125 84.375 8.0652
26.125 84.625 16.858
26.125 84.875 7.1023
26.125 85.125 40.396
26.125 85.375 7.0294
26.125 85.625 28.933
26.125 85.875 76.716
26.125 86.125 29.702
26.125 86.375 24.406
26.125 86.625 35.409
26.125 86.875 46.733
26.125 87.125 33.089
26.125 87.375 41.17
26.125 87.625 62.489
26.125 87.875 64.914
26.125 88.125 71.383
26.125 89.375 66.402
26.125 89.875 71.594
26.125 90.125 85.993
26.125 90.375 87.34
26.125 90.625 75.471
26.125 90.875 69.53
26.125 91.125 64.807
26.125 91.375 77.292
26.125 91.625 49.213
26.125 91.875 38.125
26.125 92.125 42.748
26.125 92.375 54.591
26.125 92.625 55.17
26.125 92.875 36.54
26.125 93.125 34.335
26.125 93.375 44.044
26.125 93.625 41.501
26.125 93.875 86.652
26.125 94.125 81.381
26.125 94.375 84.179
26.125 94.625 83.699
26.125 94.875 104.41
26.375 70.375 4.409
26.375 70.625 1.9399
26.375 70.875 2.1975
26.375 71.125 1.7299
26.375 71.375 0.34477
26.375 71.625 0.507
26.375 71.875 0.51944
26.375 72.125 0.49381
26.375 72.375 0.42719
26.375 72.625 0.35999
26.375 72.875 0.42148
26.375 73.125 0.4502
26.375 73.375 0.58298
26.375 73.625 1.1188
26.375 73.875 1.4694
26.375 74.125 1.8736
26.375 74.375 2.9887
26.375 74.625 0.42542
26.375 74.875 3.4605
26.375 75.125 4.2205
26.375 75.375 4.677
26.375 75.625 3.8151
26.375 75.875 5.8534
26.375 76.125 9.9886
26.375 76.375 10.862
26.375 76.625 14.59
26.375 76.875 10.303
26.375 77.125 11.064
26.375 77.375 24.041
26.375 77.625 21.535
26.375 77.875 8.2064
26.375 78.125 18.859
26.375 78.375 17.24
26.375 78.625 33.935
26.375 78.875 36.476
26.375 79.125 40.787
26.375 79.375 0.99219
26.375 79.625 0.48757
26.375 79.875 53.919
26.375 80.125 65.606
26.375 80.375 20.576
26.375 80.625 9.1037
26.375 80.875 34.157
26.375 81.125 11.879
26.375 81.375 0.95791
26.375 81.625 0.67122
26.375 81.875 2.8968
26.375 82.125 6.4079
26.375 82.375 20.167
26.375 82.625 11.107
26.375 82.875 45.995
26.375 83.125 22.869
26.375 83.375 0.97087
26.375 83.625 16.045
26.375 83.875 25.687
26.375 84.125 32.391
26.375 84.375 27.022
26.375 84.625 15.021
26.375 84.875 8.055
26.375 85.125 14.198
26.375 85.375 11.164
26.375 85.625 15.156
26.375 85.875 28.636
26.375 86.125 30.689
26.375 86.375 13
26.375 86.625 20.295
26.375 86.875 45.285
26.375 87.125 39.852
26.375 87.625 54.145
26.375 87.875 64.709
26.375 88.125 70.225
26.375 88.375 77.638
26.375 88.875 68.626
26.375 89.375 74.593
26.375 89.625 78.182
26.375 89.875 86.385
26.375 90.125 100.53
26.375 90.375 101.69
26.375 90.625 94.535
26.375 90.875 73.785
26.375 91.125 59.783
26.375 91.375 63.228
26.375 91.625 50.075
26.375 91.875 44.079
26.375 92.125 61.569
26.375 92.375 53.656
26.375 92.625 53.995
26.375 92.875 60.965
26.375 93.125 49.528
26.375 93.375 51.026
26.375 93.625 43.842
26.375 93.875 80.913
26.375 94.125 62.258
26.375 94.375 54.862
26.375 94.625 66.808
26.375 94.875 97.165
26.625 69.875 4.3905
26.625 70.125 3.3687
26.625 70.375 3.1675
26.625 70.625 2.2867
26.625 70.875 2.5751
26.625 71.125 2.4568
26.625 71.375 2.5795
26.625 71.625 0.64313
26.625 71.875 0.58853
26.625 72.125 0.29923
26.625 72.375 0.21218
26.625 72.625 0.2257
26.625 72.875 0.33562
26.625 73.125 0.50107
26.625 73.375 0.55433
26.625 73.625 1.0127
26.625 73.875 1.3392
26.625 74.125 1.7201
26.625 74.375 2.013
26.625 74.625 1.246
26.625 74.875 6.0329
26.625 75.125 3.3913
26.625 75.375 4.9937
26.625 75.625 5.7722
26.625 75.875 4.8705
26.625 76.125 15.865
26.625 76.375 15.09
26.625 76.625 8.36
26.625 76.875 8.2729
26.625 77.125 17.402
26.625 77.375 24.042
26.625 77.625 21.832
26.625 77.875 2.7877
26.625 78.125 10.277
26.625 78.375 34.894
26.625 78.625 36.593
26.625 78.875 14.023
26.625 79.125 0.73619
26.625 79.375 11.559
26.625 79.625 52.7
26.625 79.875 29.625
26.625 80.125 7.4211
26.625 80.375 62.361
26.625 80.625 25.295
26.625 80.875 42.629
26.625 81.125 47.187
26.625 81.375 18.206
26.625 81.625 10.884
26.625 81.875 50.62
26.625 82.125 16.746
26.625 82.375 62.369
26.625 82.625 1.7343
26.625 82.875 53.412
26.625 83.125 49.335
26.625 83.375 1.6587
26.625 83.625 1.3629
26.625 83.875 5.2687
26.625 84.125 52.432
26.625 84.375 38.998
26.625 84.625 26.761
26.625 84.875 9.2743
26.625 85.125 28.26
26.625 85.375 14.096
26.625 85.625 12.025
26.625 86.125 12.675
26.625 88.375 71.268
26.625 88.625 69.693
26.625 88.875 54.424
26.625 89.125 56.351
26.625 89.375 82.596
26.625 89.625 71.182
26.625 89.875 94.344
26.625 90.125 112.38
26.625 90.375 101.39
26.625 90.625 94.262
26.625 90.875 74.064
26.625 91.125 67.674
26.625 91.375 75.272
26.625 91.625 44.127
26.625 91.875 49.717
26.625 92.125 61.945
26.625 92.375 45.622
26.625 92.625 58.656
26.625 92.875 76.254
26.625 93.125 79.044
26.625 93.375 59.784
26.625 93.625 73.769
26.625 93.875 62.598
26.625 94.125 50.959
26.625 94.375 51.233
26.625 94.625 72.232
26.625 94.875 86.757
26.625 95.125 82.532
26.875 69.625 4.7588
26.875 69.875 3.7421
26.875 70.125 2.5717
26.875 70.375 2.9985
26.875 70.625 2.0726
26.875 70.875 2.544
26.875 71.125 2.763
26.875 71.375 3.0071
26.875 71.625 3.1663
26.875 71.875 3.7222
26.875 72.125 2.4295
26.875 72.375 2.211
26.875 72.625 3.3619
26.875 72.875 4.637
26.875 73.125 1.0143
26.875 73.375 3.2354
26.875 73.625 3.5173
26.875 73.875 1.0951
26.875 74.125 1.8928
26.875 74.375 2.369
26.875 74.625 2.5893
26.875 74.875 10.988
26.875 75.125 5.376
26.875 75.375 10.288
26.875 75.625 6.5578
26.875 75.875 7.2154
26.875 76.125 19.27
26.875 76.375 11.867
26.875 76.625 5.1739
26.875 76.875 12.855
26.875 77.125 13.036
26.875 77.375 3.8791
26.875 77.625 11.621
26.875 77.875 9.669
26.875 78.125 5.9635
26.875 78.375 15.048
26.875 78.625 23.308
26.875 78.875 12.23
26.875 79.125 48.902
26.875 79.375 64.213
26.875 79.625 66.139
26.875 79.875 54.506
26.875 80.125 16.846
26.875 80.375 44.76
26.875 80.625 64.578
26.875 80.875 50.011
26.875 81.125 57.29
26.875 81.375 51.212
26.875 81.625 14.01
26.875 81.875 41.762
26.875 82.125 48.074
26.875 82.375 3.9804
26.875 82.625 9.5662
26.875 82.875 28.377
26.875 83.125 39.512
26.875 83.375 3.4234
26.875 83.625 1.7622
26.875 83.875 8.0685
26.875 84.125 60.191
26.875 84.375 49.527
26.875 84.625 40.492
26.875 84.875 29.873
26.875 88.375 86.891
26.875 88.625 61.411
26.875 88.875 65.17
26.875 92.375 37.109
26.875 92.625 64.744
26.875 92.875 71.211
26.875 93.125 81.968
26.875 93.375 63.048
26.875 93.625 61.011
26.875 93.875 53.502
26.875 94.125 53.672
26.875 94.375 67.027
26.875 94.625 70.201
26.875 94.875 75.32
26.875 95.125 79.255
26.875 95.375 84.305
26.875 95.625 117.57
27.125 69.875 3.7982
27.125 70.125 3.2313
27.125 70.375 3.4468
27.125 70.625 1.6094
27.125 70.875 2.1255
27.125 71.125 3.0114
27.125 71.375 2.6587
27.125 71.625 3.1225
27.125 71.875 2.6624
27.125 72.125 1.7424
27.125 72.375 1.8468
27.125 72.625 2.1909
27.125 72.875 3.0611
27.125 73.125 4.5146
27.125 73.375 4.2035
27.125 73.625 3.1375
27.125 73.875 0.82463
27.125 74.125 0.84892
27.125 74.375 1.1359
27.125 74.625 2.7193
27.125 74.875 5.6148
27.125 75.125 5.2144
27.125 75.375 9.8048
27.125 75.625 17.472
27.125 75.875 12.21
27.125 76.125 10.451
27.125 76.375 7.8892
27.125 76.625 6.6199
27.125 76.875 18.487
27.125 77.125 15.258
27.125 77.375 5.2916
27.125 77.625 19.173
27.125 77.875 3.9972
27.125 78.125 29.347
27.125 78.375 18.368
27.125 78.625 2.002
27.125 78.875 17.249
27.125 79.125 61.442
27.125 79.375 13.433
27.125 79.625 27.922
27.125 79.875 57.644
27.125 80.125 55.025
27.125 80.375 67.926
27.125 80.625 27.26
27.125 80.875 6.0001
27.125 81.125 72.199
27.125 81.375 70.381
27.125 81.625 54.792
27.125 81.875 58.917
27.125 82.125 44.161
27.125 82.375 5.4411
27.125 82.625 56.918
27.125 82.875 45.352
27.125 83.125 36.573
27.125 83.375 31.541
27.125 83.625 63.266
27.125 83.875 46.243
27.125 84.125 22.897
27.125 84.375 43.127
27.125 84.625 41.63
27.125 88.125 76.583
27.125 88.375 85.939
27.125 88.625 74.148
27.125 92.125 85.18
27.125 92.375 70.97
27.125 92.625 53.595
27.125 92.875 63.464
27.125 93.125 51.074
27.125 93.375 62.882
27.125 93.625 61.438
27.125 93.875 86.919
27.125 94.125 90.571
27.125 94.375 78.675
27.125 94.625 68.575
27.125 94.875 67.17
27.125 95.125 73.959
27.125 95.375 72.999
27.125 95.625 92.732
27.125 95.875 110.55
27.375 70.125 3.284
27.375 70.375 3.5491
27.375 70.625 1.9814
27.375 70.875 2.0625
27.375 71.125 2.4886
27.375 71.375 3.2288
27.375 71.625 5.1827
27.375 71.875 4.9752
27.375 72.125 2.2496
27.375 72.375 1.9704
27.375 72.625 1.8161
27.375 72.875 2.3541
27.375 73.125 3.2612
27.375 73.375 3.8635
27.375 73.625 4.5165
27.375 73.875 0.80532
27.375 74.125 0.91987
27.375 74.375 0.69274
27.375 74.625 1.6692
27.375 74.875 2.5909
27.375 75.125 7.278
27.375 75.375 8.0429
27.375 75.625 15.676
27.375 75.875 10.748
27.375 76.125 7.0108
27.375 76.375 6.9742
27.375 76.625 6.8299
27.375 76.875 15.397
27.375 77.125 9.5481
27.375 77.375 2.0239
27.375 77.625 5.1497
27.375 77.875 11.51
27.375 78.125 23.425
27.375 78.375 10.138
27.375 78.625 17.977
27.375 78.875 63.567
27.375 79.125 71.116
27.375 79.375 4.3749
27.375 79.625 1.5041
27.375 79.875 59.919
27.375 80.125 14.836
27.375 80.375 17.425
27.375 80.625 4.462
27.375 80.875 2.1004
27.375 81.125 63.82
27.375 81.375 68.189
27.375 81.625 15.895
27.375 81.875 57.62
27.375 82.125 61.315
27.375 82.375 31.865
27.375 82.625 54.941
27.375 82.875 35.512
27.375 83.125 38.075
27.375 83.625 39.854
27.375 84.125 48.332
27.375 84.375 44.343
27.375 88.125 146.83
27.375 88.375 122.14
27.375 88.625 97.332
27.375 92.125 101.91
27.375 92.375 107.71
27.375 92.625 108.56
27.375 92.875 84.001
27.375 93.125 61.438
27.375 93.375 89.238
27.375 93.625 116.52
27.375 93.875 99.393
27.375 94.125 108.92
27.375 94.375 77.711
27.375 94.625 70.707
27.375 94.875 70.733
27.375 95.125 72.548
27.375 95.375 77.103
27.375 95.625 76.342
27.375 95.875 82.392
27.375 96.125 76.282
27.375 96.375 61.648
NaN NaN NaN
27.375 96.875 94.893
27.625 70.125 2.9702
27.625 70.375 3.4279
27.625 70.625 3.1688
27.625 70.875 3.2214
27.625 71.125 3.7231
27.625 71.375 4.2354
27.625 71.625 4.5333
27.625 71.875 3.5288
27.625 72.125 5.7254
27.625 72.375 3.9462
27.625 72.625 1.5276
27.625 72.875 1.8425
27.625 73.125 1.9065
27.625 73.375 3.102
27.625 73.625 6.615
27.625 73.875 0.70102
27.625 74.125 6.7364
27.625 74.375 6.8747
27.625 74.625 8.7217
27.625 74.875 10.631
27.625 75.125 8.0334
27.625 75.375 10.968
27.625 75.625 12.441
27.625 75.875 3.6889
27.625 76.125 5.6234
27.625 76.375 7.8448
27.625 76.625 15.004
27.625 76.875 15.329
27.625 77.125 3.1883
27.625 77.375 2.6064
27.625 77.625 1.4298
27.625 77.875 5.0124
27.625 78.125 44.111
27.625 78.375 28.908
27.625 78.625 6.1924
27.625 78.875 57.655
27.625 79.125 40.132
27.625 79.375 2.1684
27.625 79.625 6.0777
27.625 79.875 60.298
27.625 80.125 54.413
27.625 80.375 22.981
27.625 80.625 9.8954
27.625 80.875 19.321
27.625 81.125 62.742
27.625 81.375 43.431
27.625 81.625 53.991
27.625 81.875 50.353
27.625 82.125 47.022
27.625 82.375 31.359
27.625 82.625 45.269
27.625 88.375 168.25
27.625 88.625 145.75
27.625 91.625 61.805
27.625 91.875 68.195
27.625 92.125 94.275
27.625 92.375 150.72
27.625 92.625 149.64
27.625 92.875 111.54
27.625 93.125 77.053
27.625 93.375 98.328
27.625 93.625 101.88
27.625 93.875 74.585
27.625 94.125 74.304
27.625 94.375 55.392
27.625 94.625 64.214
27.625 94.875 67.5
27.625 95.125 68.665
27.625 95.375 69.895
27.625 95.625 54.244
27.625 95.875 54.597
27.625 96.125 50.115
27.625 96.375 53.772
27.625 96.625 73.538
27.625 96.875 94.639
27.875 70.375 3.4137
27.875 71.875 4.6436
27.875 72.125 2.7624
27.875 72.375 2.215
27.875 72.625 2.4405
27.875 72.875 4.9292
27.875 73.125 3.1238
27.875 73.375 3.3272
27.875 73.625 7.3135
27.875 73.875 5.6164
27.875 74.125 7.5704
27.875 74.375 5.8875
27.875 74.625 8.2976
27.875 74.875 7.4646
27.875 75.125 6.0203
27.875 75.375 8.0381
27.875 75.625 10.376
27.875 75.875 7.4936
27.875 76.125 5.7698
27.875 76.375 11.602
27.875 76.625 6.7283
27.875 76.875 6.1398
27.875 77.125 4.8459
27.875 77.375 1.7028
27.875 77.625 1.1843
27.875 77.875 10.861
27.875 78.125 34.698
27.875 78.375 56.588
27.875 78.625 49.888
27.875 78.875 41.613
27.875 79.125 13.581
27.875 79.375 47.558
27.875 79.625 69.911
27.875 79.875 50.051
27.875 80.125 46.219
27.875 80.375 34.811
27.875 80.625 24.294
27.875 80.875 13.987
27.875 81.125 35.882
27.875 81.375 44.811
27.875 81.625 43.445
27.875 88.375 129.2
27.875 88.625 131.74
27.875 92.875 171.99
27.875 93.125 108.81
27.875 93.375 75.516
27.875 93.625 48.684
27.875 93.875 50.802
27.875 94.125 52.638
27.875 94.375 53.371
27.875 94.625 53.133
27.875 94.875 61.905
27.875 95.125 80.111
27.875 95.375 55.511
27.875 95.625 54.081
27.875 95.875 39.161
27.875 96.125 42.489
27.875 96.375 43.53
27.875 96.625 68.897
NaN NaN NaN
27.875 97.125 99.244
28.125 72.125 2.0058
28.125 72.375 2.5408
28.125 72.625 2.8161
28.125 72.875 4.0615
28.125 73.125 4.5216
28.125 73.375 4.1661
28.125 73.625 5.5361
28.125 73.875 5.3622
28.125 74.125 5.1154
28.125 74.375 4.5305
28.125 74.625 6.9774
28.125 74.875 7.5037
28.125 75.125 5.9529
28.125 75.375 9.0303
28.125 75.625 6.811
28.125 75.875 5.1456
28.125 76.125 7.7915
28.125 76.375 6.4923
28.125 76.625 9.9447
28.125 76.875 16.059
28.125 77.125 10.223
28.125 77.375 2.8959
28.125 77.625 1.8851
28.125 77.875 17.936
28.125 78.125 46.455
28.125 78.375 52.358
28.125 78.625 33.811
28.125 78.875 67.887
28.125 79.125 65.829
28.125 79.375 23.454
28.125 79.625 46.114
28.125 79.875 74.963
28.125 80.125 39.425
28.125 80.375 41.633
28.125 80.625 45.775
28.125 80.875 35.885
28.125 81.125 49.455
28.125 81.375 40.131
28.125 92.875 191.82
28.125 93.125 105.22
28.125 93.375 59.96
28.125 93.625 48.99
28.125 93.875 65.343
28.125 94.125 72.611
28.125 94.375 76.615
28.125 94.625 63.167
28.125 94.875 60.63
28.125 95.125 69.625
28.125 95.375 75.929
28.125 95.625 66.906
28.125 95.875 55.997
28.125 96.125 46.754
28.125 96.375 48.514
NaN NaN NaN
NaN NaN NaN
NaN NaN NaN
28.375 72.375 2.0694
28.375 72.625 2.4984
28.375 72.875 2.7089
28.375 73.125 5.5216
28.375 73.375 4.8308
28.375 73.625 3.6109
28.375 73.875 4.7458
28.375 74.125 4.7389
28.375 74.375 4.0696
28.375 74.625 5.2472
28.375 74.875 4.9597
28.375 75.125 5.4389
28.375 75.375 6.8339
28.375 75.625 7.2494
28.375 75.875 8.0154
28.375 76.125 6.494
28.375 76.375 5.4061
28.375 76.625 6.2492
28.375 76.875 19.096
28.375 77.125 6.7168
28.375 77.375 4.7697
28.375 77.625 3.732
28.375 77.875 10.927
28.375 78.125 65.407
28.375 78.375 56.857
28.375 78.625 29.806
28.375 78.875 12.886
28.375 79.125 70.225
28.375 79.375 37.362
28.375 79.625 14.203
28.375 79.875 39.718
28.375 80.125 32.886
28.375 80.375 37.519
28.375 80.625 39.884
28.375 80.875 34.51
28.375 81.125 40.032
28.375 93.375 78.769
28.375 93.625 91.183
28.375 93.875 113.78
28.375 94.125 133.75
28.375 94.375 131.56
28.375 94.625 100.33
28.375 94.875 84.67
28.375 95.125 89.724
28.375 95.375 133.63
28.375 95.625 103.53
28.375 95.875 67.245
28.375 96.125 63.205
NaN NaN NaN
28.625 72.375 2.0338
28.625 72.625 1.8049
28.625 72.875 2.1012
28.625 73.125 3.2899
28.625 73.375 5.185
28.625 73.625 4.5792
28.625 73.875 2.6546
28.625 74.125 3.0014
28.625 74.375 3.628
28.625 74.625 5.2448
28.625 74.875 5.5164
28.625 75.125 5.1796
28.625 75.375 2.9627
28.625 75.625 1.5861
28.625 75.875 2.9726
28.625 76.125 6.0637
28.625 76.375 3.7287
28.625 76.625 6.4807
28.625 76.875 10.713
28.625 77.125 3.0657
28.625 77.375 6.712
28.625 77.625 4.666
28.625 77.875 3.5433
28.625 78.125 53.574
28.625 78.375 59.173
28.625 78.625 11.011
28.625 78.875 32.17
28.625 79.125 69.446
28.625 79.375 35.453
28.625 79.625 58.398
28.625 79.875 33.158
28.625 80.125 34.945
28.625 80.375 38.223
28.625 80.625 37.75
28.625 93.625 130.55
28.625 93.875 138.1
28.625 94.125 160.27
28.625 94.375 159.27
28.625 94.625 130.41
28.625 94.875 100.12
28.625 95.125 113.66
28.625 95.375 180.5
28.625 95.625 150.24
28.625 95.875 63.49
28.625 96.125 67.138
NaN NaN NaN
28.875 72.875 0.96494
28.875 73.125 1.3147
28.875 73.375 4.254
28.875 73.625 4.87
28.875 73.875 3.0585
28.875 74.125 2.8575
28.875 74.375 2.9926
28.875 74.625 4.4212
28.875 74.875 5.6121
28.875 75.125 2.7285
28.875 75.375 2.4906
28.875 75.625 1.6061
28.875 75.875 1.223
28.875 76.125 3.3991
28.875 76.375 2.6415
28.875 76.625 2.2893
28.875 76.875 2.344
28.875 77.125 17.432
28.875 77.375 36.22
28.875 77.625 41.649
28.875 77.875 60.71
28.875 78.125 58.095
28.875 78.375 56.054
28.875 78.625 20.937
28.875 78.875 24.508
28.875 79.125 68.478
28.875 79.375 70.516
28.875 79.625 69.836
28.875 79.875 71.235
28.875 94.125 160.65
28.875 94.375 160.35
28.875 94.625 148.69
28.875 94.875 128.21
28.875 95.125 124.17
28.875 95.375 155.95
28.875 95.625 108.06
28.875 95.875 61.099
28.875 96.125 51.456
NaN NaN NaN
29.125 73.125 0.87189
29.125 73.375 2.0137
29.125 73.625 2.3746
29.125 73.875 3.295
29.125 74.125 2.9789
29.125 74.375 2.1629
29.125 74.625 2.5082
29.125 74.875 3.4265
29.125 75.125 2.2177
29.125 75.375 2.4719
29.125 75.625 1.4137
29.125 75.875 0.78131
29.125 76.125 0.61956
29.125 76.375 0.56315
29.125 76.625 2.0244
29.125 76.875 1.8996
29.125 77.125 9.3105
29.125 77.375 29.179
29.125 77.625 54.686
29.125 77.875 70.618
29.125 78.125 70.764
29.125 78.375 70.373
29.125 78.625 60.722
29.125 78.875 42.585
29.125 79.125 72.34
29.125 79.375 72.626
29.125 79.625 50.644
29.125 79.875 58.055
29.125 80.125 28.274
29.125 94.375 158.69
29.125 94.625 152.9
29.125 94.875 135.81
29.125 95.625 83.541
29.125 95.875 59.562
29.125 96.125 49.355
29.375 73.375 0.77524
29.375 73.625 1.6284
29.375 73.875 1.5859
29.375 74.125 1.9438
29.375 74.375 0.9738
29.375 74.625 1.047
29.375 74.875 1.5685
29.375 75.125 1.607
29.375 75.375 1.0755
29.375 75.625 1.0211
29.375 75.875 0.64673
29.375 76.125 0.9828
29.375 76.375 0.6232
29.375 76.625 2.4607
29.375 76.875 1.0417
29.375 77.125 0.97104
29.375 77.375 29.998
29.375 77.625 53.132
29.375 77.875 72.523
29.375 78.125 67.244
29.375 78.375 68.683
29.375 78.625 27.34
29.375 78.875 31.488
29.375 79.125 69.252
29.375 79.375 36.476
29.375 79.625 35.163
29.375 79.875 35.452
29.375 80.125 37.623
NaN NaN NaN
29.625 73.375 0.37232
29.625 73.625 1.2833
29.625 73.875 1.7625
29.625 74.125 1.2904
29.625 74.375 0.5537
29.625 74.625 0.61118
29.625 74.875 0.69552
29.625 75.125 0.68335
29.625 75.375 0.74975
29.625 75.625 2.5818
29.625 75.875 1.1692
29.625 76.125 1.1504
29.625 76.375 2.5633
29.625 76.625 5.6659
29.625 76.875 6.9939
29.625 77.125 5.0423
29.625 77.375 17.327
29.625 77.625 38.386
29.625 77.875 50.201
29.625 78.125 58.441
29.625 78.375 44.974
29.625 78.625 7.8008
29.625 78.875 13.626
29.625 79.125 44.668
29.625 79.375 29.976
29.625 79.625 37.398
29.625 79.875 48.378
29.625 80.125 43.264
29.875 73.625 1.0116
29.875 73.875 0.60827
29.875 74.125 0.31998
29.875 74.375 0.20944
29.875 74.625 0.3123
29.875 74.875 0.38299
29.875 75.125 0.47665
29.875 75.375 0.94899
29.875 75.625 1.8383
29.875 75.875 1.6581
29.875 76.125 2.8087
29.875 76.375 5.4436
29.875 76.625 8.6807
29.875 76.875 2.6064
29.875 77.125 7.6586
29.875 77.375 19.378
29.875 77.625 37.401
29.875 77.875 61.101
29.875 78.125 24.306
29.875 78.375 55.179
29.875 78.625 34.914
29.875 78.875 45.311
29.875 79.125 33.673
29.875 79.375 37.99
29.875 79.625 41.991
29.875 79.875 41.625
29.875 80.125 39.434
29.875 80.375 42.594
30.125 74.125 0.13673
30.125 74.375 0.1453
30.125 74.625 0.29646
30.125 74.875 0.29899
30.125 75.125 0.84519
30.125 75.375 1.7134
30.125 75.625 2.0717
30.125 75.875 1.6218
30.125 76.125 6.8549
30.125 76.375 9.3576
30.125 76.625 10.72
30.125 76.875 17.511
30.125 77.125 19.431
30.125 77.375 9.5899
30.125 77.625 53.589
30.125 77.875 52.201
30.125 78.125 52.519
30.125 78.375 58.134
30.125 78.625 56.369
30.125 78.875 38.661
30.125 79.125 32.512
30.125 79.375 27.815
30.125 79.625 72.004
30.125 79.875 63.659
30.125 80.125 41.786
30.125 80.375 59.552
30.125 80.625 58.853
30.375 74.125 1.0957
30.375 74.375 1.3621
30.375 74.625 0.65909
30.375 74.875 0.72057
30.375 75.125 1.5434
30.375 75.375 2.7732
30.375 75.625 2.1015
30.375 75.875 2.0452
30.375 76.125 2.7394
30.375 76.375 7.042
30.375 76.625 4.0232
30.375 76.875 16.677
30.375 77.125 61.047
30.375 77.375 52.71
30.375 77.625 44.64
30.375 77.875 47.787
30.375 78.125 40.631
30.375 78.375 30.235
30.375 78.625 60.578
30.375 78.875 33.663
30.375 79.125 34.315
30.375 79.375 48.322
30.375 79.625 64.399
30.375 79.875 59.87
30.375 80.125 67.464
30.375 80.375 57.348
30.375 80.625 60.052
30.625 74.375 1.2954
30.625 74.625 1.8137
30.625 74.875 1.9149
30.625 75.125 2.6289
30.625 75.375 3.3208
30.625 75.625 5.4073
30.625 75.875 2.9517
30.625 76.125 2.7082
30.625 76.375 3.82
30.625 76.625 35.345
30.625 76.875 49.482
30.625 77.125 48.554
30.625 77.375 42.421
30.625 77.625 45.596
30.625 77.875 50.509
30.625 78.125 28.899
30.625 78.375 30.245
30.625 78.625 50.599
30.625 78.875 44.531
30.625 79.125 43.27
30.625 79.375 63.461
30.625 79.625 49.544
30.625 79.875 63.215
30.625 80.125 52.272
30.875 74.625 1.5915
30.875 74.875 2.6274
30.875 75.125 12.426
30.875 75.375 3.2598
30.875 75.625 7.0224
30.875 75.875 5.9095
30.875 76.125 9.2438
30.875 76.375 20.928
30.875 76.625 61.864
30.875 76.875 38.12
30.875 77.125 39.296
30.875 77.375 27.089
30.875 77.625 41.791
30.875 77.875 41.614
30.875 78.125 42.666
30.875 78.375 48.29
30.875 78.625 55.176
30.875 78.875 65.598
30.875 79.125 78.886
30.875 79.375 22.333
30.875 79.625 203.61
30.875 79.875 45.671
31.125 74.875 2.6257
31.125 75.125 10.146
31.125 75.375 3.0876
31.125 75.625 3.4571
31.125 75.875 10.03
31.125 76.125 42.483
31.125 76.375 31.124
31.125 76.625 32.955
31.125 76.875 46.334
31.125 77.125 46.309
31.125 77.375 34.394
31.125 77.625 35.169
31.125 77.875 27.464
31.125 78.125 7.8347
31.125 78.375 17.055
31.125 78.625 30.111
31.125 78.875 42.243
31.125 79.125 38.666
31.375 74.875 3.0674
31.375 75.125 5.0468
31.375 75.375 3.6839
31.375 75.625 12.814
31.375 75.875 29.066
31.375 76.125 25.033
31.375 76.375 27.274
31.375 76.625 43.929
31.375 76.875 44.863
31.375 77.125 37.793
31.375 77.375 37.02
31.375 77.625 45.01
31.375 77.875 21.835
31.375 78.125 14.058
31.375 78.375 15.927
31.375 78.625 26.704
31.625 74.875 9.2634
31.625 75.125 15.173
31.625 75.375 17.558
31.625 75.625 27.608
31.625 75.875 45.77
31.625 76.125 37.471
31.625 76.375 53.987
31.625 76.625 57.639
31.625 76.875 27.739
31.625 77.125 24.217
31.625 77.375 55.528
31.625 77.625 55.041
31.625 77.875 27.969
31.625 78.125 20.305
31.625 78.375 16.201
31.625 78.625 23.265
31.875 74.875 20.714
31.875 75.125 24.299
31.875 75.375 9.5144
31.875 75.625 32.665
31.875 75.875 48.053
31.875 76.125 60.288
31.875 76.375 68.39
31.875 76.625 70.69
31.875 76.875 36.548
31.875 77.125 37.176
31.875 77.375 42.088
31.875 77.625 46.306
31.875 77.875 31.286
31.875 78.125 18.216
31.875 78.375 12.379
31.875 78.625 11.949
32.125 75.375 42.667
32.125 75.625 50.229
32.125 75.875 44.142
32.125 76.125 79.835
32.125 76.375 63.747
32.125 76.625 43.826
32.125 76.875 44.452
32.125 77.125 46.626
32.125 77.375 35.639
32.125 77.625 25.554
32.125 77.875 26.823
32.125 78.125 14.938
32.125 78.375 11.044
32.375 75.375 46.33
32.375 75.625 50.996
32.375 75.875 41.242
32.375 76.125 31.123
32.375 76.375 41.151
32.375 76.625 25.915
32.375 76.875 28.232
32.375 77.125 38.057
32.375 77.375 35.034
32.375 77.625 28.299
32.375 77.875 24.093
32.375 78.125 15.019
32.375 78.375 11.688
32.625 74.875 40.891
32.625 75.125 32.605
32.625 75.375 36.14
32.625 75.625 32.914
32.625 75.875 29.321
32.625 76.125 35.074
32.625 76.375 39.165
32.625 76.625 24.859
32.625 76.875 25.687
32.625 77.125 32.143
32.625 77.375 29.336
32.625 77.625 28.171
32.625 77.875 26.243
32.625 78.125 16.414
32.625 78.375 11.619
32.625 78.625 10.101
32.625 78.875 8.5673
32.625 79.125 6.9512
32.625 79.375 10.629
32.875 74.375 44.354
32.875 74.625 46.949
32.875 74.875 44.566
32.875 75.125 29.354
32.875 75.375 24.504
32.875 75.625 32.302
32.875 75.875 30.997
32.875 76.125 31.318
32.875 76.375 39.293
32.875 76.625 34.429
32.875 76.875 27.134
32.875 77.125 28.67
32.875 77.375 24.953
32.875 77.625 19.2
32.875 77.875 20.915
32.875 78.125 17.988
32.875 78.375 12.003
32.875 78.625 11.175
32.875 78.875 8.8266
32.875 79.125 8.052
32.875 79.375 8.188
33.125 73.875 27.814
33.125 74.125 26.916
33.125 74.375 32.563
33.125 74.625 37.151
33.125 74.875 29.091
33.125 75.125 20.423
33.125 75.375 16.584
33.125 75.625 16.135
33.125 75.875 22.323
33.125 76.125 28.885
33.125 76.375 19.883
33.125 76.625 29.938
33.125 76.875 22.431
33.125 77.125 15.672
33.125 77.375 10.727
33.125 77.625 9.2828
33.125 77.875 8.327
33.125 78.125 9.4513
33.125 78.375 8.4353
33.125 78.625 8.5785
33.125 78.875 8.3854
33.125 79.125 7.3247
33.375 73.875 25.008
33.375 74.125 29.034
33.375 74.375 21.06
33.375 74.625 18.241
33.375 74.875 13.231
33.375 75.125 17.481
33.375 75.375 23.639
33.375 75.625 21.336
33.375 75.875 19.882
33.375 76.125 21.633
33.375 76.375 20.303
33.375 76.625 15.441
33.375 76.875 8.2133
33.375 77.125 5.3105
33.375 77.375 4.3278
33.375 77.625 3.7367
33.375 77.875 3.4258
33.375 78.125 4.6196
33.375 78.375 4.9176
33.375 78.625 5.9642
33.375 78.875 7.1874
33.625 73.875 25.737
33.625 74.125 29.094
33.625 74.375 14.81
33.625 74.625 15.76
33.625 74.875 16.214
33.625 75.125 22.422
33.625 75.375 21.921
33.625 75.625 22.515
33.625 75.875 19.907
33.625 76.125 15.437
33.625 76.375 15.196
33.625 76.625 4.3847
33.625 76.875 1.5779
33.625 77.125 2.1364
33.625 77.375 2.6115
33.625 77.625 2.2194
33.625 77.875 1.7577
33.625 78.125 2.9928
33.625 78.375 3.2401
33.625 78.625 4.4196
33.625 78.875 6.6062
33.875 73.875 24.96
33.875 74.125 22.814
33.875 74.375 25.326
33.875 74.625 18.595
33.875 74.875 21.133
33.875 75.125 33.895
33.875 75.375 32.346
33.875 75.625 22.458
33.875 75.875 20.179
33.875 76.125 10.973
33.875 76.375 3.8484
33.875 76.625 1.5867
33.875 76.875 1.0312
33.875 77.125 0.88998
33.875 77.375 1.111
33.875 77.625 1.2378
33.875 77.875 1.8136
33.875 78.125 2.6705
33.875 78.375 3.0705
33.875 78.625 3.8465
33.875 78.875 4.9298
34.125 73.625 11.976
34.125 73.875 24.402
34.125 74.125 26.724
34.125 74.375 19.949
34.125 74.625 16.861
34.125 74.875 15.081
34.125 75.125 26.11
34.125 75.375 24.322
34.125 75.625 14.914
34.125 75.875 8.1493
34.125 76.125 6.0515
34.125 76.375 2.2529
34.125 76.625 1.5654
34.125 76.875 0.96422
34.125 77.125 0.58557
34.125 77.375 0.62671
34.125 77.625 0.83149
34.125 77.875 1.2208
34.125 78.125 1.9772
34.125 78.375 2.4864
34.125 78.625 2.7493
34.125 78.875 3.6725
34.125 79.125 4.5077
34.125 79.375 5.2089
34.375 73.625 12.847
34.375 73.875 22.818
34.375 74.125 17.678
34.375 74.375 14.761
34.375 74.625 15.709
34.375 74.875 20.32
34.375 75.125 23.163
34.375 75.375 18.624
34.375 75.625 10.099
34.375 75.875 9.1688
34.375 76.125 4.479
34.375 76.375 1.6687
34.375 76.625 1.0131
34.375 76.875 0.73661
34.375 77.125 0.88563
34.375 77.375 0.83261
34.375 77.625 0.80438
34.375 77.875 1.1654
34.375 78.125 1.8234
34.375 78.375 1.8822
34.375 78.625 2.1572
34.375 78.875 2.3263
34.375 79.125 2.5566
34.375 79.375 2.7816
34.625 73.875 27.702
34.625 74.125 21.747
34.625 74.375 18.743
34.625 74.625 20.02
34.625 74.875 16.432
34.625 75.125 20.246
34.625 75.375 14.209
34.625 75.625 7.2354
34.625 75.875 7.3959
34.625 76.125 3.1866
34.625 76.375 1.3661
34.625 76.625 0.82692
34.625 76.875 1.0112
34.625 77.125 0.90544
34.625 77.375 0.83689
34.625 77.625 0.75011
34.625 77.875 1.6704
34.625 78.125 1.325
34.625 78.375 1.7069
34.625 78.625 2.0284
34.625 78.875 1.1942
34.625 79.125 0.17433
34.625 79.375 0.18653
34.625 79.625 0.25289
34.875 74.125 28.251
34.875 74.375 23.079
34.875 74.625 22.7
34.875 74.875 21.018
34.875 75.125 18.237
34.875 75.375 10.163
34.875 75.625 9.3747
34.875 75.875 6.0616
34.875 76.125 2.1974
34.875 76.375 1.7935
34.875 76.625 0.95689
34.875 76.875 0.78664
34.875 77.125 1.5976
34.875 77.375 1.7745
34.875 77.625 1.019
34.875 77.875 1.1891
34.875 78.125 1.0863
34.875 78.375 1.2701
34.875 78.625 1.0081
34.875 78.875 0.5285
34.875 79.125 0.16437
34.875 79.375 0.25018
34.875 79.625 0.15911
34.875 79.875 0.20079
35.125 74.375 32.99
35.125 74.625 25.846
35.125 74.875 24.422
35.125 75.125 21.483
35.125 75.375 10.718
35.125 75.625 9.024
35.125 75.875 3.9685
35.125 76.125 4.4156
35.125 76.375 2.2893
35.125 76.625 0.93259
35.125 76.875 0.93925
35.125 77.125 1.7013
35.125 77.375 1.6656
35.125 77.625 1.2478
35.125 77.875 1.1608
35.125 78.125 0.9681
35.125 78.375 0.95722
35.125 78.625 0.49696
35.125 78.875 0.19177
35.125 79.125 0.18113
35.125 79.375 0.25721
35.125 79.625 0.3125
35.125 79.875 0.36158
35.375 73.875 22.538
35.375 74.125 22.398
35.375 74.375 20.396
35.375 74.625 26.008
35.375 74.875 15.529
35.375 75.125 15.179
35.375 75.375 7.6459
35.375 75.625 6.1003
35.375 75.875 3.5012
35.375 76.125 2.0203
35.375 76.375 1.9738
35.375 76.625 1.2129
35.375 76.875 0.99496
35.375 77.125 0.83847
35.375 77.375 0.67008
35.375 77.625 0.66318
35.375 77.875 0.5931
35.375 78.125 0.53025
35.375 78.375 0.56502
35.375 78.625 0.245
35.375 78.875 0.1249
35.375 79.125 0.14189
35.375 79.375 0.24171
35.375 79.625 0.35203
35.375 79.875 0.21574
NaN NaN NaN
35.625 73.375 16.697
35.625 73.625 19.91
35.625 73.875 17.938
35.625 74.125 20.931
35.625 74.375 20.43
35.625 74.625 12.061
35.625 74.875 21.305
35.625 75.125 6.4853
35.625 75.375 7.0149
35.625 75.625 5.9809
35.625 75.875 5.3876
35.625 76.125 4.6467
35.625 76.375 2.1424
35.625 76.625 0.95533
35.625 76.875 0.8278
35.625 77.125 0.42999
35.625 78.375 0.22814
35.625 78.625 0.16821
35.625 78.875 0.16258
35.625 79.125 0.15839
35.625 79.375 0.24727
35.625 79.625 0.21914
35.625 79.875 0.22957
35.625 80.125 0.26806
35.875 73.125 17.024
35.875 73.375 23.323
35.875 73.625 22.526
35.875 73.875 19.544
35.875 74.125 19.061
35.875 74.375 12.743
35.875 74.625 14.74
35.875 74.875 14.317
35.875 75.125 19.498
35.875 75.375 11.737
35.875 75.625 10.623
35.875 75.875 6.542
35.875 76.125 3.2004
35.875 76.375 1.5453
35.875 76.625 0.59551
35.875 79.375 0.67855
36.125 72.625 9.3942
36.125 72.875 9.0642
36.125 73.125 4.5862
36.125 73.375 16.557
36.125 73.625 18.838
36.125 73.875 17.959
36.125 74.125 25.316
36.125 74.375 19.305
36.125 74.625 16.425
36.125 74.875 16.302
36.125 75.125 15.899
36.125 75.375 14.432
36.125 75.625 13.483
36.125 75.875 6.5619
36.125 76.125 1.5598
36.125 76.375 1.3145
36.125 76.625 1.0519
36.375 73.125 15.772
36.375 73.375 15.086
36.375 73.625 18.585
36.375 73.875 23.079
36.375 74.125 24.304
36.375 74.375 24.003
36.375 74.625 22.766
36.375 74.875 20.129
36.375 75.125 19.954
36.375 75.375 15.512
36.375 75.625 12.503
36.375 75.875 4.0041
36.375 76.125 1.2029
36.625 73.375 12.214
36.625 73.625 20.327
36.625 73.875 17.935
36.625 74.125 17.491
36.625 74.375 23.388
36.625 74.625 31.803
36.625 74.875 22.684
36.625 75.125 27.152
36.625 75.375 24.635
36.625 75.625 14.988
36.875 73.875 22.999
36.875 74.375 29.939
36.875 74.625 27.787
36.875 74.875 28.372
36.875 75.125 26.814
36.875 75.375 30.624
