8.125 77.375 6.7534
8.375 77.125 8.0713
8.375 77.375 5.1543
8.375 77.625 5.1406
8.375 77.875 3.5345
8.625 76.875 7.3724
8.625 77.125 4.9709
8.625 77.375 4.0143
8.625 77.625 3.8229
8.625 77.875 3.4366
8.875 76.875 17.944
8.875 77.125 4.7041
8.875 77.375 3.5989
8.875 77.625 2.9629
8.875 77.875 2.5846
9.125 76.625 25.344
9.125 76.875 6.666
9.125 77.125 4.0603
9.125 77.375 3.8239
9.125 77.625 3.4553
9.125 77.875 2.3578
9.125 78.125 1.9007
9.125 78.375 16.129
9.375 76.625 34.967
9.375 76.875 52.395
9.375 77.125 7.4915
9.375 77.375 5.353
9.375 77.625 5.4084
9.375 77.875 4.0738
9.375 78.125 2.3319
9.375 78.375 2.3671
9.375 78.625 2.3359
9.375 78.875 16.085
9.625 76.375 31.372
9.625 76.625 40.088
9.625 76.875 44.402
9.625 77.125 12.657
9.625 77.375 11.656
9.625 77.625 6.6499
9.625 77.875 5.4368
9.625 78.125 4.4519
9.625 78.375 2.2517
9.625 78.625 2.4658
9.875 76.625 43.489
9.875 76.875 72.177
9.875 77.125 12.485
9.875 77.375 9.853
9.875 77.625 7.7273
9.875 77.875 4.4255
9.875 78.125 2.9728
9.875 78.375 4.3498
9.875 78.625 3.4112
9.875 78.875 2.0665
10.125 76.375 37.409
10.125 76.625 46.687
10.125 76.875 113.17
10.125 77.125 26.714
10.125 77.375 10.298
10.125 77.625 10.038
10.125 77.875 7.4729
10.125 78.125 3.0385
10.125 78.375 5.8713
10.125 78.625 2.5538
10.125 78.875 2.3378
10.125 79.125 2.5608
10.375 76.375 19.95
10.375 76.625 25.383
10.375 76.875 10.136
10.375 77.125 12.447
10.375 77.375 8.7743
10.375 77.625 13.486
10.375 77.875 3.3364
10.375 78.125 3.2164
10.375 78.375 3.5088
10.375 78.625 2.1076
10.375 78.875 1.9854
10.375 79.125 3.0552
10.375 79.375 17.073
10.375 79.625 16.741
10.625 76.125 26.462
10.625 76.375 39.681
10.625 76.625 15.657
10.625 76.875 6.9563
10.625 77.125 5.4998
10.625 77.375 4.7766
10.625 77.625 4.8629
10.625 77.875 3.4761
10.625 78.125 2.8627
10.625 78.375 2.3781
10.625 78.625 1.7882
10.625 78.875 1.7754
10.625 79.125 4.8095
10.625 79.375 4.1238
10.625 79.625 4.9818
10.875 76.125 37.959
10.875 76.375 63.898
10.875 76.625 10.589
10.875 76.875 4.2702
10.875 77.125 3.0549
10.875 77.375 2.3111
10.875 77.625 2.0456
10.875 77.875 2.2003
10.875 78.125 1.772
10.875 78.375 1.9762
10.875 78.625 2.7972
10.875 78.875 2.2008
10.875 79.125 2.3026
10.875 79.375 2.1514
10.875 79.625 3.1405
11.125 76.125 39.537
11.125 76.375 52.219
11.125 76.625 102.69
11.125 76.875 15.214
11.125 77.125 3.2922
11.125 77.375 1.9548
11.125 77.625 1.4253
11.125 77.875 2.3151
11.125 78.125 1.1797
11.125 78.375 2.038
11.125 78.625 2.8648
11.125 78.875 2.3511
11.125 79.125 2.8473
11.125 79.375 3.5104
11.125 79.625 2.9271
11.375 75.875 47.133
11.375 76.125 77.468
11.375 76.375 93.808
11.375 76.625 71.986
11.375 76.875 39.848
11.375 77.125 8.0164
11.375 77.375 2.9321
11.375 77.625 2.6314
11.375 77.875 5.1583
11.375 78.125 2.9317
11.375 78.375 1.9357
11.375 78.625 2.2441
11.375 78.875 2.4285
11.375 79.125 2.4476
11.375 79.375 3.4414
11.375 79.625 4.9785
11.625 75.875 38.64
11.625 76.125 22.82
11.625 76.375 11.065
11.625 76.625 34.162
11.625 76.875 13.862
11.625 77.125 6.6976
11.625 77.375 4.7308
11.625 77.625 2.5992
11.625 77.875 5.0746
11.625 78.125 3.0813
11.625 78.375 2.7635
11.625 78.625 2.9906
11.625 78.875 2.1855
11.625 79.125 3.86
11.625 79.375 5.304
11.625 79.625 18.485
11.875 75.625 42.182
11.875 75.875 33.132
11.875 76.125 4.2158
11.875 76.375 3.0683
11.875 76.625 5.7982
11.875 76.875 3.8314
11.875 77.125 4.8207
11.875 77.375 6.4735
11.875 77.625 4.203
11.875 77.875 2.802
11.875 78.125 2.0603
11.875 78.375 2.681
11.875 78.625 2.7013
11.875 78.875 2.0859
11.875 79.125 4.1589
11.875 79.375 3.6913
11.875 79.625 4.1263
12.125 75.375 35.906
12.125 75.625 35.052
12.125 75.875 29.149
12.125 76.125 3.0262
12.125 76.375 2.4718
12.125 76.625 2.2881
12.125 76.875 2.2006
12.125 77.125 3.6609
12.125 77.375 4.7275
12.125 77.625 3.939
12.125 77.875 2.3851
12.125 78.125 2.5363
12.125 78.375 5.5154
12.125 78.625 3.5941
12.125 78.875 2.5635
12.125 79.125 4.8357
12.125 79.375 6.2368
12.125 79.625 3.7879
12.375 75.125 53.055
12.375 75.375 65.986
12.375 75.625 34.139
12.375 75.875 18.029
12.375 76.125 3.3386
12.375 76.375 3.5372
12.375 76.625 8.7139
12.375 76.875 2.6445
12.375 77.125 1.1887
12.375 77.375 3.3016
12.375 77.625 3.2203
12.375 77.875 3.7755
12.375 78.125 4.1834
12.375 78.375 3.5945
12.375 78.625 3.2885
12.375 78.875 3.2362
12.375 79.125 4.9625
12.375 79.375 4.2089
12.375 79.625 4.0217
12.375 79.875 1.7611
12.625 75.125 38.653
12.625 75.375 46.217
12.625 75.625 26.706
12.625 75.875 5.2297
12.625 76.125 3.4594
12.625 76.375 9.8859
12.625 76.625 12.546
12.625 76.875 4.4831
12.625 77.125 2.4968
12.625 77.375 3.8884
12.625 77.625 3.2127
12.625 77.875 3.0899
12.625 78.125 5.3217
12.625 78.375 6.327
12.625 78.625 5.8368
12.625 78.875 4.4633
12.625 79.125 5.0215
12.625 79.375 3.1588
12.625 79.625 3.3795
12.625 79.875 2.5411
12.875 75.125 35.168
12.875 75.375 37.942
12.875 75.625 11.506
12.875 75.875 4.9122
12.875 76.125 4.0072
12.875 76.375 12.036
12.875 76.625 7.3929
12.875 76.875 4.4575
12.875 77.125 3.9998
12.875 77.375 5.7707
12.875 77.625 6.7242
12.875 77.875 3.2288
12.875 78.125 3.7274
12.875 78.375 4.3336
12.875 78.625 4.445
12.875 78.875 3.4635
12.875 79.125 3.7042
12.875 79.375 4.9248
12.875 79.625 6.2004
12.875 79.875 6.3821
13.125 74.875 57.414
13.125 75.125 36.197
13.125 75.375 42.474
13.125 75.625 14.034
13.125 75.875 8.7281
13.125 76.125 4.7665
13.125 76.375 7.0792
13.125 76.625 6.1736
13.125 76.875 4.0709
13.125 77.125 4.3959
13.125 77.375 4.4249
13.125 77.625 3.577
13.125 77.875 3.3075
13.125 78.125 4.4035
13.125 78.375 4.2747
13.125 78.625 4.2206
13.125 78.875 3.9762
13.125 79.125 4.3175
13.125 79.375 3.7382
13.125 79.625 6.3011
13.125 79.875 5.0267
13.125 80.125 4.0195
13.375 74.875 46.627
13.375 75.125 46.88
13.375 75.375 39.204
13.375 75.625 12.6
13.375 75.875 6.9205
13.375 76.125 5.6055
13.375 76.375 6.7041
13.375 76.625 4.7559
13.375 76.875 2.3925
13.375 77.125 4.3369
13.375 77.375 4.716
13.375 77.625 4.4588
13.375 77.875 2.9766
13.375 78.125 2.8361
13.375 78.375 3.6179
13.375 78.625 3.9026
13.375 78.875 5.2894
13.375 79.125 3.3824
13.375 79.375 3.0559
13.375 79.625 5.882
13.375 79.875 4.9385
13.375 80.125 4.8764
13.625 74.875 52.796
13.625 75.125 48.983
13.625 75.375 18.948
13.625 75.625 15.065
13.625 75.875 8.6185
13.625 76.125 3.7309
13.625 76.375 3.3403
13.625 76.625 3.6384
13.625 76.875 2.402
13.625 77.125 3.495
13.625 77.375 3.5447
13.625 77.625 2.9159
13.625 77.875 2.7169
13.625 78.125 3.262
13.625 78.375 3.1166
13.625 78.625 3.5774
13.625 78.875 4.5731
13.625 79.125 2.7516
13.625 79.375 4.105
13.625 79.625 3.2116
13.625 79.875 4.3544
13.625 80.125 5.1027
13.875 74.875 47.199
13.875 75.125 26.081
13.875 75.375 11.846
13.875 75.625 13.23
13.875 75.875 10.117
13.875 76.125 4.1657
13.875 76.375 3.563
13.875 76.625 3.7167
13.875 76.875 1.8949
13.875 77.125 1.8453
13.875 77.375 3.6633
13.875 77.625 2.859
13.875 77.875 2.9134
13.875 78.125 2.8607
13.875 78.375 5.4219
13.875 78.625 4.5875
13.875 78.875 3.5473
13.875 79.125 3.202
13.875 79.375 2.9098
13.875 79.625 2.7001
13.875 79.875 3.4897
14.125 74.625 36.248
14.125 74.875 31.908
14.125 75.125 16.776
14.125 75.375 6.2913
14.125 75.625 8.6817
14.125 75.875 4.9588
14.125 76.125 7.9747
14.125 76.375 2.9169
14.125 76.625 2.1359
14.125 76.875 4.6764
14.125 77.125 1.7377
14.125 77.375 2.5141
14.125 77.625 2.6665
14.125 77.875 3.6657
14.125 78.125 3.9533
14.125 78.375 3.7822
14.125 78.625 3.9749
14.125 78.875 2.9862
14.125 79.125 2.883
14.125 79.375 2.777
14.125 79.625 3.5244
14.125 79.875 3.9657
14.375 74.625 33.223
14.375 74.875 23.838
14.375 75.125 9.9919
14.375 75.375 7.5484
14.375 75.625 8.5031
14.375 75.875 4.9037
14.375 76.125 4.3438
14.375 76.375 3.912
14.375 76.625 2.7648
14.375 76.875 2.9467
14.375 77.125 3.3793
14.375 77.375 3.362
14.375 77.625 2.6534
14.375 77.875 4.0499
14.375 78.125 4.5555
14.375 78.375 4.8078
14.375 78.625 4.3595
14.375 78.875 2.94
14.375 79.125 2.9068
14.375 79.375 3.144
14.375 79.625 3.8694
14.375 79.875 3.5508
14.625 74.375 33.662
14.625 74.625 18.147
14.625 74.875 11.839
14.625 75.125 5.5401
14.625 75.375 4.8744
14.625 75.625 3.584
14.625 75.875 4.7324
14.625 76.125 3.8125
14.625 76.375 2.7311
14.625 76.625 2.7176
14.625 76.875 2.7663
14.625 77.125 2.7231
14.625 77.375 2.7611
14.625 77.625 3.4685
14.625 77.875 5.6427
14.625 78.125 4.2649
14.625 78.375 4.7097
14.625 78.625 3.0959
14.625 78.875 3.1196
14.625 79.125 3.5567
14.625 79.375 3.5018
14.625 79.625 3.4346
14.625 79.875 3.862
14.875 74.375 22.948
14.875 74.625 12.266
14.875 74.875 6.7657
14.875 75.125 4.5776
14.875 75.375 3.3963
14.875 75.625 3.2175
14.875 75.875 2.8483
14.875 76.125 3.8284
14.875 76.375 3.3206
14.875 76.625 2.499
14.875 76.875 3.5061
14.875 77.125 2.5889
14.875 77.375 3.8803
14.875 77.625 4.4504
14.875 77.875 3.7785
14.875 78.125 4.3309
14.875 78.375 4.0203
14.875 78.625 2.7445
14.875 78.875 3.6096
14.875 79.125 4.4053
14.875 79.375 3.9188
14.875 79.625 3.343
14.875 79.875 3.3257
15.125 74.125 26.589
15.125 74.375 27.162
15.125 74.625 15.724
15.125 74.875 7.3372
15.125 75.125 4.7906
15.125 75.375 5.2619
15.125 75.625 4.8202
15.125 75.875 3.9047
15.125 76.125 3.9075
15.125 76.375 2.789
15.125 76.625 1.948
15.125 76.875 2.326
15.125 77.125 1.937
15.125 77.375 1.9559
15.125 77.625 4.3044
15.125 77.875 3.4573
15.125 78.125 3.9406
15.125 78.375 4.6639
15.125 78.625 4.9137
15.125 78.875 4.325
15.125 79.125 3.8014
15.125 79.375 3.9877
15.125 79.625 3.9192
15.125 79.875 3.3127
15.375 73.875 45.95
15.375 74.125 28.833
15.375 74.375 24.78
15.375 74.625 11.327
15.375 74.875 7.2139
15.375 75.125 4.9344
15.375 75.375 6.6044
15.375 75.625 5.2911
15.375 75.875 2.9362
15.375 76.125 2.2094
15.375 76.375 2.1785
15.375 76.625 1.4105
15.375 76.875 1.7431
15.375 77.125 2.6604
15.375 77.375 2.0635
15.375 77.625 3.2882
15.375 77.875 2.6443
15.375 78.125 5.0918
15.375 78.375 4.6291
15.375 78.625 6.1179
15.375 78.875 3.6761
15.375 79.125 3.146
15.375 79.375 2.8928
15.375 79.625 3.0185
15.375 79.875 3.7173
15.625 73.875 32.206
15.625 74.125 25.919
15.625 74.375 7.0797
15.625 74.625 10.146
15.625 74.875 8.5938
15.625 75.125 4.4666
15.625 75.375 4.1563
15.625 75.625 4.5377
15.625 75.875 3.2559
15.625 76.125 3.363
15.625 76.375 2.5328
15.625 76.625 2.1608
15.625 76.875 2.1022
15.625 77.125 1.9616
15.625 77.375 2.0099
15.625 77.625 2.4322
15.625 77.875 1.9754
15.625 78.125 2.9177
15.625 78.375 3.1907
15.625 78.625 2.1922
15.625 78.875 3.4454
15.625 79.125 3.0845
15.625 79.375 3.6431
15.625 79.625 7.4086
15.625 79.875 5.5257
15.625 80.125 4.3739
15.875 73.875 30.036
15.875 74.125 31.097
15.875 74.375 7.5711
15.875 74.625 9.021
15.875 74.875 4.6724
15.875 75.125 4.2191
15.875 75.375 3.4758
15.875 75.625 3.0677
15.875 75.875 3.0231
15.875 76.125 2.0754
15.875 76.375 1.9822
15.875 76.625 2.2413
15.875 76.875 3.0238
15.875 77.125 1.8981
15.875 77.375 2.4206
15.875 77.625 1.4726
15.875 77.875 2.5399
15.875 78.125 3.7217
15.875 78.375 3.1709
15.875 78.625 3.4448
15.875 78.875 3.3895
15.875 79.125 3.8827
15.875 79.375 9.8843
15.875 79.625 6.6401
15.875 79.875 4.5075
15.875 80.125 6.3091
15.875 80.375 15.645
15.875 80.625 16.264
15.875 80.875 18.741
16.125 73.625 35.027
16.125 73.875 30.352
16.125 74.125 15.835
16.125 74.375 5.0653
16.125 74.625 3.7869
16.125 74.875 3.681
16.125 75.125 2.2665
16.125 75.375 2.2436
16.125 75.625 2.2863
16.125 75.875 2.0432
16.125 76.125 1.6104
16.125 76.375 2.4617
16.125 76.625 2.379
16.125 76.875 1.7026
16.125 77.125 1.9128
16.125 77.375 2.4689
16.125 77.625 1.8841
16.125 77.875 3.1503
16.125 78.125 5.9358
16.125 78.375 4.6692
16.125 78.625 4.9341
16.125 78.875 3.662
16.125 79.125 3.5671
16.125 79.375 3.9792
16.125 79.625 4.2813
16.125 79.875 7.4706
16.125 80.125 14.216
16.125 80.375 19.387
16.125 80.625 12.823
16.125 80.875 18.276
16.375 73.625 41.584
16.375 73.875 52.191
16.375 74.125 12.956
16.375 74.375 6.7526
16.375 74.625 1.5567
16.375 74.875 1.8757
16.375 75.125 2.0723
16.375 75.375 1.5679
16.375 75.625 1.7932
16.375 75.875 2.1802
16.375 76.125 2.4454
16.375 76.375 3.4682
16.375 76.625 2.735
16.375 76.875 2.7863
16.375 77.125 2.2985
16.375 77.375 2.3623
16.375 77.625 2.7699
16.375 77.875 3.3197
16.375 78.125 4.7047
16.375 78.375 4.0287
16.375 78.625 2.5199
16.375 78.875 3.046
16.375 79.125 4.7709
16.375 79.375 2.7245
16.375 79.625 3.0492
16.375 79.875 5.7607
16.375 80.125 17.997
16.375 80.375 16.362
16.375 80.625 20.427
16.375 80.875 19.705
16.375 81.125 22.255
16.375 81.375 24.847
16.375 81.625 40.817
16.625 73.625 27.352
16.625 73.875 19.354
16.625 74.125 20.22
16.625 74.375 0.88842
16.625 74.625 1.9024
16.625 74.875 1.833
16.625 75.125 2.0564
16.625 75.375 1.8673
16.625 75.625 1.8904
16.625 75.875 2.1059
16.625 76.125 2.3117
16.625 76.375 2.2144
16.625 76.625 2.07
16.625 76.875 3.1315
16.625 77.125 3.7069
16.625 77.375 3.9992
16.625 77.625 4.6748
16.625 77.875 6.9335
16.625 78.125 5.4939
16.625 78.375 4.0785
16.625 78.625 3.0665
16.625 78.875 2.081
16.625 79.125 2.5989
16.625 79.375 3.6764
16.625 79.625 6.3809
16.625 79.875 8.468
16.625 80.125 14.619
16.625 80.375 13.783
16.625 80.625 21.188
16.625 80.875 24.263
16.625 81.125 9.9607
16.625 81.375 37.742
16.625 81.625 47.672
16.625 81.875 45.786
16.625 82.125 25.724
16.875 73.375 32.54
16.875 73.625 18.212
16.875 73.875 12.831
16.875 74.125 3.34
16.875 74.375 3.8743
16.875 74.625 1.0926
16.875 74.875 2.6208
16.875 75.125 2.8844
16.875 75.375 2.485
16.875 75.625 2.8255
16.875 75.875 1.9931
16.875 76.125 2.212
16.875 76.375 2.0406
16.875 76.625 2.2223
16.875 76.875 2.7823
16.875 77.125 4.3352
16.875 77.375 6.778
16.875 77.625 3.8975
16.875 77.875 4.0176
16.875 78.125 2.6191
16.875 78.375 2.4775
16.875 78.625 2.9199
16.875 78.875 1.6707
16.875 79.125 2.1924
16.875 79.375 4.3886
16.875 79.625 6.6589
16.875 79.875 9.836
16.875 80.125 16.155
16.875 80.375 14.397
16.875 80.625 20.767
16.875 80.875 21.638
16.875 81.125 19.699
16.875 81.375 12.359
16.875 81.625 32.19
16.875 81.875 26.416
16.875 82.125 29.663
17.125 73.375 29.689
17.125 73.625 17.721
17.125 73.875 13.607
17.125 74.125 3.2866
17.125 74.375 1.3889
17.125 74.625 0.97673
17.125 74.875 2.105
17.125 75.125 2.1885
17.125 75.375 2.4956
17.125 75.625 2.958
17.125 75.875 2.561
17.125 76.125 2.1586
17.125 76.375 2.352
17.125 76.625 2.5369
17.125 76.875 3.2099
17.125 77.125 3.3353
17.125 77.375 3.1374
17.125 77.625 5.7855
17.125 77.875 3.8607
17.125 78.125 6.3817
17.125 78.375 3.026
17.125 78.625 3.4878
17.125 78.875 4.8462
17.125 79.125 9.9316
17.125 79.375 8.2279
17.125 79.625 6.5461
17.125 79.875 8.472
17.125 80.125 29.507
17.125 80.375 21.59
17.125 80.625 20.287
17.125 80.875 28.195
17.125 81.125 27.238
17.125 81.375 39.518
17.125 81.625 38.673
17.125 81.875 13.114
17.125 82.125 33.038
17.125 82.375 14.471
17.375 73.375 30.06
17.375 73.625 17.105
17.375 73.875 12.79
17.375 74.125 1.8281
17.375 74.375 0.55879
17.375 74.625 0.79313
17.375 74.875 2.0894
17.375 75.125 1.4947
17.375 75.375 1.5496
17.375 75.625 2.2995
17.375 75.875 1.7531
17.375 76.125 2.1043
17.375 76.375 2.9307
17.375 76.625 2.7236
17.375 76.875 3.2875
17.375 77.125 3.0274
17.375 77.375 2.085
17.375 77.625 5.2562
17.375 77.875 4.8324
17.375 78.125 6.4831
17.375 78.375 4.9304
17.375 78.625 2.746
17.375 78.875 8.191
17.375 79.125 14.07
17.375 79.375 19.572
17.375 79.625 10.863
17.375 79.875 21.896
17.375 80.125 27.67
17.375 80.375 28.82
17.375 80.625 40.517
17.375 80.875 32.712
17.375 81.125 52.707
17.375 81.375 49.597
17.375 81.625 32.014
17.375 81.875 35.717
17.375 82.125 39.29
17.375 82.375 15.3
17.375 82.625 25.304
17.625 73.375 36.273
17.625 73.625 1.9276
17.625 73.875 11.109
17.625 74.125 2.27
17.625 74.375 0.70339
17.625 74.625 1.1841
17.625 74.875 2.1219
17.625 75.125 2.0369
17.625 75.375 1.7466
17.625 75.625 1.9834
17.625 75.875 2.1196
17.625 76.125 2.3212
17.625 76.375 2.0082
17.625 76.625 3.6982
17.625 76.875 3.8319
17.625 77.125 3.5224
17.625 77.375 2.6985
17.625 77.625 2.6334
17.625 77.875 8.9884
17.625 78.125 6.3629
17.625 78.375 13.421
17.625 78.625 7.1414
17.625 78.875 6.3763
17.625 79.125 10.953
17.625 79.375 8.8742
17.625 79.625 14.929
17.625 79.875 23.119
17.625 80.125 30.13
17.625 80.375 42.24
17.625 80.625 36.304
17.625 80.875 47.417
17.625 81.125 33.611
17.625 81.375 37.264
17.625 81.625 38.44
17.625 81.875 10.458
17.625 82.125 22.555
17.625 82.375 10.126
17.625 82.625 9.6264
17.625 82.875 21.906
17.625 83.125 12.732
17.875 73.375 41.06
17.875 73.625 12.108
17.875 73.875 11.279
17.875 74.125 3.1393
17.875 74.375 1.954
17.875 74.625 1.1791
17.875 74.875 1.4823
17.875 75.125 1.3218
17.875 75.375 1.3087
17.875 75.625 2.0774
17.875 75.875 2.2343
17.875 76.125 2.5098
17.875 76.375 2.6095
17.875 76.625 2.6099
17.875 76.875 3.4614
17.875 77.125 7.4468
17.875 77.375 7.6937
17.875 77.625 19.633
17.875 77.875 17.316
17.875 78.125 34.873
17.875 78.375 23.743
17.875 78.625 38.139
17.875 78.875 19.305
17.875 79.125 9.3788
17.875 79.375 6.7801
17.875 79.625 11.52
17.875 79.875 18.73
17.875 80.125 23.633
17.875 80.375 25.535
17.875 80.625 35.383
17.875 80.875 49.441
17.875 81.125 60.612
17.875 81.375 64.029
17.875 81.625 46.674
17.875 81.875 19.897
17.875 82.125 44.633
17.875 82.375 28.384
17.875 82.625 11.701
17.875 82.875 8.7258
17.875 83.125 7.2368
17.875 83.375 10.545
18.125 73.125 29.959
18.125 73.375 18.143
18.125 73.625 13.04
18.125 73.875 7.7376
18.125 74.125 1.8571
18.125 74.375 1.8428
18.125 74.625 1.379
18.125 74.875 1.6776
18.125 75.125 1.6222
18.125 75.375 1.4572
18.125 75.625 1.801
18.125 75.875 2.003
18.125 76.125 1.7595
18.125 76.375 1.7292
18.125 76.625 1.2412
18.125 76.875 2.7663
18.125 77.125 13.896
18.125 77.375 19.446
18.125 77.625 20.832
18.125 77.875 15.911
18.125 78.125 23.628
18.125 78.375 16.406
18.125 78.625 25.992
18.125 78.875 17.209
18.125 79.125 22.264
18.125 79.375 22.414
18.125 79.625 35.913
18.125 79.875 27.529
18.125 80.125 36.576
18.125 80.375 28.235
18.125 80.625 28.644
18.125 80.875 78.917
18.125 81.125 72.352
18.125 81.375 86.74
18.125 81.625 70.394
18.125 81.875 81.093
18.125 82.125 27.572
18.125 82.375 46.5
18.125 82.625 45.16
18.125 82.875 10.739
18.125 83.125 17.138
18.125 83.375 10.799
18.125 83.625 15.107
18.375 73.125 26.843
18.375 73.375 14.169
18.375 73.625 10.76
18.375 73.875 6.9783
18.375 74.125 2.4032
18.375 74.375 1.4237
18.375 74.625 1.0386
18.375 74.875 1.0439
18.375 75.125 1.6793
18.375 75.375 2.8425
18.375 75.625 2.2892
18.375 75.875 1.9439
18.375 76.125 2.1637
18.375 76.375 2.5841
18.375 76.625 3.1991
18.375 76.875 3.715
18.375 77.125 7.6074
18.375 77.375 10.522
18.375 77.625 18.566
18.375 77.875 16.258
18.375 78.125 22.498
18.375 78.375 34.246
18.375 78.625 31.942
18.375 78.875 20.842
18.375 79.125 39.148
18.375 79.375 32.467
18.375 79.625 33.016
18.375 79.875 41.416
18.375 80.125 42.274
18.375 80.375 52.134
18.375 80.625 71.598
18.375 80.875 66.738
18.375 81.125 77.897
18.375 81.375 62.83
18.375 81.625 64.467
18.375 81.875 81.981
18.375 82.125 81.338
18.375 82.375 73.843
18.375 82.625 48.387
18.375 82.875 23.68
18.375 83.125 17.608
18.375 83.375 12.665
18.375 83.625 16.073
18.375 83.875 23.057
18.625 73.125 39.794
18.625 73.375 23.561
18.625 73.625 12.287
18.625 73.875 6.9954
18.625 74.125 1.7754
18.625 74.375 1.5281
18.625 74.625 1.195
18.625 74.875 1.2651
18.625 75.125 1.4056
18.625 75.375 1.6111
18.625 75.625 1.4341
18.625 75.875 1.4491
18.625 76.125 1.5043
18.625 76.375 3.3657
18.625 76.625 8.7223
18.625 76.875 4.0413
18.625 77.125 3.9048
18.625 77.375 6.7666
18.625 77.625 16.766
18.625 77.875 14.156
18.625 78.125 9.8234
18.625 78.375 31.004
18.625 78.625 18.335
18.625 78.875 27.509
18.625 79.125 21.014
18.625 79.375 25.206
18.625 79.625 20.979
18.625 79.875 42.514
18.625 80.125 49.842
18.625 80.375 56.558
18.625 80.625 46.715
18.625 80.875 64.422
18.625 81.125 57.188
18.625 81.375 78.408
18.625 81.625 68.747
18.625 81.875 67.577
18.625 82.125 74.672
18.625 82.375 84.87
18.625 82.625 25.133
18.625 82.875 17.247
18.625 83.125 21.518
18.625 83.375 17.051
18.625 83.625 24.936
18.625 83.875 24.042
18.625 84.125 16.785
18.875 73.125 47.849
18.875 73.375 23.094
18.875 73.625 10.632
18.875 73.875 8.6152
18.875 74.125 1.6535
18.875 74.375 2.0074
18.875 74.625 1.7154
18.875 74.875 1.6638
18.875 75.125 1.3789
18.875 75.375 1.3375
18.875 75.625 1.1341
18.875 75.875 1.0827
18.875 76.125 4.8549
18.875 76.375 4.2345
18.875 76.625 5.9641
18.875 76.875 6.5399
18.875 77.125 5.1157
18.875 77.375 6.4552
18.875 77.625 11.444
18.875 77.875 11.782
18.875 78.125 11.584
18.875 78.375 0.37241
18.875 78.625 31.705
18.875 78.875 43.456
18.875 79.125 22.356
18.875 79.375 33.341
18.875 79.625 24.563
18.875 79.875 41.023
18.875 80.125 61.708
18.875 80.375 45.29
18.875 80.625 47.773
18.875 80.875 44.749
18.875 81.125 36.644
18.875 81.375 29.431
18.875 81.625 43.777
18.875 81.875 71.33
18.875 82.125 74.431
18.875 82.375 81.087
18.875 82.625 23.33
18.875 82.875 24.948
18.875 83.125 7.4087
18.875 83.375 20.136
18.875 83.625 25.5
18.875 83.875 26.319
18.875 84.125 28.141
18.875 84.375 25.634
19.125 73.125 33.042
19.125 73.375 27.467
19.125 73.625 8.2965
19.125 73.875 7.7276
19.125 74.125 2.0858
19.125 74.375 1.4891
19.125 74.625 1.7679
19.125 74.875 1.6393
19.125 75.125 1.0131
19.125 75.375 1.133
19.125 75.625 0.84019
19.125 75.875 0.9134
19.125 76.125 2.3512
19.125 76.375 2.4698
19.125 76.625 4.1821
19.125 76.875 2.3083
19.125 77.125 4.2232
19.125 77.375 10.204
19.125 77.625 6.7185
19.125 77.875 8.8477
19.125 78.125 4.7333
19.125 78.375 9.7483
19.125 78.625 26.691
19.125 78.875 36.259
19.125 79.125 31.359
19.125 79.375 21.467
19.125 79.625 24.222
19.125 79.875 25.247
19.125 80.125 42.361
19.125 80.375 40.334
19.125 80.625 30.445
19.125 80.875 46.362
19.125 81.125 44.024
19.125 81.375 28.022
19.125 81.625 21.729
19.125 81.875 21.643
19.125 82.125 23.653
19.125 82.375 23.129
19.125 82.625 20.886
19.125 82.875 21.135
19.125 83.125 17.518
19.125 83.375 13.032
19.125 83.625 20.025
19.125 83.875 14.91
19.125 84.125 20.235
19.125 84.375 27.094
19.125 84.625 36.072
19.375 72.875 29.019
19.375 73.125 25.608
19.375 73.375 33.524
19.375 73.625 24.056
19.375 73.875 5.8135
19.375 74.125 2.3078
19.375 74.375 1.9879
19.375 74.625 1.0732
19.375 74.875 0.82443
19.375 75.125 1.1639
19.375 75.375 1.1576
19.375 75.625 0.51408
19.375 75.875 0.60323
19.375 76.125 1.1756
19.375 76.375 0.89638
19.375 76.625 1.0202
19.375 76.875 1.1815
19.375 77.125 2.7978
19.375 77.375 2.4264
19.375 77.625 3.8081
19.375 77.875 4.6802
19.375 78.125 15.847
19.375 78.375 18.723
19.375 78.625 22.22
19.375 78.875 20.28
19.375 79.125 20.952
19.375 79.375 31.057
19.375 79.625 23.091
19.375 79.875 24.701
19.375 80.125 25.471
19.375 80.375 28.594
19.375 80.625 41.228
19.375 80.875 45.726
19.375 81.125 49.432
19.375 81.375 48.186
19.375 81.625 22.013
19.375 81.875 21.56
19.375 82.125 22.211
19.375 82.375 42.463
19.375 82.625 20.252
19.375 82.875 21.183
19.375 83.125 17.927
19.375 83.375 18.497
19.375 83.625 14.875
19.375 83.875 10.37
19.375 84.125 25.467
19.375 84.375 18.636
19.375 84.625 21.268
19.375 84.875 29.167
19.625 72.875 33.42
19.625 73.125 32.476
19.625 73.375 35.47
19.625 73.625 13.121
19.625 73.875 6.0266
19.625 74.125 1.7299
19.625 74.375 0.75041
19.625 74.625 0.77107
19.625 74.875 0.93519
19.625 75.125 1.6707
19.625 75.375 1.1338
19.625 75.625 0.98064
19.625 75.875 1.2644
19.625 76.125 2.3528
19.625 76.375 1.4316
19.625 76.625 0.90082
19.625 76.875 0.72559
19.625 77.125 1.6267
19.625 77.375 3.409
19.625 77.625 4.0026
19.625 77.875 6.4526
19.625 78.125 6.6654
19.625 78.375 11.686
19.625 78.625 15.096
19.625 78.875 16.591
19.625 79.125 12.691
19.625 79.375 6.7853
19.625 79.625 14.054
19.625 79.875 17.556
19.625 80.125 25.281
19.625 80.375 29.387
19.625 80.625 42.573
19.625 80.875 45.177
19.625 81.125 48.682
19.625 81.375 21.42
19.625 81.625 21.127
19.625 81.875 23.349
19.625 82.125 20.594
19.625 82.375 18.832
19.625 82.625 22.734
19.625 82.875 18.596
19.625 83.125 41.247
19.625 83.375 18.873
19.625 83.625 21.124
19.625 83.875 21.249
19.625 84.125 18.967
19.625 84.375 25.633
19.625 84.625 36.766
19.625 84.875 22.926
19.625 85.125 16.22
19.625 85.375 30.613
19.875 72.875 40.361
19.875 73.125 26.173
19.875 73.375 29.446
19.875 73.625 12.017
19.875 73.875 6.0299
19.875 74.125 1.008
19.875 74.375 0.76997
19.875 74.625 1.0638
19.875 74.875 3.8594
19.875 75.125 1.7948
19.875 75.375 1.6243
19.875 75.625 2.1123
19.875 75.875 3.7405
19.875 76.125 8.5857
19.875 76.375 7.1235
19.875 76.625 3.3909
19.875 76.875 4.6738
19.875 77.125 3.1576
19.875 77.375 3.3929
19.875 77.625 7.1167
19.875 77.875 4.6581
19.875 78.125 4.5396
19.875 78.375 4.6233
19.875 78.625 7.423
19.875 78.875 9.3473
19.875 79.125 9.8022
19.875 79.375 6.7877
19.875 79.625 12.559
19.875 79.875 24.722
19.875 80.125 43.296
19.875 80.375 30.446
19.875 80.625 32.101
19.875 80.875 46.764
19.875 81.125 45.556
19.875 81.375 19.175
19.875 81.625 21.091
19.875 81.875 24.812
19.875 82.125 18.657
19.875 82.375 42.033
19.875 82.625 18.116
19.875 82.875 18.808
19.875 83.125 16.713
19.875 83.375 20.641
19.875 83.625 30.762
19.875 83.875 27.212
19.875 84.125 20.296
19.875 84.375 19.339
19.875 84.625 39.805
19.875 84.875 39.301
19.875 85.125 28.251
19.875 85.375 23.226
19.875 85.625 37.958
19.875 85.875 40.319
19.875 86.125 41.151
20.125 72.875 35.062
20.125 73.125 26.644
20.125 73.375 24.164
20.125 73.625 27.015
20.125 73.875 6.9493
20.125 74.125 8.445
20.125 74.375 1.4724
20.125 74.625 1.504
20.125 74.875 2.0092
20.125 75.125 3.1353
20.125 75.375 3.443
20.125 75.625 1.9191
20.125 75.875 2.5361
20.125 76.125 4.4937
20.125 76.375 5.4868
20.125 76.625 3.1677
20.125 76.875 3.473
20.125 77.125 2.5166
20.125 77.375 3.7259
20.125 77.625 6.7726
20.125 77.875 4.18
20.125 78.125 4.4864
20.125 78.375 5.065
20.125 78.625 7.8852
20.125 78.875 8.3208
20.125 79.125 7.993
20.125 79.375 9.9432
20.125 79.625 23.174
20.125 79.875 28.937
20.125 80.125 29.393
20.125 80.375 38.76
20.125 80.625 32.795
20.125 80.875 27.779
20.125 81.125 26.59
20.125 81.375 18.978
20.125 81.625 18.674
20.125 81.875 23.383
20.125 82.125 19.891
20.125 82.375 12.851
20.125 82.625 31.728
20.125 82.875 19.149
20.125 83.125 34.91
20.125 83.375 19.315
20.125 83.625 32.524
20.125 83.875 51.449
20.125 84.125 51.176
20.125 84.375 41.728
20.125 84.625 34.769
20.125 84.875 45.517
20.125 85.125 42.329
20.125 85.375 24.449
20.125 85.625 22.757
20.125 85.875 26.928
20.125 86.125 38.099
20.125 86.375 32.349
20.375 73.125 30.695
20.375 73.375 27.631
20.375 73.625 17.636
20.375 73.875 6.1687
20.375 74.125 0.97455
20.375 74.375 0.76964
20.375 74.625 0.87017
20.375 74.875 1.1857
20.375 75.125 4.2404
20.375 75.375 8.73
20.375 75.625 5.0658
20.375 75.875 5.7873
20.375 76.125 6.4202
20.375 76.375 2.0694
20.375 76.625 1.2255
20.375 76.875 0.84958
20.375 77.125 1.283
20.375 77.375 3.3409
20.375 77.625 3.8007
20.375 77.875 4.3163
20.375 78.125 8.4736
20.375 78.375 5.3014
20.375 78.625 4.5514
20.375 78.875 7.1205
20.375 79.125 9.153
20.375 79.375 19.512
20.375 79.625 26.408
20.375 79.875 28.481
20.375 80.125 27.775
20.375 80.375 37.738
20.375 80.625 42.563
20.375 80.875 27.761
20.375 81.125 24.333
20.375 81.375 22.957
20.375 81.625 20.347
20.375 81.875 22.472
20.375 82.125 22.549
20.375 82.375 20.621
20.375 82.625 19.677
20.375 82.875 22.09
20.375 83.125 39.479
20.375 83.375 24.06
20.375 83.625 24.093
20.375 83.875 23.132
20.375 84.125 43.337
20.375 84.375 31.653
20.375 84.625 38.327
20.375 84.875 41.859
20.375 85.125 41.776
20.375 85.375 24.88
20.375 85.625 34.551
20.375 85.875 27.679
20.375 86.125 36.794
20.375 86.375 42.861
20.375 86.625 51.111
20.625 73.125 10.152
20.625 73.375 22.746
20.625 73.625 23.115
20.625 73.875 9.9388
20.625 74.125 1.2399
20.625 74.375 0.69324
20.625 74.625 1.2569
20.625 74.875 3.528
20.625 75.125 2.9786
20.625 75.375 2.7042
20.625 75.625 1.6281
20.625 75.875 0.81086
20.625 76.125 1.4454
20.625 76.375 0.81987
20.625 76.625 0.67457
20.625 76.875 0.82907
20.625 77.125 0.93555
20.625 77.375 1.3568
20.625 77.625 3.9748
20.625 77.875 3.5624
20.625 78.125 6.169
20.625 78.375 6.8156
20.625 78.625 5.3912
20.625 78.875 8.1393
20.625 79.125 15.765
20.625 79.375 15.969
20.625 79.625 20.654
20.625 79.875 27.384
20.625 80.125 28.074
20.625 80.375 37.158
20.625 80.625 25.332
20.625 80.875 35.145
20.625 81.125 28.857
20.625 81.375 23.959
20.625 81.625 20.143
20.625 81.875 24.137
20.625 82.125 24.58
20.625 82.375 19.276
20.625 82.625 32.632
20.625 82.875 35.418
20.625 83.125 40.476
20.625 83.375 25.268
20.625 83.625 24.907
20.625 83.875 21.577
20.625 84.125 31.042
20.625 84.375 38.935
20.625 84.625 29.758
20.625 84.875 36.339
20.625 85.125 37.096
20.625 85.375 34.219
20.625 85.625 27.597
20.625 85.875 31.226
20.625 86.125 27.963
20.625 86.375 27.911
20.625 86.625 38.615
20.625 86.875 47.711
20.875 70.625 7.3855
20.875 70.875 7.1905
20.875 71.125 5.3897
20.875 71.375 12.063
20.875 72.875 15.361
20.875 73.125 8.4918
20.875 73.375 15.932
20.875 73.625 16.367
20.875 73.875 5.7226
20.875 74.125 1.5279
20.875 74.375 1.3943
20.875 74.625 1.2464
20.875 74.875 1.3436
20.875 75.125 1.6634
20.875 75.375 1.3133
20.875 75.625 0.64441
20.875 75.875 0.93028
20.875 76.125 1.1145
20.875 76.375 0.61436
20.875 76.625 1.0415
20.875 76.875 0.98881
20.875 77.125 0.70705
20.875 77.375 0.99724
20.875 77.625 1.2799
20.875 77.875 3.9586
20.875 78.125 4.9223
20.875 78.375 6.3508
20.875 78.625 11.154
20.875 78.875 11.878
20.875 79.125 7.604
20.875 79.375 13.11
20.875 79.625 17.954
20.875 79.875 29.124
20.875 80.125 36.411
20.875 80.375 24.177
20.875 80.625 26.589
20.875 80.875 28.395
20.875 81.125 26.739
20.875 81.375 22.021
20.875 81.625 21.662
20.875 81.875 19.678
20.875 82.125 20.69
20.875 82.375 29.072
20.875 82.625 24.129
20.875 82.875 33.943
20.875 83.125 38.046
20.875 83.375 22.24
20.875 83.625 23.485
20.875 83.875 27.115
20.875 84.125 25.963
20.875 84.375 29.608
20.875 84.625 42.757
20.875 84.875 31.766
20.875 85.125 22.745
20.875 85.375 23.379
20.875 85.625 28.321
20.875 85.875 27.128
20.875 86.125 27.58
20.875 86.375 27.419
20.875 86.625 38.022
21.125 70.375 7.1295
21.125 70.625 2.5599
21.125 70.875 0.42237
21.125 71.125 2.8446
21.125 71.375 5.4752
21.125 71.625 16.84
21.125 71.875 9.7293
21.125 72.875 8.9662
21.125 73.125 4.6101
21.125 73.375 11.095
21.125 73.625 6.829
21.125 73.875 3.5831
21.125 74.125 1.5628
21.125 74.375 0.88794
21.125 74.625 1.2818
21.125 74.875 2.4564
21.125 75.125 1.1669
21.125 75.375 2.1442
21.125 75.625 2.947
21.125 75.875 3.5274
21.125 76.125 3.5063
21.125 76.375 1.6293
21.125 76.625 1.9843
21.125 76.875 1.4469
21.125 77.125 1.5432
21.125 77.375 1.0654
21.125 77.625 1.3002
21.125 77.875 1.8312
21.125 78.125 3.9076
21.125 78.375 6.539
21.125 78.625 9.0224
21.125 78.875 13.269
21.125 79.125 12.912
21.125 79.375 13.254
21.125 79.625 20.275
21.125 79.875 36.643
21.125 80.125 25.388
21.125 80.375 33.938
21.125 80.625 20.127
21.125 80.875 45.981
21.125 81.125 45.847
21.125 81.375 18.752
21.125 81.625 34.116
21.125 81.875 32.116
21.125 82.125 36.277
21.125 82.375 25.558
21.125 82.625 35.525
21.125 82.875 28.644
21.125 83.125 28.208
21.125 83.375 31.693
21.125 83.625 30.734
21.125 83.875 29.678
21.125 84.125 22.413
21.125 84.375 37.261
21.125 84.625 30.672
21.125 84.875 22.872
21.125 85.125 25.043
21.125 85.375 23.906
21.125 85.625 35.27
21.125 85.875 39.232
21.125 86.125 28.386
21.125 86.375 28.159
21.125 86.625 28.479
21.375 70.125 3.6672
21.375 70.375 5.3298
21.375 70.625 2.9591
21.375 70.875 1.4352
21.375 71.125 1.911
21.375 71.375 0.98897
21.375 71.625 1.3595
21.375 71.875 2.2444
21.375 72.875 12.499
21.375 73.125 12.367
21.375 73.375 17.295
21.375 73.625 14.75
21.375 73.875 2.4044
21.375 74.125 1.1404
21.375 74.375 1.0817
21.375 74.625 1.5034
21.375 74.875 5.2264
21.375 75.125 5.0994
21.375 75.375 5.4907
21.375 75.625 6.9688
21.375 75.875 5.2874
21.375 76.125 8.6668
21.375 76.375 2.768
21.375 76.625 3.5208
21.375 76.875 5.2888
21.375 77.125 5.5576
21.375 77.375 3.8672
21.375 77.625 1.5883
21.375 77.875 4.7518
21.375 78.125 4.8438
21.375 78.375 5.6061
21.375 78.625 8.2269
21.375 78.875 11.716
21.375 79.125 9.7375
21.375 79.375 14.084
21.375 79.625 19.923
21.375 79.875 22.746
21.375 80.125 20.509
21.375 80.375 24.101
21.375 80.625 22.276
21.375 80.875 23.979
21.375 81.125 30.842
21.375 81.375 32.307
21.375 81.625 40.7
21.375 81.875 35.368
21.375 82.125 26.477
21.375 82.375 24.143
21.375 82.625 23.307
21.375 82.875 25.987
21.375 83.125 34.449
21.375 83.375 24.693
21.375 83.625 25.91
21.375 83.875 28.772
21.375 84.125 23.557
21.375 84.375 42.404
21.375 84.625 41.029
21.375 84.875 23.713
21.375 85.125 23.108
21.375 85.375 18.755
21.375 85.625 43.931
21.375 85.875 41.27
21.375 86.125 35.028
21.375 86.375 43.253
21.375 86.625 37.236
21.375 86.875 53.497
21.625 69.875 1.206
21.625 70.125 0.85873
21.625 70.375 2.6574
21.625 70.625 4.3755
21.625 70.875 2.5465
21.625 71.125 0.79989
21.625 71.375 3.0439
21.625 71.625 4.3098
21.625 71.875 2.2287
21.625 72.125 3.703
21.625 72.875 14.511
21.625 73.125 12.465
21.625 73.375 19.885
21.625 73.625 12.073
21.625 73.875 3.4609
21.625 74.125 2.5184
21.625 74.375 1.3256
21.625 74.625 3.1174
21.625 74.875 8.5801
21.625 75.125 12.144
21.625 75.375 10.645
21.625 75.625 9.0358
21.625 75.875 6.8037
21.625 76.125 9.3212
21.625 76.375 6.9888
21.625 76.625 6.2898
21.625 76.875 7.9957
21.625 77.125 9.7849
21.625 77.375 8.4566
21.625 77.625 3.7953
21.625 77.875 8.5258
21.625 78.125 7.5454
21.625 78.375 5.7683
21.625 78.625 8.7567
21.625 78.875 7.1792
21.625 79.125 8.5148
21.625 79.375 9.4425
21.625 79.625 18.169
21.625 79.875 23.856
21.625 80.125 24.593
21.625 80.375 31.146
21.625 80.625 26.93
21.625 80.875 20.41
21.625 81.125 11.256
21.625 81.375 29.522
21.625 81.625 32.23
21.625 81.875 33.043
21.625 82.125 26.955
21.625 82.375 23.148
21.625 82.625 16.119
21.625 82.875 25.744
21.625 83.125 32.764
21.625 83.375 24.111
21.625 83.625 29.235
21.625 83.875 28.768
21.625 84.125 35.339
21.625 84.375 25.101
21.625 84.625 43.056
21.625 84.875 39.525
21.625 85.125 38.864
21.625 85.375 33.203
21.625 85.625 42.253
21.625 85.875 42.903
21.625 86.125 39.681
21.625 86.375 48.108
21.625 86.625 61.071
21.625 86.875 55.661
21.625 87.125 55.939
21.625 87.375 58.028
21.875 69.375 15.163
21.875 69.625 0.91534
21.875 69.875 0.96429
21.875 70.125 1.1232
21.875 70.375 2.899
21.875 70.625 6.6039
21.875 70.875 1.9888
21.875 71.125 0.32163
21.875 71.375 1.6194
21.875 71.625 3.9264
21.875 71.875 2.1071
21.875 72.125 2.6272
21.875 72.625 8.1906
21.875 72.875 4.7608
21.875 73.125 8.2577
21.875 73.375 9.1561
21.875 73.625 8.4145
21.875 73.875 2.7633
21.875 74.125 0.96876
21.875 74.375 1.0039
21.875 74.625 2.0616
21.875 74.875 7.8022
21.875 75.125 5.2067
21.875 75.375 7.4645
21.875 75.625 9.6098
21.875 75.875 6.1551
21.875 76.125 7.0328
21.875 76.375 7.1465
21.875 76.625 7.5704
21.875 76.875 11.209
21.875 77.125 12.431
21.875 77.375 13.358
21.875 77.625 9.7451
21.875 77.875 9.7362
21.875 78.125 28.352
21.875 78.375 31.284
21.875 78.625 14.305
21.875 78.875 12.619
21.875 79.125 13.893
21.875 79.375 16.862
21.875 79.625 25.155
21.875 79.875 24.26
21.875 80.125 30.502
21.875 80.375 44.529
21.875 80.625 32.395
21.875 80.875 27.897
21.875 81.125 10.287
21.875 81.375 18.458
21.875 81.625 16.835
21.875 81.875 21.747
21.875 82.125 23.645
21.875 82.375 23.347
21.875 82.625 17.54
21.875 82.875 13.897
21.875 83.125 16.794
21.875 83.375 18.474
21.875 83.625 28.354
21.875 83.875 26.031
21.875 84.125 23.451
21.875 84.375 30.608
21.875 84.625 41.29
21.875 84.875 39.448
21.875 85.125 33.423
21.875 85.375 38.208
21.875 85.625 37.505
21.875 85.875 43.468
21.875 86.125 37.548
21.875 86.375 26.364
21.875 86.625 61.83
21.875 86.875 59.306
21.875 87.125 45.525
21.875 87.375 47.161
21.875 87.625 41.916
21.875 87.875 42.621
21.875 88.375 32.557
21.875 88.625 34.558
21.875 88.875 35.586
22.125 69.125 2.2718
22.125 69.375 1.3071
22.125 69.625 0.56194
22.125 69.875 0.61251
22.125 70.125 0.71599
22.125 70.375 1.0064
22.125 70.625 1.8175
22.125 70.875 2.7847
22.125 71.125 0.26324
22.125 71.375 1.236
22.125 71.625 4.3817
22.125 71.875 1.304
22.125 72.125 4.224
22.125 72.625 15.466
22.125 72.875 5.4016
22.125 73.125 4.3791
22.125 73.375 8.7184
22.125 73.625 7.579
22.125 73.875 5.3332
22.125 74.125 3.4567
22.125 74.375 1.3113
22.125 74.625 1.0814
22.125 74.875 4.1202
22.125 75.125 4.4929
22.125 75.375 3.4698
22.125 75.625 3.9947
22.125 75.875 3.8394
22.125 76.125 2.504
22.125 76.375 5.819
22.125 76.625 8.4837
22.125 76.875 10.959
22.125 77.125 13.211
22.125 77.375 14.482
22.125 77.625 10.036
22.125 77.875 19.473
22.125 78.125 29.119
22.125 78.375 26.328
22.125 78.625 21.306
22.125 78.875 16.17
22.125 79.125 15.413
22.125 79.375 13.731
22.125 79.625 17.413
22.125 79.875 25.939
22.125 80.125 31.349
22.125 80.375 34.908
22.125 80.625 37.237
22.125 80.875 28.682
22.125 81.125 14.653
22.125 81.375 20.19
22.125 81.625 20.161
22.125 81.875 24.201
22.125 82.125 19.139
22.125 82.375 27.095
22.125 82.625 19.257
22.125 82.875 21.408
22.125 83.125 14.779
22.125 83.375 15.899
22.125 83.625 25.383
22.125 83.875 21.287
22.125 84.125 21.493
22.125 84.375 26.445
22.125 84.625 35.865
22.125 84.875 24.11
22.125 85.125 38.787
22.125 85.375 37.954
22.125 85.625 39.069
22.125 85.875 41.202
22.125 86.125 44.773
22.125 86.375 59.387
22.125 86.625 54.513
22.125 86.875 47.936
22.125 87.125 47.431
22.125 87.375 47.917
22.125 87.625 48.145
22.125 87.875 39.563
22.125 88.125 37.541
22.125 88.375 31.115
22.125 92.875 69.605
22.375 69.125 3.2264
22.375 69.875 0.92435
22.375 70.125 0.96314
22.375 70.375 0.48607
22.375 70.625 1.6619
22.375 70.875 2.182
22.375 71.125 1.8327
22.375 71.375 2.3951
22.375 71.625 1.1
22.375 71.875 4.3113
22.375 72.125 10.861
22.375 72.625 18.026
22.375 72.875 2.684
22.375 73.125 11.034
22.375 73.375 9.9907
22.375 73.625 17.755
22.375 73.875 10.962
22.375 74.125 3.1288
22.375 74.375 3.1444
22.375 74.625 2.0704
22.375 74.875 3.491
22.375 75.125 5.0332
22.375 75.375 5.9311
22.375 75.625 4.6063
22.375 75.875 10.167
22.375 76.125 8.1533
22.375 76.375 8.4193
22.375 76.625 14.804
22.375 76.875 13.151
22.375 77.125 14.574
22.375 77.375 9.596
22.375 77.625 9.7877
22.375 77.875 26.222
22.375 78.125 36.468
22.375 78.375 34.235
22.375 78.625 20.958
22.375 78.875 21.47
22.375 79.125 22.462
22.375 79.375 22.731
22.375 79.625 18.184
22.375 79.875 28.755
22.375 80.125 31.016
22.375 80.375 40.218
22.375 80.625 36.512
22.375 80.875 35.268
22.375 81.125 41.014
22.375 81.375 20.811
22.375 81.625 17.601
22.375 81.875 19.995
22.375 82.125 17.66
22.375 82.375 25.183
22.375 82.625 16.874
22.375 82.875 9.2238
22.375 83.125 10.208
22.375 83.375 8.7808
22.375 83.625 7.3526
22.375 83.875 17.765
22.375 84.125 21.237
22.375 84.375 25.61
22.375 84.625 23.368
22.375 84.875 29.978
22.375 85.125 36.254
22.375 85.375 34.893
22.375 85.625 32.321
22.375 85.875 36.613
22.375 86.125 37.22
22.375 86.375 42.482
22.375 86.625 46.468
22.375 86.875 47.277
22.375 87.125 47.282
22.375 87.375 39.214
22.375 87.625 40.341
22.375 87.875 38.445
22.375 88.125 30.953
22.375 88.375 31.761
22.375 88.625 32.504
22.375 88.875 32.429
22.375 92.875 89.605
22.625 70.375 1.6114
22.625 70.625 4.5426
22.625 70.875 1.6757
22.625 71.125 1.9935
22.625 71.375 1.8933
22.625 71.625 1.7283
22.625 71.875 1.2101
22.625 72.125 5.0758
22.625 72.375 12.012
22.625 72.625 26.442
22.625 72.875 2.7317
22.625 73.125 3.133
22.625 73.375 12.88
22.625 73.625 2.8675
22.625 73.875 3.1659
22.625 74.125 3.7182
22.625 74.375 5.7798
22.625 74.625 4.5025
22.625 74.875 5.5543
22.625 75.125 3.6501
22.625 75.375 4.9148
22.625 75.625 3.0915
22.625 75.875 7.8126
22.625 76.125 6.3017
22.625 76.375 8.5454
22.625 76.625 13.71
22.625 76.875 16.909
22.625 77.125 11.364
22.625 77.375 8.0971
22.625 77.625 9.5213
22.625 77.875 20.118
22.625 78.125 25.907
22.625 78.375 22.168
22.625 78.625 23.336
22.625 78.875 20.829
22.625 79.125 22.036
22.625 79.375 24.613
22.625 79.625 27.485
22.625 79.875 29.969
22.625 80.125 25.878
22.625 80.375 23.95
22.625 80.625 25.264
22.625 80.875 29.541
22.625 81.125 18.335
22.625 81.375 19.121
22.625 81.625 37.042
22.625 81.875 18.275
22.625 82.125 16.566
22.625 82.375 12.899
22.625 82.625 15.257
22.625 82.875 10.548
22.625 83.125 6.3468
22.625 83.375 24.467
22.625 83.625 21.424
22.625 83.875 15.206
22.625 84.125 21.768
22.625 84.375 24.482
22.625 84.625 22.658
22.625 84.875 22.082
22.625 85.125 39.1
22.625 85.375 47.304
22.625 85.625 49.073
22.625 85.875 37.542
22.625 86.125 34.605
22.625 86.375 38.328
22.625 86.625 41.233
22.625 86.875 43.157
22.625 87.125 44.299
22.625 87.375 39.294
22.625 87.625 41.309
22.625 87.875 44.091
22.625 88.125 49.957
22.625 88.375 40.902
22.625 88.625 35.245
22.625 88.875 32.937
22.625 92.625 42.402
22.625 92.875 73.249
22.875 69.375 8.8634
22.875 69.625 16.23
22.875 69.875 16.376
22.875 70.625 3.678
22.875 70.875 2.233
22.875 71.125 1.2438
22.875 71.375 0.71636
22.875 71.625 1.0847
22.875 71.875 2.5476
22.875 72.125 1.2115
22.875 72.375 8.1511
22.875 72.625 16.408
22.875 72.875 4.4178
22.875 73.125 10.65
22.875 73.375 10.407
22.875 73.625 2.8882
22.875 73.875 1.6836
22.875 74.125 4.2367
22.875 74.375 4.1209
22.875 74.625 4.1779
22.875 74.875 4.9617
22.875 75.125 3.1074
22.875 75.375 6.3762
22.875 75.625 4.8936
22.875 75.875 5.0744
22.875 76.125 4.3654
22.875 76.375 4.6244
22.875 76.625 10.805
22.875 76.875 10.441
22.875 77.125 15.455
22.875 77.375 5.5742
22.875 77.625 14.552
22.875 77.875 17.731
22.875 78.125 16.746
22.875 78.375 19.383
22.875 78.625 21.497
22.875 78.875 20.452
22.875 79.125 22.081
22.875 79.375 21.094
22.875 79.625 23.3
22.875 79.875 20.666
22.875 80.125 28.21
22.875 80.375 24.877
22.875 80.625 29.263
22.875 80.875 36.907
22.875 81.125 36.051
22.875 81.375 28.079
22.875 81.625 26.797
22.875 81.875 16.718
22.875 82.125 20.29
22.875 82.375 17.116
22.875 82.625 12.363
22.875 82.875 18.229
22.875 83.125 8.2466
22.875 83.375 10.605
22.875 83.625 18.278
22.875 83.875 12.332
22.875 84.125 19.635
22.875 84.375 26.25
22.875 84.625 36.726
22.875 84.875 42.65
22.875 85.125 42.374
22.875 85.375 29.691
22.875 85.625 46.711
22.875 85.875 39.909
22.875 86.125 35.643
22.875 86.375 34.197
22.875 86.625 34.488
22.875 86.875 35.222
22.875 87.125 41.278
22.875 87.375 39.291
22.875 87.625 36.667
22.875 87.875 36.527
22.875 88.125 40.572
22.875 88.375 37.712
22.875 88.625 36.789
22.875 92.625 35.395
22.875 92.875 51.908
23.125 68.875 0.54622
23.125 69.125 0.80162
23.125 69.375 0.91839
23.125 69.625 0.90693
23.125 69.875 1.2834
23.125 70.125 1.2587
23.125 70.875 1.6486
23.125 71.125 1.8218
23.125 71.375 0.76546
23.125 71.625 0.73891
23.125 71.875 0.93134
23.125 72.125 14.176
23.125 72.375 2.6716
23.125 72.625 8.4149
23.125 72.875 3.9971
23.125 73.125 1.8463
23.125 73.375 8.0277
23.125 73.625 8.4066
23.125 73.875 1.6959
23.125 74.125 2.4374
23.125 74.375 2.4293
23.125 74.625 2.8594
23.125 74.875 4.996
23.125 75.125 4.1843
23.125 75.375 1.7953
23.125 75.625 3.1704
23.125 75.875 5.3072
23.125 76.125 5.5875
23.125 76.375 9.2184
23.125 76.625 9.5193
23.125 76.875 11.507
23.125 77.125 13.073
23.125 77.375 11.689
23.125 77.625 15.493
23.125 77.875 18.045
23.125 78.125 16.699
23.125 78.375 15.961
23.125 78.625 14.457
23.125 78.875 19.583
23.125 79.125 23.216
23.125 79.375 20.876
23.125 79.625 20.478
23.125 79.875 25.119
23.125 80.125 25.084
23.125 80.375 29.824
23.125 80.625 24.135
23.125 80.875 39.991
23.125 81.125 34.801
23.125 81.375 33.096
23.125 81.625 24.517
23.125 81.875 17.928
23.125 82.125 17.358
23.125 82.375 21.046
23.125 82.625 16.604
23.125 82.875 17.053
23.125 83.125 19.552
23.125 83.375 18.056
23.125 83.625 28.195
23.125 83.875 23.482
23.125 84.125 31.072
23.125 84.375 28.237
23.125 84.625 24.292
23.125 84.875 38.278
23.125 85.125 37.774
23.125 85.375 48.865
23.125 85.625 39.144
23.125 85.875 34.549
23.125 86.125 41.494
23.125 86.375 31.661
23.125 86.625 32.484
23.125 86.875 35.061
23.125 87.125 48.011
23.125 87.375 35.876
23.125 87.625 30.787
23.125 87.875 20.542
23.125 88.125 21.498
23.125 88.375 30.173
23.125 88.625 26.435
23.125 91.625 52.685
23.125 92.625 25.478
23.125 92.875 41.82
23.125 93.125 53.022
23.375 68.875 0.63912
23.375 69.125 0.87114
23.375 69.375 1.0448
23.375 69.625 0.79945
23.375 69.875 0.93173
23.375 70.125 1.8688
23.375 70.375 3.3792
23.375 70.625 3.7566
23.375 70.875 4.9661
23.375 71.125 3.0616
23.375 71.375 0.9676
23.375 71.625 0.60581
23.375 71.875 4.4391
23.375 72.125 3.0916
23.375 72.375 2.9017
23.375 72.625 4.0585
23.375 72.875 5.6628
23.375 73.125 4.3481
23.375 73.375 3.866
23.375 73.625 1.9134
23.375 73.875 2.5544
23.375 74.125 2.9056
23.375 74.375 5.6684
23.375 74.625 4.9829
23.375 74.875 5.7603
23.375 75.125 5.0097
23.375 75.375 5.1991
23.375 75.625 2.4158
23.375 75.875 6.9009
23.375 76.125 14.012
23.375 76.375 12.379
23.375 76.625 8.8947
23.375 76.875 7.2171
23.375 77.125 12.276
23.375 77.375 16.482
23.375 77.625 15.147
23.375 77.875 18.057
23.375 78.125 20.664
23.375 78.375 15.613
23.375 78.625 17.235
23.375 78.875 20.272
23.375 79.125 25.068
23.375 79.375 27.477
23.375 79.625 24.987
23.375 79.875 23.533
23.375 80.125 21.311
23.375 80.375 46.07
23.375 80.625 49.137
23.375 80.875 34.93
23.375 81.125 31.217
23.375 81.375 17.34
23.375 81.625 17.147
23.375 81.875 16.376
23.375 82.125 18.72
23.375 82.375 33.989
23.375 82.625 33.406
23.375 82.875 14.739
23.375 83.125 20.696
23.375 83.375 18.527
23.375 83.625 23.431
23.375 83.875 23.946
23.375 84.125 17.453
23.375 84.375 24.351
23.375 84.625 23.822
23.375 84.875 32.96
23.375 85.125 40.136
23.375 85.375 46.683
23.375 85.625 41.642
23.375 85.875 40.101
23.375 86.125 23.277
23.375 86.375 32.195
23.375 86.625 32.364
23.375 86.875 33.507
23.375 87.125 34.652
23.375 87.375 37.473
23.375 87.625 18.371
23.375 87.875 12.41
23.375 88.125 12.445
23.375 88.375 20.359
23.375 88.625 20.217
23.375 91.375 42.105
23.375 91.625 16.598
23.375 92.625 31.176
23.375 92.875 29.065
23.375 93.125 32.125
23.625 68.625 0.5981
23.625 68.875 0.54589
23.625 69.125 1.1562
23.625 69.375 1.3263
23.625 69.625 1.3869
23.625 69.875 1.5632
23.625 70.125 1.2846
23.625 70.375 2.3173
23.625 70.625 2.5477
23.625 70.875 4.6701
23.625 71.125 4.3197
23.625 71.375 5.8285
23.625 71.625 0.45493
23.625 71.875 0.52754
23.625 72.125 1.1734
23.625 72.375 0.89043
23.625 72.625 3.4417
23.625 72.875 3.5425
23.625 73.125 5.6928
23.625 73.375 3.2506
23.625 73.625 2.7081
23.625 73.875 6.1654
23.625 74.125 14.662
23.625 74.375 12.214
23.625 74.625 7.3863
23.625 74.875 4.4967
23.625 75.125 2.1512
23.625 75.375 10.806
23.625 75.625 12.174
23.625 75.875 17.771
23.625 76.125 17.275
23.625 76.375 15.089
23.625 76.625 10.528
23.625 76.875 2.8498
23.625 77.125 10.705
23.625 77.375 11.202
23.625 77.625 11.092
23.625 77.875 16.185
23.625 78.125 19.057
23.625 78.375 18.712
23.625 78.625 23.623
23.625 78.875 24.291
23.625 79.125 26.468
23.625 79.375 24.088
23.625 79.625 25.47
23.625 79.875 30.815
23.625 80.125 27.234
23.625 80.375 28.911
23.625 80.625 45.61
23.625 80.875 37.838
23.625 81.125 28.659
23.625 81.375 29.961
23.625 81.625 36.455
23.625 81.875 40.148
23.625 82.125 28.729
23.625 82.375 37.983
23.625 82.625 33.342
23.625 82.875 24.927
23.625 83.125 20.323
23.625 83.375 14.429
23.625 83.625 16.144
23.625 83.875 14.174
23.625 84.125 16.212
23.625 84.375 18.849
23.625 84.625 32.669
23.625 84.875 39.039
23.625 85.125 36.687
23.625 85.375 45.978
23.625 85.625 42.866
23.625 85.875 35.67
23.625 86.125 8.9185
23.625 86.375 34.616
23.625 86.625 36.232
23.625 86.875 33.58
23.625 87.125 27.447
23.625 87.375 16.453
23.625 87.625 32.942
23.625 87.875 10.099
23.625 88.125 12.452
23.625 88.375 15.103
23.625 91.375 29.009
23.625 91.625 34.279
23.625 91.875 27.519
23.625 92.375 22.443
23.625 92.625 32.418
23.625 92.875 27.335
23.625 93.125 21.037
23.875 68.875 0.9336
23.875 69.125 1.0754
23.875 69.375 1.1195
23.875 69.625 1.0392
23.875 69.875 1.0269
23.875 70.125 1.3136
23.875 70.375 1.4469
23.875 70.625 1.6281
23.875 70.875 2.2554
23.875 71.125 2.4686
23.875 71.375 3.9948
23.875 71.625 5.4043
23.875 71.875 2.5664
23.875 72.125 1.9925
23.875 72.375 2.202
23.875 72.625 2.527
23.875 72.875 4.6684
23.875 73.125 3.7476
23.875 73.375 4.5584
23.875 73.625 4.8771
23.875 73.875 10.613
23.875 74.125 7.2382
23.875 74.375 10.749
23.875 74.625 9.8145
23.875 74.875 7.5825
23.875 75.125 7.065
23.875 75.375 12.118
23.875 75.625 8.9996
23.875 75.875 17.153
23.875 76.125 18.356
23.875 76.375 14.088
23.875 76.625 13.099
23.875 76.875 17.421
23.875 77.125 25.263
23.875 77.375 17.548
23.875 77.625 14.32
23.875 77.875 16.963
23.875 78.125 18.753
23.875 78.375 18.306
23.875 78.625 18.686
23.875 78.875 23.781
23.875 79.125 30.862
23.875 79.375 25.569
23.875 79.625 28.521
23.875 79.875 42.746
23.875 80.125 38.13
23.875 80.375 34.975
23.875 80.625 36.254
23.875 80.875 26.136
23.875 81.125 21.503
23.875 81.375 29.917
23.875 81.625 32.197
23.875 81.875 18.788
23.875 82.125 16.693
23.875 82.375 28.753
23.875 82.625 15.714
23.875 82.875 15.619
23.875 83.125 17.111
23.875 83.375 10.006
23.875 83.625 17.773
23.875 83.875 24.289
23.875 84.125 20.168
23.875 84.375 17.559
23.875 84.625 14.704
23.875 84.875 17.9
23.875 85.125 14.102
23.875 85.375 26.907
23.875 85.625 40.755
23.875 85.875 31.289
23.875 86.125 34.297
23.875 86.375 46.211
23.875 86.625 28.451
23.875 86.875 28.312
23.875 87.125 26.333
23.875 87.375 26.582
23.875 87.625 21.695
23.875 87.875 18.158
23.875 88.125 14.972
23.875 88.375 10.202
23.875 91.375 44.581
23.875 91.625 41.027
23.875 91.875 20.988
23.875 92.125 21.815
23.875 92.375 27.177
23.875 92.625 27.44
23.875 92.875 22.321
23.875 93.125 11.061
23.875 93.375 17.934
24.125 68.875 0.91125
24.125 69.125 1.1313
24.125 69.375 1.2456
24.125 69.625 1.3043
24.125 69.875 1.2626
24.125 70.125 1.5989
24.125 70.375 2.0049
24.125 70.625 1.6353
24.125 70.875 1.6514
24.125 71.125 1.455
24.125 71.375 0.54582
24.125 71.625 0.93657
24.125 71.875 1.4788
24.125 72.125 3.0921
24.125 72.375 2.8827
24.125 72.625 3.4563
24.125 72.875 2.6859
24.125 73.125 4.2384
24.125 73.375 3.4255
24.125 73.625 6.8333
24.125 73.875 7.2789
24.125 74.125 8.0514
24.125 74.375 11.25
24.125 74.625 13.203
24.125 74.875 8.8329
24.125 75.125 2.2667
24.125 75.375 9.9319
24.125 75.625 12.012
24.125 75.875 13.426
24.125 76.125 12.501
24.125 76.375 15.787
24.125 76.625 20.663
24.125 76.875 18.939
24.125 77.125 16.087
24.125 77.375 18.512
24.125 77.625 12.491
24.125 77.875 16.67
24.125 78.125 17.64
24.125 78.375 17.97
24.125 78.625 17.901
24.125 78.875 29.752
24.125 79.125 28.971
24.125 79.375 40.046
24.125 79.625 31.131
24.125 79.875 50.326
24.125 80.125 52.294
24.125 80.375 39.698
24.125 80.625 45.594
24.125 80.875 31.055
24.125 81.125 15.332
24.125 81.375 27.329
24.125 81.625 28.436
24.125 81.875 14.426
24.125 82.125 17.426
24.125 82.375 15.993
24.125 82.625 8.6543
24.125 82.875 6.6
24.125 83.125 7.8834
24.125 83.375 4.8534
24.125 83.625 8.0537
24.125 83.875 19.407
24.125 84.125 18.493
24.125 84.375 18.118
24.125 84.625 10.537
24.125 84.875 10.346
24.125 85.125 13.367
24.125 85.375 14.702
24.125 85.625 20.189
24.125 85.875 26.545
24.125 86.125 32.185
24.125 86.375 27.416
24.125 86.625 34.192
24.125 86.875 32.849
24.125 87.125 26.68
24.125 87.375 33.096
24.125 87.625 23.53
24.125 87.875 22.223
24.125 88.125 17.729
24.125 88.375 12.664
24.125 91.875 21.003
24.125 92.125 26.047
24.125 92.375 27.506
24.125 92.625 24.535
24.125 92.875 17.13
24.125 93.125 6.2181
24.125 93.375 22.877
24.125 93.625 19.902
24.125 93.875 18.059
24.125 94.125 23.377
24.375 71.375 0.43401
24.375 71.625 0.95419
24.375 71.875 1.387
24.375 72.125 2.0091
24.375 72.375 2.7189
24.375 72.625 5.5199
24.375 72.875 2.7435
24.375 73.125 2.4435
24.375 73.375 1.2754
24.375 73.625 1.9092
24.375 73.875 2.355
24.375 74.125 2.7432
24.375 74.375 11.739
24.375 74.625 7.6878
24.375 74.875 3.5101
24.375 75.125 3.6637
24.375 75.375 12.803
24.375 75.625 11.796
24.375 75.875 16.031
24.375 76.125 3.5382
24.375 76.375 11.514
24.375 76.625 15.593
24.375 76.875 18.989
24.375 77.125 16.444
24.375 77.375 14.869
24.375 77.625 14.485
24.375 77.875 16.698
24.375 78.125 19.78
24.375 78.375 19.959
24.375 78.625 19.187
24.375 78.875 28.723
24.375 79.125 33.923
24.375 79.375 39.432
24.375 79.625 47.335
24.375 79.875 47.55
24.375 80.125 40.605
24.375 80.375 39.005
24.375 80.625 42.763
24.375 80.875 36.413
24.375 81.125 28.455
24.375 81.375 31.315
24.375 81.625 17.684
24.375 81.875 16.37
24.375 82.125 17.821
24.375 82.375 17.774
24.375 82.625 16.302
24.375 82.875 15.423
24.375 83.125 23.551
24.375 83.375 17.924
24.375 83.625 9.8526
24.375 83.875 17.483
24.375 84.125 22.439
24.375 84.375 11.372
24.375 84.625 15.897
24.375 84.875 16.516
24.375 85.125 24.563
24.375 85.375 25.156
24.375 85.625 19.745
24.375 85.875 16.529
24.375 86.125 17.055
24.375 86.375 15.4
24.375 86.625 30.876
24.375 86.875 28.25
24.375 87.125 26.148
24.375 87.375 8.697
24.375 87.625 15.388
24.375 87.875 17.749
24.375 88.125 19.449
24.375 92.375 27.113
24.375 92.625 20.093
24.375 92.875 23.573
24.375 93.125 4.3679
24.375 93.375 12.079
24.375 93.625 15.808
24.375 93.875 18.462
24.375 94.125 16.636
24.625 71.125 0.74472
24.625 71.375 0.47322
24.625 71.625 0.83466
24.625 71.875 0.92895
24.625 72.125 0.82969
24.625 72.375 1.5596
24.625 72.625 2.2708
24.625 72.875 1.5116
24.625 73.125 1.81
24.625 73.375 1.9391
24.625 73.625 1.846
24.625 73.875 1.4768
24.625 74.125 2.6081
24.625 74.375 6.4365
24.625 74.625 9.8839
24.625 74.875 6.0109
24.625 75.125 4.9742
24.625 75.375 8.5701
24.625 75.625 11.169
24.625 75.875 11.214
24.625 76.125 5.3334
24.625 76.375 11.711
24.625 76.625 12.204
24.625 76.875 15.63
24.625 77.125 17.48
24.625 77.375 17.769
24.625 77.625 13.08
24.625 77.875 22.244
24.625 78.125 26.425
24.625 78.375 28.413
24.625 78.625 25.654
24.625 78.875 30.184
24.625 79.125 36.884
24.625 79.375 42.084
24.625 79.625 50.302
24.625 79.875 50.584
24.625 80.125 47.266
24.625 80.375 24.427
24.625 80.625 36.483
24.625 80.875 23.687
24.625 81.125 22.55
24.625 81.375 40.875
24.625 81.625 42.209
24.625 81.875 40.709
24.625 82.125 20.609
24.625 82.375 20.015
24.625 82.625 25.656
24.625 82.875 34.194
24.625 83.125 13.506
24.625 83.375 10.049
24.625 83.625 16.464
24.625 83.875 18.354
24.625 84.125 17.935
24.625 84.375 13.858
24.625 84.625 6.9523
24.625 84.875 11.738
24.625 85.125 13.971
24.625 85.375 16.08
24.625 85.625 2.41
24.625 85.875 15.008
24.625 86.125 14.72
24.625 86.375 29.726
24.625 86.625 33.091
24.625 86.875 31.435
24.625 87.125 7.2465
24.625 87.375 4.5198
24.625 87.625 14.424
24.625 87.875 20.201
24.625 92.375 27.814
24.625 92.625 42.031
24.625 92.875 37.57
24.625 93.125 15.814
24.625 93.375 15.476
24.625 93.625 14.761
24.625 93.875 20.641
24.625 94.125 16.951
24.625 94.375 22.186
24.875 71.125 0.25485
24.875 71.375 0.27178
24.875 71.625 0.38288
24.875 71.875 0.37968
24.875 72.125 0.42627
24.875 72.375 0.64033
24.875 72.625 0.84318
24.875 72.875 0.71246
24.875 73.125 0.83642
24.875 73.375 1.4027
24.875 73.625 1.1798
24.875 73.875 2.0982
24.875 74.125 2.8868
24.875 74.375 4.8903
24.875 74.625 4.9902
24.875 74.875 5.4769
24.875 75.125 3.9245
24.875 75.375 3.6054
24.875 75.625 3.7548
24.875 75.875 5.7516
24.875 76.125 3.3973
24.875 76.375 8.4047
24.875 76.625 13.058
24.875 76.875 15.124
24.875 77.125 22.877
24.875 77.375 33.452
24.875 77.625 15.522
24.875 77.875 14.735
24.875 78.125 33.124
24.875 78.375 22.996
24.875 78.625 19.308
24.875 78.875 44.771
24.875 79.125 43.458
24.875 79.375 38.394
24.875 79.625 39.608
24.875 79.875 42.137
24.875 80.125 47.547
24.875 80.375 42.963
24.875 80.625 36.997
24.875 80.875 27.806
24.875 81.125 27.767
24.875 81.375 26.776
24.875 81.625 17.348
24.875 81.875 12.807
24.875 82.125 13.838
24.875 82.375 9.6739
24.875 82.625 14.905
24.875 82.875 6.4891
24.875 83.125 8.94
24.875 83.375 10.04
24.875 83.625 12.374
24.875 83.875 8.8753
24.875 84.125 17.354
24.875 84.375 5.3258
24.875 84.625 3.9189
24.875 84.875 10.476
24.875 85.125 13.665
24.875 85.375 7.3903
24.875 85.625 16.174
24.875 85.875 16.916
24.875 86.125 15.469
24.875 86.375 22.12
24.875 86.625 25.593
24.875 86.875 9.5827
24.875 87.125 13.538
24.875 87.375 14.05
24.875 87.625 24.05
24.875 87.875 24.169
24.875 88.125 22.473
24.875 92.625 24.43
24.875 92.875 21.03
24.875 93.125 41.296
24.875 93.375 15.857
24.875 93.625 21.02
24.875 93.875 37.783
24.875 94.125 19.077
24.875 94.375 21.085
25.125 71.125 0.15771
25.125 71.375 0.18076
25.125 71.625 0.24119
25.125 71.875 0.31411
25.125 72.125 0.44905
25.125 72.375 1.0412
25.125 72.625 0.85202
25.125 72.875 0.81142
25.125 73.125 0.9005
25.125 73.375 1.3847
25.125 73.625 1.8442
25.125 73.875 1.0723
25.125 74.125 1.3723
25.125 74.375 2.2833
25.125 74.625 3.5683
25.125 74.875 6.5542
25.125 75.125 5.525
25.125 75.375 8.4978
25.125 75.625 8.1395
25.125 75.875 1.708
25.125 76.125 2.7645
25.125 76.375 4.2076
25.125 76.625 13.23
25.125 76.875 15.828
25.125 77.125 21.352
25.125 77.375 14.154
25.125 77.625 15.514
25.125 77.875 16.628
25.125 78.125 35.417
25.125 78.375 26.046
25.125 78.625 20.636
25.125 78.875 23.765
25.125 79.125 44.356
25.125 79.375 36.677
25.125 79.625 26.993
25.125 79.875 52.174
25.125 80.125 41.891
25.125 80.375 39.834
25.125 80.625 39.002
25.125 80.875 35.584
25.125 81.125 6.9628
25.125 81.375 19.949
25.125 81.625 1.7082
25.125 81.875 12.084
25.125 82.125 13.926
25.125 82.375 18.385
25.125 82.625 39.236
25.125 82.875 12.341
25.125 83.125 4.524
25.125 83.375 10.385
25.125 83.625 17.967
25.125 83.875 16.604
25.125 84.125 17.467
25.125 84.375 4.1966
25.125 84.625 3.7488
25.125 84.875 5.3633
25.125 85.125 17.909
25.125 85.375 6.6075
25.125 85.625 32.675
25.125 85.875 31.281
25.125 86.125 18.935
25.125 86.375 39.089
25.125 86.625 36.275
25.125 86.875 27.587
25.125 87.125 21.628
25.125 87.375 21.863
25.125 87.625 25.193
25.125 87.875 28.449
25.125 88.125 21.962
25.125 88.375 21.032
25.125 92.375 40.892
25.125 92.625 44.885
25.125 92.875 39.59
25.125 93.125 22.538
25.125 93.375 19.368
25.125 93.625 21.058
25.125 93.875 20.235
25.125 94.125 15.936
25.125 94.375 21.757
25.375 70.875 0.14865
25.375 71.125 0.19774
25.375 71.375 0.16009
25.375 71.625 0.21604
25.375 71.875 0.18159
25.375 72.125 0.44557
25.375 72.375 0.92488
25.375 72.625 0.92241
25.375 72.875 0.8398
25.375 73.125 1.0381
25.375 73.375 1.2178
25.375 73.625 1.6636
25.375 73.875 1.0265
25.375 74.125 1.0154
25.375 74.375 1.5657
25.375 74.625 2.6593
25.375 74.875 3.0755
25.375 75.125 3.0699
25.375 75.375 6.249
25.375 75.625 12.864
25.375 75.875 3.5398
25.375 76.125 3.9502
25.375 76.375 9.5475
25.375 76.625 12.495
25.375 76.875 14.795
25.375 77.125 37.699
25.375 77.375 30.454
25.375 77.625 16.177
25.375 77.875 15.727
25.375 78.125 34.089
25.375 78.375 35.794
25.375 78.625 6.6848
25.375 78.875 2.2794
25.375 79.125 40.987
25.375 79.375 56.075
25.375 79.625 43.408
25.375 79.875 52.22
25.375 80.125 51.27
25.375 80.375 53.516
25.375 80.625 28.516
25.375 80.875 1.3189
25.375 81.125 2.9197
25.375 81.375 14.844
25.375 81.625 27.692
25.375 81.875 4.9271
25.375 82.125 0.91389
25.375 82.375 2.3818
25.375 82.625 3.5991
25.375 82.875 6.2071
25.375 83.125 6.1328
25.375 83.375 22.888
25.375 83.625 22.608
25.375 83.875 27.251
25.375 84.125 22.44
25.375 84.375 10.608
25.375 84.625 9.7246
25.375 84.875 21.236
25.375 85.125 15.765
25.375 85.375 5.066
25.375 85.625 21.775
25.375 85.875 43.95
25.375 86.125 52.96
25.375 86.375 50.924
25.375 86.625 31.341
25.375 86.875 32.728
25.375 87.125 20.358
25.375 87.375 17.196
25.375 87.625 30.16
25.375 87.875 26.461
25.375 88.125 23.17
25.375 88.375 23.679
25.375 88.625 24.939
25.375 90.125 35.737
25.375 90.375 14.841
25.375 90.625 23.372
25.375 90.875 25.68
25.375 91.125 31.594
25.375 91.375 36.639
25.375 91.625 43.339
25.375 91.875 28.93
25.375 92.125 25.108
25.375 92.375 28.971
25.375 92.625 22.347
25.375 92.875 19.867
25.375 93.125 19.4
25.375 93.375 20.694
25.375 93.625 16.771
25.375 93.875 27.284
25.375 94.125 25.076
25.375 94.375 28.542
25.625 70.875 0.32366
25.625 71.125 0.11382
25.625 71.375 0.098782
25.625 71.625 0.12165
25.625 71.875 0.18036
25.625 72.125 0.18174
25.625 72.375 0.26531
25.625 72.625 0.27357
25.625 72.875 0.47737
25.625 73.125 0.96937
25.625 73.375 0.91181
25.625 73.625 0.91699
25.625 73.875 0.94379
25.625 74.125 1.0127
25.625 74.375 0.95579
25.625 74.625 1.8586
25.625 74.875 4.2165
25.625 75.125 2.207
25.625 75.375 3.9359
25.625 75.625 18.239
25.625 75.875 8.8633
25.625 76.125 9.9294
25.625 76.375 8.409
25.625 76.625 11.517
25.625 76.875 21.565
25.625 77.125 28.583
25.625 77.375 25.975
25.625 77.625 17.755
25.625 77.875 12.541
25.625 78.125 23.213
25.625 78.375 21.36
25.625 78.625 13.328
25.625 78.875 6.6585
25.625 79.125 48.26
25.625 79.375 56.504
25.625 79.625 53.95
25.625 79.875 54.226
25.625 80.125 33.538
25.625 80.375 30.213
25.625 80.625 2.63
25.625 80.875 0.44873
25.625 81.125 13.244
25.625 81.375 23.688
25.625 81.625 10.872
25.625 81.875 11.741
25.625 82.125 0.82737
25.625 82.375 18.921
25.625 82.625 3.6086
25.625 82.875 4.2157
25.625 83.125 6.6477
25.625 83.375 21.016
25.625 83.625 24.042
25.625 83.875 8.968
25.625 84.125 4.4842
25.625 84.375 4.5565
25.625 84.625 22.036
25.625 84.875 13.644
25.625 85.125 8.8634
25.625 85.375 11.41
25.625 85.625 18.549
25.625 85.875 15.318
25.625 86.125 18.633
25.625 86.375 23.33
25.625 86.625 23.38
25.625 86.875 33.61
25.625 87.125 30.719
25.625 87.375 20.49
25.625 87.625 22.478
25.625 87.875 23.173
25.625 88.125 23.992
25.625 90.125 18.744
25.625 90.375 15.604
25.625 90.625 14.7
25.625 90.875 23.131
25.625 91.125 35.739
25.625 91.375 46.407
25.625 91.625 46.361
25.625 91.875 38.82
25.625 92.125 28.994
25.625 92.375 31.157
25.625 92.625 17.388
25.625 92.875 17.738
25.625 93.125 18.353
25.625 93.375 22.369
25.625 93.625 15.689
25.625 93.875 35.442
25.625 94.125 42.355
25.625 94.375 42.055
25.625 94.625 47.89
25.625 94.875 65.691
25.875 70.375 0.28362
25.875 70.625 0.24543
25.875 70.875 0.21246
25.875 71.125 0.20493
25.875 71.375 0.093969
25.875 71.625 0.1051
25.875 71.875 0.16621
25.875 72.125 0.2283
25.875 72.375 0.19332
25.875 72.625 0.24383
25.875 72.875 0.26697
25.875 73.125 0.73657
25.875 73.375 0.8527
25.875 73.625 0.84768
25.875 73.875 0.87755
25.875 74.125 0.82078
25.875 74.375 1.1635
25.875 74.625 2.3843
25.875 74.875 1.8303
25.875 75.125 1.0506
25.875 75.375 1.4743
25.875 75.625 3.231
25.875 75.875 8.449
25.875 76.125 8.5778
25.875 76.375 14.494
25.875 76.625 11.207
25.875 76.875 10.747
25.875 77.125 17.384
25.875 77.375 17.014
25.875 77.625 17.481
25.875 77.875 10.047
25.875 78.125 24.426
25.875 78.375 27.688
25.875 78.625 27.124
25.875 78.875 18.149
25.875 79.125 35.624
25.875 79.375 31.787
25.875 79.625 19.298
25.875 79.875 47.563
25.875 80.125 28.546
25.875 80.375 28.473
25.875 80.625 0.73819
25.875 80.875 0.19675
25.875 81.125 0.096571
25.875 81.375 34.324
25.875 81.625 10.689
25.875 81.875 24.125
25.875 82.125 0.64907
25.875 82.375 5.1127
25.875 82.625 8.2067
25.875 82.875 31.522
25.875 83.125 2.6338
25.875 83.375 2.2734
25.875 83.625 20.433
25.875 83.875 1.7018
25.875 84.125 34.012
25.875 84.375 3.8355
25.875 84.625 18.81
25.875 84.875 5.1894
25.875 85.125 16.133
25.875 85.375 11.837
25.875 85.625 13.032
25.875 85.875 17.589
25.875 86.125 19.315
25.875 86.375 25.868
25.875 86.625 37.796
25.875 86.875 36.063
25.875 87.125 22.232
25.875 87.375 25.654
25.875 87.625 19.839
25.875 87.875 38.25
25.875 90.125 33.249
25.875 90.375 36.293
25.875 90.625 33.665
25.875 90.875 29.306
25.875 91.125 26.041
25.875 91.375 18.519
25.875 91.625 29.129
25.875 91.875 22.059
25.875 92.125 25.214
25.875 92.375 27
25.875 92.625 21.531
25.875 92.875 18.224
25.875 93.125 14.619
25.875 93.375 16.983
25.875 93.625 25.215
25.875 93.875 46.849
25.875 94.125 49.792
25.875 94.375 49.965
25.875 94.625 63.9
25.875 94.875 74.405
26.125 70.375 0.57687
26.125 70.625 0.47077
26.125 70.875 0.18798
26.125 71.125 0.030988
26.125 71.375 0.055477
26.125 71.625 0.090335
26.125 71.875 0.14722
26.125 72.125 0.21504
26.125 72.375 0.17849
26.125 72.625 0.19935
26.125 72.875 0.19753
26.125 73.125 0.24828
26.125 73.375 0.5028
26.125 73.625 0.69381
26.125 73.875 0.81317
26.125 74.125 0.71101
26.125 74.375 1.4063
26.125 74.625 0.83912
26.125 74.875 1.3642
26.125 75.125 3.7355
26.125 75.375 1.434
26.125 75.625 1.573
26.125 75.875 1.8229
26.125 76.125 2.4695
26.125 76.375 9.2805
26.125 76.625 12.213
26.125 76.875 6.689
26.125 77.125 16.993
26.125 77.375 11.258
26.125 77.625 13.547
26.125 77.875 12.618
26.125 78.125 19.97
26.125 78.375 42.223
26.125 78.625 30.169
26.125 78.875 28.997
26.125 79.125 38.489
26.125 79.375 46.612
26.125 79.625 1.4908
26.125 79.875 5.1063
26.125 80.125 32.748
26.125 80.375 19.203
26.125 80.625 0.31363
26.125 80.875 38.586
26.125 81.125 21.285
26.125 81.375 0.68912
26.125 81.625 35.411
26.125 81.875 26.055
26.125 82.125 4.2995
26.125 82.375 1.0573
26.125 82.625 10.487
26.125 82.875 21.959
26.125 83.125 2.4115
26.125 83.375 1.473
26.125 83.625 1.4666
26.125 83.875 17.674
26.125 84.125 28.638
26.125 84.375 5.5718
26.125 84.625 11.867
26.125 84.875 4.0696
26.125 85.125 29.967
26.125 85.375 4.2524
26.125 85.625 21.209
26.125 85.875 64.886
26.125 86.125 20.347
26.125 86.375 17.555
26.125 86.625 27.279
26.125 86.875 34.523
26.125 87.125 23.152
26.125 87.375 29.968
26.125 87.625 49.72
26.125 87.875 50.832
26.125 88.125 50.426
26.125 89.375 36.743
26.125 89.875 38.625
26.125 90.125 34.96
26.125 90.375 37.365
26.125 90.625 21.911
26.125 90.875 19.049
26.125 91.125 24.124
26.125 91.375 32.877
26.125 91.625 18.385
26.125 91.875 17.114
26.125 92.125 23.008
26.125 92.375 30.788
26.125 92.625 30.298
26.125 92.875 19.535
26.125 93.125 16.907
26.125 93.375 23.432
26.125 93.625 20.622
26.125 93.875 58.558
26.125 94.125 51.233
26.125 94.375 48.589
26.125 94.625 57.557
26.125 94.875 66.396
26.375 70.375 1.3716
26.375 70.625 0.27115
26.375 70.875 0.43573
26.375 71.125 0.066893
26.375 71.375 0.11591
26.375 71.625 0.18013
26.375 71.875 0.18752
26.375 72.125 0.18527
26.375 72.375 0.18467
26.375 72.625 0.17455
26.375 72.875 0.17321
26.375 73.125 0.20018
26.375 73.375 0.29209
26.375 73.625 0.58674
26.375 73.875 0.69862
26.375 74.125 0.90124
26.375 74.375 1.6248
26.375 74.625 0.056441
26.375 74.875 0.67904
26.375 75.125 1.465
26.375 75.375 2.3155
26.375 75.625 1.6411
26.375 75.875 3.402
26.375 76.125 5.9271
26.375 76.375 5.9237
26.375 76.625 9.9108
26.375 76.875 7.7751
26.375 77.125 8.5103
26.375 77.375 19.358
26.375 77.625 17.198
26.375 77.875 6.1048
26.375 78.125 13.731
26.375 78.375 12.422
26.375 78.625 26.718
26.375 78.875 28.466
26.375 79.125 33.998
26.375 79.375 0.64087
26.375 79.625 0.21817
26.375 79.875 44.693
26.375 80.125 56.208
26.375 80.375 14.663
26.375 80.625 5.8193
26.375 80.875 25.439
26.375 81.125 7.5201
26.375 81.375 0.19713
26.375 81.625 0.22295
26.375 81.875 1.7823
26.375 82.125 4.2648
26.375 82.375 16.075
26.375 82.625 8.0506
26.375 82.875 37.288
26.375 83.125 16.934
26.375 83.375 0.56476
26.375 83.625 11.483
26.375 83.875 19.259
26.375 84.125 27.001
26.375 84.375 20.704
26.375 84.625 10.982
26.375 84.875 5.0133
26.375 85.125 9.1519
26.375 85.375 7.1455
26.375 85.625 9.9207
26.375 85.875 20.619
26.375 86.125 22.328
26.375 86.375 8.7568
26.375 86.625 15.045
26.375 86.875 34.786
26.375 87.125 28.768
26.375 87.625 41.582
26.375 87.875 49.224
26.375 88.125 50.865
26.375 88.375 49.631
26.375 88.875 32.465
26.375 89.375 41.459
26.375 89.625 38.732
26.375 89.875 39.85
26.375 90.125 37.275
26.375 90.375 36.544
26.375 90.625 37.028
26.375 90.875 23.103
26.375 91.125 18.947
26.375 91.375 24.388
26.375 91.625 19.582
26.375 91.875 20.185
26.375 92.125 37.942
26.375 92.375 34.928
26.375 92.625 34.91
26.375 92.875 34.154
26.375 93.125 23.859
26.375 93.375 26.569
26.375 93.625 20.932
26.375 93.875 54.562
26.375 94.125 49.341
26.375 94.375 35.534
26.375 94.625 39.675
26.375 94.875 55.681
26.625 69.875 0.66167
26.625 70.125 1.1264
26.625 70.375 1.1874
26.625 70.625 0.52582
26.625 70.875 0.53932
26.625 71.125 0.51822
26.625 71.375 0.46196
26.625 71.625 0.25116
26.625 71.875 0.22791
26.625 72.125 0.10157
26.625 72.375 0.096319
26.625 72.625 0.10311
26.625 72.875 0.16361
26.625 73.125 0.22446
26.625 73.375 0.25591
26.625 73.625 0.57825
26.625 73.875 0.7302
26.625 74.125 0.8798
26.625 74.375 1.0427
26.625 74.625 0.65598
26.625 74.875 2.5493
26.625 75.125 0.92288
26.625 75.375 2.845
26.625 75.625 3.1394
26.625 75.875 2.2111
26.625 76.125 8.9263
26.625 76.375 7.2284
26.625 76.625 4.2086
26.625 76.875 5.9037
26.625 77.125 13.005
26.625 77.375 17.647
26.625 77.625 17.532
26.625 77.875 1.7164
26.625 78.125 7.1963
26.625 78.375 27.642
26.625 78.625 29
26.625 78.875 10.084
26.625 79.125 0.36162
26.625 79.375 8.034
26.625 79.625 43.93
26.625 79.875 22.301
26.625 80.125 4.7445
26.625 80.375 53.671
26.625 80.625 18.718
26.625 80.875 33.004
26.625 81.125 36.765
26.625 81.375 12.598
26.625 81.625 7.3394
26.625 81.875 41.685
26.625 82.125 12.095
26.625 82.375 50.962
26.625 82.625 1.0026
26.625 82.875 46.227
26.625 83.125 41.781
26.625 83.375 0.90968
26.625 83.625 0.71606
26.625 83.875 3.5189
26.625 84.125 43.832
26.625 84.375 28.35
26.625 84.625 19.164
26.625 84.875 5.7037
26.625 85.125 20.818
26.625 85.375 9.1424
26.625 85.625 7.82
26.625 86.125 8.4091
26.625 88.375 44.603
26.625 88.625 27.417
26.625 88.875 20.678
26.625 89.125 20.456
26.625 89.375 35.879
26.625 89.625 17.436
26.625 89.875 35.487
26.625 90.125 36.33
26.625 90.375 28.805
26.625 90.625 37.759
26.625 90.875 26.516
26.625 91.125 26.696
26.625 91.375 36.983
26.625 91.625 17.338
26.625 91.875 25.141
26.625 92.125 21.291
26.625 92.375 26.042
26.625 92.625 35.949
26.625 92.875 42.189
26.625 93.125 41.909
26.625 93.375 26.937
26.625 93.625 43.964
26.625 93.875 26.36
26.625 94.125 26.555
26.625 94.375 25.514
26.625 94.625 40.918
26.625 94.875 50.108
26.625 95.125 36.955
26.875 69.625 0.6246
26.875 69.875 1.2151
26.875 70.125 0.35723
26.875 70.375 1.1091
26.875 70.625 0.39898
26.875 70.875 0.60368
26.875 71.125 0.70188
26.875 71.375 0.73404
26.875 71.625 0.54383
26.875 71.875 0.90117
26.875 72.125 0.27431
26.875 72.375 0.24449
26.875 72.625 0.8142
26.875 72.875 1.5932
26.875 73.125 0.55334
26.875 73.375 0.3148
26.875 73.625 0.5263
26.875 73.875 0.64604
26.875 74.125 1.2925
26.875 74.375 1.3917
26.875 74.625 1.5116
26.875 74.875 4.8485
26.875 75.125 2.3574
26.875 75.375 4.8829
26.875 75.625 2.3402
26.875 75.875 3.2945
26.875 76.125 12.332
26.875 76.375 6.5315
26.875 76.625 2.5848
26.875 76.875 9.197
26.875 77.125 9.3049
26.875 77.375 2.5294
26.875 77.625 8.1374
26.875 77.875 6.7068
26.875 78.125 4.0446
26.875 78.375 11.054
26.875 78.625 17.848
26.875 78.875 8.6246
26.875 79.125 41.089
26.875 79.375 54.515
26.875 79.625 57.73
26.875 79.875 45.547
26.875 80.125 11.984
26.875 80.375 36.462
26.875 80.625 56.16
26.875 80.875 40.539
26.875 81.125 47.459
26.875 81.375 41.858
26.875 81.625 9.5517
26.875 81.875 33.028
26.875 82.125 42.449
26.875 82.375 2.4946
26.875 82.625 6.2051
26.875 82.875 22.13
26.875 83.125 31.104
26.875 83.375 1.6992
26.875 83.625 0.44066
26.875 83.875 5.0012
26.875 84.125 47.037
26.875 84.375 40.346
26.875 84.625 36.195
26.875 84.875 22.629
26.875 88.375 61.109
26.875 88.625 20.518
26.875 88.875 25.92
26.875 92.375 20.233
26.875 92.625 42.588
26.875 92.875 38.011
26.875 93.125 39.787
26.875 93.375 24.276
26.875 93.625 25.683
26.875 93.875 20.579
26.875 94.125 20.389
26.875 94.375 18.469
26.875 94.625 21.647
26.875 94.875 40.347
26.875 95.125 41.826
26.875 95.375 35.78
26.875 95.625 55.061
27.125 69.875 1.2689
27.125 70.125 1.0762
27.125 70.375 1.4312
27.125 70.625 0.18677
27.125 70.875 0.43788
27.125 71.125 0.8758
27.125 71.375 0.51882
27.125 71.625 0.71305
27.125 71.875 0.56607
27.125 72.125 0.18519
27.125 72.375 0.29189
27.125 72.625 0.41316
27.125 72.875 0.88821
27.125 73.125 1.5444
27.125 73.375 1.3434
27.125 73.625 0.39319
27.125 73.875 0.48632
27.125 74.125 0.4994
27.125 74.375 0.69383
27.125 74.625 2.1736
27.125 74.875 1.9241
27.125 75.125 1.4407
27.125 75.375 3.8102
27.125 75.625 9.7296
27.125 75.875 6.6591
27.125 76.125 6.5257
27.125 76.375 5.4613
27.125 76.625 4.3967
27.125 76.875 13.709
27.125 77.125 10.872
27.125 77.375 3.4716
27.125 77.625 13.967
27.125 77.875 2.5449
27.125 78.125 22.421
27.125 78.375 13.264
27.125 78.625 1.2421
27.125 78.875 12.761
27.125 79.125 53.591
27.125 79.375 9.6934
27.125 79.625 21.502
27.125 79.875 49.138
27.125 80.125 46.918
27.125 80.375 60.448
27.125 80.625 20.795
27.125 80.875 3.7376
27.125 81.125 63.609
27.125 81.375 61.197
27.125 81.625 45.659
27.125 81.875 49.697
27.125 82.125 33.536
27.125 82.375 3.0295
27.125 82.625 48.548
27.125 82.875 35.404
27.125 83.125 27.857
27.125 83.375 25.751
27.125 83.625 41.967
27.125 83.875 33.924
27.125 84.125 18.716
27.125 84.375 29.976
27.125 84.625 30.648
27.125 88.125 40.145
27.125 88.375 32.894
27.125 88.625 28.77
27.125 92.125 69.724
27.125 92.375 59.116
27.125 92.625 38.748
27.125 92.875 42.92
27.125 93.125 22.401
27.125 93.375 31.463
27.125 93.625 30.487
27.125 93.875 43.39
27.125 94.125 40.87
27.125 94.375 34.336
27.125 94.625 23.994
27.125 94.875 23.775
27.125 95.125 27.478
27.125 95.375 29.825
27.125 95.625 36.363
27.125 95.875 43.415
27.375 70.125 1.6575
27.375 70.375 1.44
27.375 70.625 0.41319
27.375 70.875 0.40297
27.375 71.125 0.53658
27.375 71.375 1.2275
27.375 71.625 2.1609
27.375 71.875 1.9667
27.375 72.125 0.71952
27.375 72.375 0.47759
27.375 72.625 0.25018
27.375 72.875 0.5009
27.375 73.125 0.91804
27.375 73.375 1.0665
27.375 73.625 1.4645
27.375 73.875 0.41963
27.375 74.125 0.44991
27.375 74.375 0.36806
27.375 74.625 1.2083
27.375 74.875 1.475
27.375 75.125 2.7018
27.375 75.375 2.9881
27.375 75.625 9.2134
27.375 75.875 6.4932
27.375 76.125 3.8992
27.375 76.375 3.9191
27.375 76.625 3.7611
27.375 76.875 10.025
27.375 77.125 5.7645
27.375 77.375 0.59521
27.375 77.625 3.0787
27.375 77.875 8.0999
27.375 78.125 17.312
27.375 78.375 7.0666
27.375 78.625 13.335
27.375 78.875 56.62
27.375 79.125 65.541
27.375 79.375 2.9709
27.375 79.625 1.0141
27.375 79.875 52.29
27.375 80.125 11.75
27.375 80.375 12.84
27.375 80.625 2.855
27.375 80.875 1.2338
27.375 81.125 55.151
27.375 81.375 58.925
27.375 81.625 11.111
27.375 81.875 48.819
27.375 82.125 52.715
27.375 82.375 27.989
27.375 82.625 43.49
27.375 82.875 28.194
27.375 83.125 29.202
27.375 83.625 34.461
27.375 84.125 36.375
27.375 84.375 32.424
27.375 88.125 94.842
27.375 88.375 42.492
27.375 88.625 30.039
27.375 92.125 90.259
27.375 92.375 98.395
27.375 92.625 89.142
27.375 92.875 52.302
27.375 93.125 33.596
27.375 93.375 70.803
27.375 93.625 98.329
27.375 93.875 60.171
27.375 94.125 52.654
27.375 94.375 16.66
27.375 94.625 27.333
27.375 94.875 36.497
27.375 95.125 25.405
27.375 95.375 25.979
27.375 95.625 28.627
27.375 95.875 27.948
27.375 96.125 23.174
27.375 96.375 14.904
27.375 96.625 16.351
27.375 96.875 40.746
27.625 70.125 1.647
27.625 70.375 1.6356
27.625 70.625 1.2078
27.625 70.875 0.89065
27.625 71.125 1.7742
27.625 71.375 1.1872
27.625 71.625 1.2762
27.625 71.875 1.2497
27.625 72.125 3.206
27.625 72.375 2.0865
27.625 72.625 0.06553
27.625 72.875 0.19595
27.625 73.125 0.17411
27.625 73.375 0.70974
27.625 73.625 2.5909
27.625 73.875 0.34475
27.625 74.125 3.4252
27.625 74.375 3.6076
27.625 74.625 3.5388
27.625 74.875 4.2053
27.625 75.125 3.2946
27.625 75.375 6.0507
27.625 75.625 6.68
27.625 75.875 2.1322
27.625 76.125 2.7649
27.625 76.375 3.6293
27.625 76.625 9.2243
27.625 76.875 9.2707
27.625 77.125 0.49172
27.625 77.375 0.50906
27.625 77.625 0.30525
27.625 77.875 3.226
27.625 78.125 36.098
27.625 78.375 22.476
27.625 78.625 4.2713
27.625 78.875 50.693
27.625 79.125 33.445
27.625 79.375 1.5223
27.625 79.625 4.2396
27.625 79.875 40.327
27.625 80.125 38.289
27.625 80.375 18.507
27.625 80.625 6.95
27.625 80.875 14.889
27.625 81.125 54.223
27.625 81.375 38.84
27.625 81.625 41.632
27.625 81.875 42.594
27.625 82.125 38.635
27.625 82.375 22.653
27.625 82.625 39.126
27.625 88.375 76.209
27.625 88.625 63.055
27.625 91.625 29.452
27.625 91.875 45.072
27.625 92.125 71.857
27.625 92.375 125.58
27.625 92.625 127.25
27.625 92.875 70.147
27.625 93.125 41.507
27.625 93.375 73.508
27.625 93.625 85.059
27.625 93.875 38.711
27.625 94.125 37.184
27.625 94.375 21.066
27.625 94.625 18.513
27.625 94.875 25.349
27.625 95.125 24.795
27.625 95.375 33.613
27.625 95.625 17.731
27.625 95.875 18.195
27.625 96.125 10.637
27.625 96.375 10.061
27.625 96.625 21.051
27.625 96.875 36.968
27.875 70.375 1.6655
27.875 71.875 1.9872
27.875 72.125 0.93988
27.875 72.375 0.50861
27.875 72.625 0.54945
27.875 72.875 1.6078
27.875 73.125 0.55047
27.875 73.375 0.55007
27.875 73.625 3.3512
27.875 73.875 3.1987
27.875 74.125 3.6995
27.875 74.375 1.7913
27.875 74.625 3.3204
27.875 74.875 2.2524
27.875 75.125 2.6152
27.875 75.375 5.4005
27.875 75.625 3.5753
27.875 75.875 2.1711
27.875 76.125 2.387
27.875 76.375 6.2431
27.875 76.625 2.9033
27.875 76.875 2.8163
27.875 77.125 2.1016
27.875 77.375 0.29621
27.875 77.625 0.28946
27.875 77.875 7.4379
27.875 78.125 27.116
27.875 78.375 48.439
27.875 78.625 41.451
27.875 78.875 33.514
27.875 79.125 9.7505
27.875 79.375 40.439
27.875 79.625 63.134
27.875 79.875 48.074
27.875 80.125 43.469
27.875 80.375 30.827
27.875 80.625 20.289
27.875 80.875 11.129
27.875 81.125 32.495
27.875 81.375 40.934
27.875 81.625 39.253
27.875 88.375 60.03
27.875 88.625 49.478
27.875 92.875 133.23
27.875 93.125 73.791
27.875 93.375 48.304
27.875 93.625 23.752
27.875 93.875 24.899
27.875 94.125 23.128
27.875 94.375 28.968
27.875 94.625 31.698
27.875 94.875 26.268
27.875 95.125 18.64
27.875 95.375 16.888
27.875 95.625 15.361
27.875 95.875 3.5367
27.875 96.125 4.0602
27.875 96.375 1.9095
27.875 96.625 16.23
27.875 96.875 9.632
27.875 97.125 42.893
28.125 72.125 0.42399
28.125 72.375 0.6833
28.125 72.625 0.71265
28.125 72.875 1.3594
28.125 73.125 1.2101
28.125 73.375 0.81164
28.125 73.625 2.1793
28.125 73.875 1.8849
28.125 74.125 1.6819
28.125 74.375 1.6015
28.125 74.625 3.0561
28.125 74.875 2.8213
28.125 75.125 2.1846
28.125 75.375 3.8991
28.125 75.625 1.7488
28.125 75.875 1.9003
28.125 76.125 3.6889
28.125 76.375 2.6069
28.125 76.625 5.5385
28.125 76.875 10.452
28.125 77.125 6.3885
28.125 77.375 1.6082
28.125 77.625 0.93113
28.125 77.875 13.06
28.125 78.125 37.425
28.125 78.375 43.518
28.125 78.625 26.564
28.125 78.875 60.88
28.125 79.125 58.857
28.125 79.375 18.226
28.125 79.625 39.222
28.125 79.875 68.538
28.125 80.125 35.6
28.125 80.375 38.589
28.125 80.625 43.671
28.125 80.875 32.55
28.125 81.125 41.656
28.125 81.375 36.64
28.125 92.875 154.16
28.125 93.125 69.376
28.125 93.375 25.676
28.125 93.625 14.925
28.125 93.875 27.17
28.125 94.125 27.136
28.125 94.375 41.369
28.125 94.625 33.241
28.125 94.875 30.821
28.125 95.125 31.265
28.125 95.375 33.727
28.125 95.625 22.129
28.125 95.875 11.141
28.125 96.125 3.8327
28.125 96.375 3.9073
28.125 96.625 4.5561
28.125 96.875 9.8988
28.125 97.125 13.54
28.375 72.375 0.37224
28.375 72.625 0.67828
28.375 72.875 0.66263
28.375 73.125 2.2601
28.375 73.375 1.6237
28.375 73.625 0.81791
28.375 73.875 2.1844
28.375 74.125 2.5211
28.375 74.375 1.213
28.375 74.625 1.7273
28.375 74.875 1.9678
28.375 75.125 1.8483
28.375 75.375 3.0462
28.375 75.625 2.7685
28.375 75.875 4.2544
28.375 76.125 3.1571
28.375 76.375 2.1929
28.375 76.625 3.1861
28.375 76.875 13.385
28.375 77.125 4.0492
28.375 77.375 2.7925
28.375 77.625 2.1165
28.375 77.875 7.6181
28.375 78.125 57.343
28.375 78.375 48.34
28.375 78.625 23.082
28.375 78.875 9.211
28.375 79.125 63.113
28.375 79.375 30.056
28.375 79.625 10.407
28.375 79.875 32.605
28.375 80.125 29.052
28.375 80.375 27.158
28.375 80.625 36.503
28.375 80.875 31.639
28.375 81.125 37.091
28.375 93.375 38.315
28.375 93.625 37.223
28.375 93.875 48.102
28.375 94.125 64.675
28.375 94.375 67.427
28.375 94.625 50.111
28.375 94.875 41.085
28.375 95.125 54.086
28.375 95.375 111.12
28.375 95.625 60.822
28.375 95.875 22.351
28.375 96.125 18.668
28.375 96.625 7.0126
28.625 72.375 0.35083
28.625 72.625 0.19468
28.625 72.875 0.42422
28.625 73.125 0.99337
28.625 73.375 1.8231
28.625 73.625 1.3497
28.625 73.875 0.46887
28.625 74.125 0.85809
28.625 74.375 1.3675
28.625 74.625 2.198
28.625 74.875 1.7801
28.625 75.125 1.5332
28.625 75.375 0.33548
28.625 75.625 0.0677
28.625 75.875 1.1668
28.625 76.125 3.1342
28.625 76.375 1.0259
28.625 76.625 3.5676
28.625 76.875 7.4185
28.625 77.125 1.6627
28.625 77.375 4.0223
28.625 77.625 2.5488
28.625 77.875 1.8719
28.625 78.125 45.263
28.625 78.375 50.449
28.625 78.625 7.4909
28.625 78.875 25.01
28.625 79.125 61.098
28.625 79.375 27.751
28.625 79.625 50.001
28.625 79.875 28.719
28.625 80.125 30.691
28.625 80.375 34.209
28.625 80.625 34.473
28.625 93.625 64.827
28.625 93.875 77.694
28.625 94.125 72.447
28.625 94.375 70.225
28.625 94.625 54.686
28.625 94.875 38.855
28.625 95.125 66.413
28.625 95.375 154.69
28.625 95.625 121.76
28.625 95.875 21.003
28.625 96.125 22.759
28.625 96.375 12.179
28.875 72.875 0.010305
28.875 73.125 0.038298
28.875 73.375 1.5809
28.875 73.625 1.7675
28.875 73.875 0.86146
28.875 74.125 0.89989
28.875 74.375 0.93684
28.875 74.625 1.7167
28.875 74.875 1.9056
28.875 75.125 0.35441
28.875 75.375 0.41244
28.875 75.625 0.1146
28.875 75.875 0.15316
28.875 76.125 1.3755
28.875 76.375 0.96701
28.875 76.625 0.88046
28.875 76.875 1.2556
28.875 77.125 12.543
28.875 77.375 27.824
28.875 77.625 32.749
28.875 77.875 51.671
28.875 78.125 48.113
28.875 78.375 44.81
28.875 78.625 13.846
28.875 78.875 18.178
28.875 79.125 59.079
28.875 79.375 60.518
28.875 79.625 60.606
28.875 79.875 62.06
28.875 94.125 61.461
28.875 94.375 61.086
28.875 94.625 52.053
28.875 94.875 42.963
28.875 95.125 56.748
28.875 95.375 119.72
28.875 95.625 58.941
28.875 95.875 15.896
28.875 96.125 8.1163
28.875 96.375 7.2397
29.125 73.125 0.022171
29.125 73.375 0.42414
29.125 73.625 0.49484
29.125 73.875 1.1293
29.125 74.125 0.93177
29.125 74.375 0.40011
29.125 74.625 0.46565
29.125 74.875 0.78342
29.125 75.125 0.19053
29.125 75.375 0.76565
29.125 75.625 0.24817
29.125 75.875 0.18936
29.125 76.125 0.15585
29.125 76.375 0.15379
29.125 76.625 1.0141
29.125 76.875 0.88683
29.125 77.125 6.585
29.125 77.375 22.048
29.125 77.625 45.165
29.125 77.875 61.952
29.125 78.125 60.085
29.125 78.375 56.285
29.125 78.625 48.425
29.125 78.875 33.843
29.125 79.125 61.593
29.125 79.375 60.964
29.125 79.625 41.382
29.125 79.875 48.031
29.125 80.125 24.284
29.125 94.375 51.082
29.125 94.625 48.807
29.125 94.875 38.023
29.125 95.625 31.723
29.125 95.875 12.04
29.125 96.125 7.119
29.375 73.375 0.10505
29.375 73.625 0.54011
29.375 73.875 0.46556
29.375 74.125 0.5977
29.375 74.375 0.018863
29.375 74.625 0.066969
29.375 74.875 0.087755
29.375 75.125 0.20395
29.375 75.375 0.15305
29.375 75.625 0.24809
29.375 75.875 0.10787
29.375 76.125 0.37081
29.375 76.375 0.20184
29.375 76.625 1.3088
29.375 76.875 0.24008
29.375 77.125 0.32512
29.375 77.375 22.717
29.375 77.625 42.272
29.375 77.875 60.34
29.375 78.125 55.375
29.375 78.375 56.562
29.375 78.625 18.513
29.375 78.875 23.623
29.375 79.125 58.377
29.375 79.375 30.526
29.375 79.625 26.113
29.375 79.875 27.323
29.375 80.125 27.181
29.375 96.125 12.181
29.625 73.375 0.19669
29.625 73.625 0.79916
29.625 73.875 0.98242
29.625 74.125 0.7175
29.625 74.375 0.17687
29.625 74.625 0.12983
29.625 74.875 0.05789
29.625 75.125 0.081405
29.625 75.375 0.13879
29.625 75.625 1.271
29.625 75.875 0.27849
29.625 76.125 0.24471
29.625 76.375 1.0723
29.625 76.625 2.9861
29.625 76.875 4.3241
29.625 77.125 2.9924
29.625 77.375 12.285
29.625 77.625 27.255
29.625 77.875 33.545
29.625 78.125 43.804
29.625 78.375 34.051
29.625 78.625 3.0194
29.625 78.875 10.684
29.625 79.125 36.388
29.625 79.375 25.142
29.625 79.625 23.791
29.625 79.875 28.787
29.625 80.125 25.601
29.875 73.625 0.55446
29.875 73.875 0.51471
29.875 74.125 0.12103
29.875 74.375 0.032267
29.875 74.625 0.049125
29.875 74.875 0.043025
29.875 75.125 0.045471
29.875 75.375 0.21846
29.875 75.625 0.62135
29.875 75.875 0.39299
29.875 76.125 0.9501
29.875 76.375 2.6844
29.875 76.625 4.4843
29.875 76.875 1.1008
29.875 77.125 4.9723
29.875 77.375 13.998
29.875 77.625 26.838
29.875 77.875 45.872
29.875 78.125 14.577
29.875 78.375 42.957
29.875 78.625 24.49
29.875 78.875 34.835
29.875 79.125 25.803
29.875 79.375 29.957
29.875 79.625 29.009
29.875 79.875 24.167
29.875 80.125 25.527
29.875 80.375 28.333
30.125 74.125 0.030494
30.125 74.375 0.032191
30.125 74.625 0.11447
30.125 74.875 0.08521
30.125 75.125 0.23888
30.125 75.375 0.64509
30.125 75.625 0.76738
30.125 75.875 0.37246
30.125 76.125 3.7508
30.125 76.375 5.2971
30.125 76.625 5.6628
30.125 76.875 9.8258
30.125 77.125 10.899
30.125 77.375 5.9109
30.125 77.625 41.681
30.125 77.875 39.368
30.125 78.125 39.413
30.125 78.375 43.076
30.125 78.625 46.417
30.125 78.875 33.083
30.125 79.125 27.373
30.125 79.375 21.142
30.125 79.625 53.469
30.125 79.875 52.983
30.125 80.125 31.304
30.125 80.375 33.515
30.125 80.625 30.505
30.375 74.125 0.66878
30.375 74.375 0.80768
30.375 74.625 0.24479
30.375 74.875 0.26826
30.375 75.125 0.59447
30.375 75.375 1.2003
30.375 75.625 0.63485
30.375 75.875 0.60172
30.375 76.125 0.93139
30.375 76.375 4.0433
30.375 76.625 1.208
30.375 76.875 8.6032
30.375 77.125 36.974
30.375 77.375 40.457
30.375 77.625 26.943
30.375 77.875 35.082
30.375 78.125 28.609
30.375 78.375 21.975
30.375 78.625 48.259
30.375 78.875 27.674
30.375 79.125 25.905
30.375 79.375 36.161
30.375 79.625 51.107
30.375 79.875 36.748
30.375 80.125 49.414
30.375 80.375 42.652
30.375 80.625 46.505
30.625 74.375 0.74555
30.625 74.625 0.97301
30.625 74.875 1.0097
30.625 75.125 1.2799
30.625 75.375 1.5956
30.625 75.625 2.8119
30.625 75.875 0.95274
30.625 76.125 0.68519
30.625 76.375 0.37633
30.625 76.625 22.982
30.625 76.875 31.841
30.625 77.125 31.644
30.625 77.375 30.452
30.625 77.625 35.432
30.625 77.875 38.828
30.625 78.125 20.92
30.625 78.375 21.993
30.625 78.625 37.037
30.625 78.875 33.941
30.625 79.125 29.996
30.625 79.375 45.107
30.625 79.625 31.027
30.625 79.875 33.188
30.625 80.125 40.739
30.875 74.625 0.79427
30.875 74.875 1.469
30.875 75.125 8.2174
30.875 75.375 1.4341
30.875 75.625 3.8457
30.875 75.875 2.7083
30.875 76.125 4.3963
30.875 76.375 11.583
30.875 76.625 44.445
30.875 76.875 20.003
30.875 77.125 29.64
30.875 77.375 18.53
30.875 77.625 31.212
30.875 77.875 30.808
30.875 78.125 31.089
30.875 78.375 34.61
30.875 78.625 40.404
30.875 78.875 48.926
30.875 79.125 58.001
30.875 79.375 51.308
30.875 79.625 38.804
30.875 79.875 43.899
31.125 74.875 1.4042
31.125 75.125 6.505
31.125 75.375 1.3564
31.125 75.625 1.1145
31.125 75.875 4.7008
31.125 76.125 30.141
31.125 76.375 19.608
31.125 76.625 18.091
31.125 76.875 24.957
31.125 77.125 25.188
31.125 77.375 19.025
31.125 77.625 24.22
31.125 77.875 18.01
31.125 78.125 3.0144
31.125 78.375 9.609
31.125 78.625 19.156
31.125 78.875 49.408
31.125 79.125 51.259
31.375 74.875 1.5821
31.375 75.125 2.5911
31.375 75.375 1.5149
31.375 75.625 7.239
31.375 75.875 18.326
31.375 76.125 14.548
31.375 76.375 19.599
31.375 76.625 24.981
31.375 76.875 22.131
31.375 77.125 19.413
31.375 77.375 20.506
31.375 77.625 25.845
31.375 77.875 8.4563
31.375 78.125 9.4805
31.375 78.375 8.2815
31.375 78.625 16.453
31.625 74.875 5.6634
31.625 75.125 9.5977
31.625 75.375 11.293
31.625 75.625 18.984
31.625 75.875 33.895
31.625 76.125 28.157
31.625 76.375 30.527
31.625 76.625 34.145
31.625 76.875 7.0765
31.625 77.125 7.4533
31.625 77.375 33.792
31.625 77.625 32.592
31.625 77.875 13.385
31.625 78.125 12.284
31.625 78.375 9.6001
31.625 78.625 14.333
31.875 74.875 14.277
31.875 75.125 16.315
31.875 75.375 4.9408
31.875 75.625 21.864
31.875 75.875 34.689
31.875 76.125 39.782
31.875 76.375 42.719
31.875 76.625 41.436
31.875 76.875 10.291
31.875 77.125 11.916
31.875 77.375 19.534
31.875 77.625 22.22
31.875 77.875 17.86
31.875 78.125 10.415
31.875 78.375 5.8089
31.875 78.625 4.4004
32.125 75.375 31.326
32.125 75.625 36.592
32.125 75.875 33.681
32.125 76.125 52.621
32.125 76.375 38.003
32.125 76.625 20.467
32.125 76.875 18.952
32.125 77.125 19.267
32.125 77.375 16.045
32.125 77.625 11.31
32.125 77.875 12.098
32.125 78.125 6.0015
32.125 78.375 4.3582
32.375 75.375 31.708
32.375 75.625 34.853
32.375 75.875 24.208
32.375 76.125 15.721
32.375 76.375 22.217
32.375 76.625 10.345
32.375 76.875 11.817
32.375 77.125 16.743
32.375 77.375 14.827
32.375 77.625 12.157
32.375 77.875 9.4668
32.375 78.125 4.9741
32.375 78.375 4.0237
32.625 74.875 26.297
32.625 75.125 20.23
32.625 75.375 18.197
32.625 75.625 21.392
32.625 75.875 14.279
32.625 76.125 17.116
32.625 76.375 19.378
32.625 76.625 10.387
32.625 76.875 8.6738
32.625 77.125 11.651
32.625 77.375 8.3438
32.625 77.625 11.279
32.625 77.875 10.861
32.625 78.125 4.8963
32.625 78.375 2.8684
32.625 78.625 2.3722
32.625 78.875 2.2656
32.625 79.125 1.4648
32.625 79.375 3.6199
32.875 74.375 29.645
32.875 74.625 28.305
32.875 74.875 22.136
32.875 75.125 9.7259
32.875 75.375 8.1841
32.875 75.625 16.164
32.875 75.875 14.631
32.875 76.125 13.204
32.875 76.375 19.834
32.875 76.625 16.075
32.875 76.875 7.4407
32.875 77.125 10.588
32.875 77.375 10.086
32.875 77.625 6.6253
32.875 77.875 8.4937
32.875 78.125 7.2597
32.875 78.375 3.1032
32.875 78.625 2.736
32.875 78.875 2.1655
32.875 79.125 2.6263
32.875 79.375 2.5027
33.125 73.875 16.719
33.125 74.125 11.549
33.125 74.375 17.227
33.125 74.625 19.734
33.125 74.875 11.809
33.125 75.125 5.6007
33.125 75.375 3.9221
33.125 75.625 4.0665
33.125 75.875 7.2987
33.125 76.125 10.947
33.125 76.375 5.1853
33.125 76.625 6.4531
33.125 76.875 6.9624
33.125 77.125 4.325
33.125 77.375 2.6975
33.125 77.625 2.4022
33.125 77.875 1.399
33.125 78.125 2.2293
33.125 78.375 1.206
33.125 78.625 1.7043
33.125 78.875 2.1261
33.125 79.125 1.9868
33.375 73.875 11.625
33.375 74.125 10.238
33.375 74.375 7.2596
33.375 74.625 7.8682
33.375 74.875 4.4554
33.375 75.125 6.3236
33.375 75.375 10.233
33.375 75.625 4.9097
33.375 75.875 6.1132
33.375 76.125 7.2925
33.375 76.375 7.5561
33.375 76.625 2.3722
33.375 76.875 2.3007
33.375 77.125 0.85222
33.375 77.375 0.43464
33.375 77.625 0.36692
33.375 77.875 0.33652
33.375 78.125 0.53461
33.375 78.375 0.46353
33.375 78.625 1.0593
33.375 78.875 1.3776
33.625 73.875 12.164
33.625 74.125 8.8213
33.625 74.375 2.4194
33.625 74.625 5.1865
33.625 74.875 6.3105
33.625 75.125 8.9285
33.625 75.375 8.3196
33.625 75.625 8.5323
33.625 75.875 7.4183
33.625 76.125 5.896
33.625 76.375 3.4773
33.625 76.625 1.6758
33.625 76.875 0.29449
33.625 77.125 0.41532
33.625 77.375 0.34823
33.625 77.625 0.3538
33.625 77.875 0.20108
33.625 78.125 0.40431
33.625 78.375 0.50513
33.625 78.625 0.38799
33.625 78.875 0.95403
33.875 73.875 8.1428
33.875 74.125 4.2923
33.875 74.375 7.7748
33.875 74.625 6.5276
33.875 74.875 8.0128
33.875 75.125 15.589
33.875 75.375 13.873
33.875 75.625 8.8034
33.875 75.875 5.8645
33.875 76.125 5.0672
33.875 76.375 0.75986
33.875 76.625 0.65494
33.875 76.875 0.42539
33.875 77.125 0.32447
33.875 77.375 0.30784
33.875 77.625 0.18577
33.875 77.875 0.29833
33.875 78.125 0.36787
33.875 78.375 0.38345
33.875 78.625 0.34882
33.875 78.875 0.53338
34.125 73.625 2.3259
34.125 73.875 5.1983
34.125 74.125 6.9803
34.125 74.375 5.8073
34.125 74.625 6.1697
34.125 74.875 5.0765
34.125 75.125 10.499
34.125 75.375 8.7395
34.125 75.625 4.5217
34.125 75.875 1.5302
34.125 76.125 1.9095
34.125 76.375 0.8345
34.125 76.625 0.68037
34.125 76.875 0.46575
34.125 77.125 0.2356
34.125 77.375 0.26923
34.125 77.625 0.19494
34.125 77.875 0.3168
34.125 78.125 0.30423
34.125 78.375 0.31081
34.125 78.625 0.44599
34.125 78.875 0.45418
34.125 79.125 0.52979
34.125 79.375 0.88996
34.375 73.625 1.9164
34.375 73.875 3.4682
34.375 74.125 1.8385
34.375 74.375 2.2804
34.375 74.625 4.846
34.375 74.875 8.6664
34.375 75.125 9.686
34.375 75.375 6.3106
34.375 75.625 2.2572
34.375 75.875 2.2443
34.375 76.125 0.83086
34.375 76.375 0.47761
34.375 76.625 0.26902
34.375 76.875 0.30542
34.375 77.125 0.38735
34.375 77.375 0.33554
34.375 77.625 0.23392
34.375 77.875 0.35896
34.375 78.125 0.50999
34.375 78.375 0.39798
34.375 78.625 0.35823
34.375 78.875 0.25771
34.375 79.125 0.46168
34.375 79.375 0.61682
34.625 73.875 4.8666
34.625 74.125 3.1854
34.625 74.375 3.4039
34.625 74.625 6.0832
34.625 74.875 3.9919
34.625 75.125 6.4716
34.625 75.375 4.6729
34.625 75.625 0.97989
34.625 75.875 1.7379
34.625 76.125 0.6117
34.625 76.375 0.42111
34.625 76.625 0.21226
34.625 76.875 0.43715
34.625 77.125 0.32316
34.625 77.375 0.32791
34.625 77.625 0.27293
34.625 77.875 0.5922
34.625 78.125 0.3206
34.625 78.375 0.36432
34.625 78.625 0.26959
34.625 78.875 0.13174
34.625 79.125 0.082383
34.625 79.375 0.091402
34.625 79.625 0.13828
34.875 74.125 6.5619
34.875 74.375 5.6809
34.875 74.625 6.8835
34.875 74.875 6.3802
34.875 75.125 5.3853
34.875 75.375 2.3163
34.875 75.625 3.6062
34.875 75.875 2.3848
34.875 76.125 0.39732
34.875 76.375 0.35291
34.875 76.625 0.30105
34.875 76.875 0.31648
34.875 77.125 0.29053
34.875 77.375 0.43963
34.875 77.625 0.31718
34.875 77.875 0.28915
34.875 78.125 0.25605
34.875 78.375 0.29305
34.875 78.625 0.1364
34.875 78.875 0.095261
34.875 79.125 0.099449
34.875 79.375 0.15829
34.875 79.625 0.095482
34.875 79.875 0.12317
35.125 74.375 10.143
35.125 74.625 8.6075
35.125 74.875 8.508
35.125 75.125 7.1028
35.125 75.375 2.2421
35.125 75.625 3.1242
35.125 75.875 1.0114
35.125 76.125 2.0353
35.125 76.375 0.64523
35.125 76.625 0.27614
35.125 76.875 0.4013
35.125 77.125 0.32565
35.125 77.375 0.30407
35.125 77.625 0.48106
35.125 77.875 0.23807
35.125 78.125 0.24442
35.125 78.375 0.24133
35.125 78.625 0.10801
35.125 78.875 0.10389
35.125 79.125 0.097227
35.125 79.375 0.14841
35.125 79.625 0.18491
35.125 79.875 0.21678
35.375 73.875 2.8665
35.375 74.125 3.2912
35.375 74.375 3.357
35.375 74.625 10.288
35.375 74.875 4.1596
35.375 75.125 4.654
35.375 75.375 1.2882
35.375 75.625 1.1045
35.375 75.875 0.40883
35.375 76.125 0.52304
35.375 76.375 0.64462
35.375 76.625 0.35074
35.375 76.875 0.35504
35.375 77.125 0.34674
35.375 77.375 0.33974
35.375 77.625 0.27658
35.375 77.875 0.18814
35.375 78.125 0.17947
35.375 78.375 0.19911
35.375 78.625 0.064345
35.375 78.875 0.07424
35.375 79.125 0.087005
35.375 79.375 0.15581
35.375 79.625 0.22917
35.375 79.875 0.13391
35.375 80.125 15.116
35.625 73.375 4.2146
35.625 73.625 3.5656
35.625 73.875 3.048
35.625 74.125 6.206
35.625 74.375 7.1798
35.625 74.625 2.7924
35.625 74.875 11.463
35.625 75.125 0.85506
35.625 75.375 1.1618
35.625 75.625 0.6623
35.625 75.875 1.267
35.625 76.125 1.7599
35.625 76.375 0.51042
35.625 76.625 0.39402
35.625 76.875 0.31935
35.625 77.125 0.19658
35.625 78.375 0.13071
35.625 78.625 0.092587
35.625 78.875 0.091893
35.625 79.125 0.092203
35.625 79.375 0.16563
35.625 79.625 0.13794
35.625 79.875 0.1378
35.625 80.125 0.15939
35.875 73.125 7.677
35.875 73.375 9.8579
35.875 73.625 9.4597
35.875 73.875 5.67
35.875 74.125 5.0322
35.875 74.375 2.3816
35.875 74.625 5.4963
35.875 74.875 6.5138
35.875 75.125 5.7145
35.875 75.375 2.3277
35.875 75.625 3.3789
35.875 75.875 1.2495
35.875 76.125 1.229
35.875 76.375 0.64292
35.875 76.625 0.45638
35.875 79.375 0.55765
36.125 72.625 5.159
36.125 72.875 8.1177
36.125 73.125 5.1241
36.125 73.375 7.1948
36.125 73.625 8.5647
36.125 73.875 5.1598
36.125 74.125 9.2307
36.125 74.375 8.0972
36.125 74.625 7.6917
36.125 74.875 3.9413
36.125 75.125 4.3582
36.125 75.375 3.282
36.125 75.625 2.2454
36.125 75.875 1.3438
36.125 76.125 1.1897
36.125 76.375 0.99204
36.125 76.625 0.77664
36.375 73.125 7.7077
36.375 73.375 6.9088
36.375 73.625 8.0103
36.375 73.875 9.3564
36.375 74.125 7.6454
36.375 74.375 8.6376
36.375 74.625 9.7003
36.375 74.875 5.1115
36.375 75.125 4.3725
36.375 75.375 1.6669
36.375 75.625 2.2045
36.375 75.875 0.98446
36.375 76.125 0.8851
36.625 73.375 6.2892
36.625 73.625 6.8341
36.625 73.875 6.305
36.625 74.125 4.8445
36.625 74.375 8.3535
36.625 74.625 8.6602
36.625 74.875 4.7783
36.625 75.125 7.8196
36.625 75.375 6.2871
36.625 75.625 5.7773
36.875 73.875 10.625
36.875 74.375 13.619
36.875 74.625 9.1376
36.875 74.875 8.856
36.875 75.125 7.2656
36.875 75.375 11.32
