8.125 77.375 -0.33865
8.375 77.125 -1.1976
8.375 77.375 -0.3279
8.375 77.625 -0.29581
8.375 77.875 -0.44518
8.625 76.875 -0.67124
8.625 77.125 -0.73699
8.625 77.375 -0.49554
8.625 77.625 -0.73582
8.625 77.875 -0.27298
8.875 76.875 -0.24514
8.875 77.125 -0.46037
8.875 77.375 -0.50696
8.875 77.625 -0.74436
8.875 77.875 -0.96201
9.125 76.625 0.26389
9.125 76.875 -0.22737
9.125 77.125 -0.64911
9.125 77.375 -0.47132
9.125 77.625 -0.48663
9.125 77.875 -0.67917
9.125 78.125 -0.2371
9.125 78.375 -1.0896
9.375 76.625 0.61618
9.375 76.875 0.5864
9.375 77.125 -0.45687
9.375 77.375 -0.10221
9.375 77.625 -0.10044
9.375 77.875 -0.17733
9.375 78.125 -0.12366
9.375 78.375 -0.43492
9.375 78.625 -0.89527
9.375 78.875 -0.75322
9.625 76.375 -0.053647
9.625 76.625 0.57677
9.625 76.875 0.61191
9.625 77.125 0.071175
9.625 77.375 -0.061144
9.625 77.625 -0.28243
9.625 77.875 0.35231
9.625 78.125 -0.10257
9.625 78.375 -0.49616
9.625 78.625 -0.45415
9.875 76.625 0.56524
9.875 76.875 0.66954
9.875 77.125 0.13789
9.875 77.375 -0.17698
9.875 77.625 -0.11566
9.875 77.875 -0.21536
9.875 78.125 -0.84305
9.875 78.375 -0.18374
9.875 78.625 -0.64323
9.875 78.875 -1.2429
10.125 76.375 0.21533
10.125 76.625 0.75297
10.125 76.875 1.4818
10.125 77.125 -0.41929
10.125 77.375 -0.67394
10.125 77.625 0.39519
10.125 77.875 0.30183
10.125 78.125 -0.4313
10.125 78.375 0.2568
10.125 78.625 -0.84587
10.125 78.875 -0.86421
10.125 79.125 -0.91875
10.375 76.375 0.18456
10.375 76.625 0.10064
10.375 76.875 0.49268
10.375 77.125 0.099496
10.375 77.375 -0.09023
10.375 77.625 1.279
10.375 77.875 -0.55331
10.375 78.125 -0.24362
10.375 78.375 -0.28475
10.375 78.625 -0.81385
10.375 78.875 -0.85034
10.375 79.125 -1.044
10.375 79.375 -0.70921
10.375 79.625 -1.4369
10.625 76.125 0.3594
10.625 76.375 0.67165
10.625 76.625 0.094564
10.625 76.875 -0.23943
10.625 77.125 -0.40157
10.625 77.375 -0.48131
10.625 77.625 -0.25965
10.625 77.875 -0.35305
10.625 78.125 -0.82249
10.625 78.375 -1.0872
10.625 78.625 -1.04
10.625 78.875 -1.292
10.625 79.125 -0.068119
10.625 79.375 -0.6999
10.625 79.625 -0.56067
10.875 76.125 0.53175
10.875 76.375 1.1197
10.875 76.625 0.79417
10.875 76.875 -0.65247
10.875 77.125 -0.47288
10.875 77.375 -0.55352
10.875 77.625 -0.73722
10.875 77.875 -0.94876
10.875 78.125 -1.3428
10.875 78.375 -0.62737
10.875 78.625 -0.050987
10.875 78.875 -0.34236
10.875 79.125 -1.0368
10.875 79.375 -1.1143
10.875 79.625 -0.57187
11.125 76.125 0.36883
11.125 76.375 0.67352
11.125 76.625 2.8357
11.125 76.875 -0.65328
11.125 77.125 -0.076372
11.125 77.375 -0.33809
11.125 77.625 -0.28392
11.125 77.875 -0.01817
11.125 78.125 -1.1081
11.125 78.375 -0.16988
11.125 78.625 0.06009
11.125 78.875 -0.036655
11.125 79.125 -0.31651
11.125 79.375 -0.53844
11.125 79.625 -0.64111
11.375 75.875 0.60208
11.375 76.125 0.71495
11.375 76.375 1.0848
11.375 76.625 0.86527
11.375 76.875 1.4061
11.375 77.125 0.13721
11.375 77.375 -0.73591
11.375 77.625 -0.24811
11.375 77.875 0.57002
11.375 78.125 0.10124
11.375 78.375 -0.44846
11.375 78.625 -0.45879
11.375 78.875 -0.2297
11.375 79.125 -0.33929
11.375 79.375 -0.96066
11.375 79.625 -0.84577
11.625 75.875 0.58522
11.625 76.125 1.0149
11.625 76.375 1.149
11.625 76.625 1.9391
11.625 76.875 0.5252
11.625 77.125 -0.048392
11.625 77.375 0.21487
11.625 77.625 -0.36001
11.625 77.875 -0.061118
11.625 78.125 -0.11307
11.625 78.375 -0.13457
11.625 78.625 -0.34857
11.625 78.875 -0.31838
11.625 79.125 -0.33534
11.625 79.375 -0.40472
11.625 79.625 -0.91342
11.875 75.625 1.0946
11.875 75.875 0.47389
11.875 76.125 0.27167
11.875 76.375 0.52896
11.875 76.625 1.1718
11.875 76.875 0.21826
11.875 77.125 1.4741
11.875 77.375 0.73262
11.875 77.625 0.46317
11.875 77.875 -0.11443
11.875 78.125 -0.20638
11.875 78.375 0.13539
11.875 78.625 0.027766
11.875 78.875 -0.77839
11.875 79.125 -0.51742
11.875 79.375 -0.83258
11.875 79.625 -0.68016
12.125 75.375 0.34776
12.125 75.625 0.36387
12.125 75.875 1.1014
12.125 76.125 -0.068555
12.125 76.375 -0.10683
12.125 76.625 0.17066
12.125 76.875 0.28002
12.125 77.125 1.2262
12.125 77.375 0.72306
12.125 77.625 0.4496
12.125 77.875 -0.42564
12.125 78.125 0.022284
12.125 78.375 0.72116
12.125 78.625 0.20031
12.125 78.875 -0.53022
12.125 79.125 -0.11498
12.125 79.375 0.2751
12.125 79.625 -0.3927
12.375 75.125 0.46751
12.375 75.375 0.5988
12.375 75.625 0.47217
12.375 75.875 0.61102
12.375 76.125 0.020843
12.375 76.375 0.21217
12.375 76.625 1.2036
12.375 76.875 -0.29882
12.375 77.125 -0.50602
12.375 77.375 0.30912
12.375 77.625 0.43806
12.375 77.875 0.14888
12.375 78.125 -0.027523
12.375 78.375 0.1134
12.375 78.625 -0.074566
12.375 78.875 -0.6576
12.375 79.125 -0.38293
12.375 79.375 -0.50753
12.375 79.625 -0.30498
12.375 79.875 -0.87747
12.625 75.125 0.35599
12.625 75.375 0.47671
12.625 75.625 0.2802
12.625 75.875 0.020006
12.625 76.125 -0.27441
12.625 76.375 0.77571
12.625 76.625 0.9801
12.625 76.875 0.68918
12.625 77.125 0.13161
12.625 77.375 0.38899
12.625 77.625 0.46085
12.625 77.875 -0.29937
12.625 78.125 0.41191
12.625 78.375 0.66287
12.625 78.625 0.483
12.625 78.875 0.10306
12.625 79.125 -0.026873
12.625 79.375 -0.92021
12.625 79.625 -0.71549
12.625 79.875 -1.7185
12.875 75.125 0.35489
12.875 75.375 0.61517
12.875 75.625 -0.40997
12.875 75.875 -0.18366
12.875 76.125 -0.12924
12.875 76.375 1.7071
12.875 76.625 0.77655
12.875 76.875 0.23093
12.875 77.125 0.52249
12.875 77.375 0.64241
12.875 77.625 0.42274
12.875 77.875 -0.35096
12.875 78.125 -0.46105
12.875 78.375 -0.39323
12.875 78.625 -0.029952
12.875 78.875 -1.0358
12.875 79.125 -0.53692
12.875 79.375 -0.32999
12.875 79.625 -0.0991
12.875 79.875 -0.54849
13.125 74.875 0.81129
13.125 75.125 0.31676
13.125 75.375 0.43575
13.125 75.625 0.28171
13.125 75.875 -0.070847
13.125 76.125 0.48362
13.125 76.375 1.2244
13.125 76.625 0.74378
13.125 76.875 0.35208
13.125 77.125 0.52299
13.125 77.375 0.20243
13.125 77.625 0.13314
13.125 77.875 -0.26977
13.125 78.125 -0.29637
13.125 78.375 -0.82037
13.125 78.625 -0.76489
13.125 78.875 -0.35477
13.125 79.125 -0.40313
13.125 79.375 -0.79528
13.125 79.625 -0.18818
13.125 79.875 -0.79448
13.125 80.125 -1.0266
13.375 74.875 1.359
13.375 75.125 0.61912
13.375 75.375 0.68404
13.375 75.625 0.37421
13.375 75.875 0.65714
13.375 76.125 1.2396
13.375 76.375 0.89803
13.375 76.625 0.85313
13.375 76.875 0.046537
13.375 77.125 0.52487
13.375 77.375 -0.45524
13.375 77.625 -0.051678
13.375 77.875 -0.26591
13.375 78.125 -0.72789
13.375 78.375 -0.38658
13.375 78.625 -0.71679
13.375 78.875 -0.76851
13.375 79.125 -1.2178
13.375 79.375 -1.3341
13.375 79.625 -0.61061
13.375 79.875 -0.69134
13.375 80.125 -1.0709
13.625 74.875 0.5669
13.625 75.125 0.75427
13.625 75.375 0.19954
13.625 75.625 0.25826
13.625 75.875 0.7107
13.625 76.125 0.27053
13.625 76.375 0.19036
13.625 76.625 0.48688
13.625 76.875 -0.42274
13.625 77.125 0.53073
13.625 77.375 -0.52165
13.625 77.625 -0.19588
13.625 77.875 -0.47932
13.625 78.125 -1.2459
13.625 78.375 -0.91809
13.625 78.625 -0.93911
13.625 78.875 -0.96952
13.625 79.125 -1.1246
13.625 79.375 -1.197
13.625 79.625 -1.3186
13.625 79.875 -0.7993
13.625 80.125 -0.79048
13.875 74.875 0.67217
13.875 75.125 0.71573
13.875 75.375 0.52655
13.875 75.625 0.58196
13.875 75.875 0.9912
13.875 76.125 0.26058
13.875 76.375 0.18928
13.875 76.625 0.81364
13.875 76.875 -0.67478
13.875 77.125 -0.5615
13.875 77.375 -0.298
13.875 77.625 -0.76172
13.875 77.875 -0.78864
13.875 78.125 -1.0591
13.875 78.375 0.15292
13.875 78.625 -0.68011
13.875 78.875 -1.2026
13.875 79.125 -0.97857
13.875 79.375 -0.99733
13.875 79.625 -1.1908
13.875 79.875 -1.0617
14.125 74.625 0.50698
14.125 74.875 0.57412
14.125 75.125 0.51845
14.125 75.375 0.29925
14.125 75.625 0.10419
14.125 75.875 0.58151
14.125 76.125 1.1652
14.125 76.375 -0.047633
14.125 76.625 -0.056348
14.125 76.875 0.9163
14.125 77.125 -0.3629
14.125 77.375 -0.42346
14.125 77.625 -0.70326
14.125 77.875 -0.41385
14.125 78.125 -0.46552
14.125 78.375 -0.5097
14.125 78.625 -0.83074
14.125 78.875 -1.274
14.125 79.125 -1.1867
14.125 79.375 -1.3118
14.125 79.625 -0.88511
14.125 79.875 -0.83769
14.375 74.625 0.53985
14.375 74.875 0.63376
14.375 75.125 -0.001171
14.375 75.375 0.11749
14.375 75.625 0.74794
14.375 75.875 0.64107
14.375 76.125 0.86547
14.375 76.375 0.98605
14.375 76.625 0.70774
14.375 76.875 0.55427
14.375 77.125 0.4311
14.375 77.375 -0.011515
14.375 77.625 -0.30291
14.375 77.875 -0.23275
14.375 78.125 -0.082739
14.375 78.375 0.15759
14.375 78.625 -0.14078
14.375 78.875 -1.0186
14.375 79.125 -1.2684
14.375 79.375 -1.0766
14.375 79.625 -0.57156
14.375 79.875 -0.79746
14.625 74.375 0.65109
14.625 74.625 -0.067407
14.625 74.875 -0.040333
14.625 75.125 -0.082439
14.625 75.375 0.48515
14.625 75.625 0.07698
14.625 75.875 0.64564
14.625 76.125 1.0119
14.625 76.375 0.24519
14.625 76.625 0.44838
14.625 76.875 1.1064
14.625 77.125 0.64225
14.625 77.375 -0.23964
14.625 77.625 -0.02274
14.625 77.875 0.40807
14.625 78.125 0.35589
14.625 78.375 0.29403
14.625 78.625 -0.95639
14.625 78.875 -0.81379
14.625 79.125 -0.8511
14.625 79.375 -0.87617
14.625 79.625 -1.0439
14.625 79.875 -0.8719
14.875 74.375 0.45127
14.875 74.625 -0.013849
14.875 74.875 -0.12959
14.875 75.125 -0.026043
14.875 75.375 -0.30077
14.875 75.625 0.079242
14.875 75.875 0.1701
14.875 76.125 0.63125
14.875 76.375 0.2239
14.875 76.625 0.17574
14.875 76.875 1.2038
14.875 77.125 0.87979
14.875 77.375 0.12432
14.875 77.625 0.098805
14.875 77.875 0.10588
14.875 78.125 0.15872
14.875 78.375 0.19731
14.875 78.625 -0.36834
14.875 78.875 -0.65157
14.875 79.125 -0.63724
14.875 79.375 -0.55359
14.875 79.625 -1.2318
14.875 79.875 -1.3384
15.125 74.125 0.33567
15.125 74.375 0.747
15.125 74.625 0.26597
15.125 74.875 0.29815
15.125 75.125 0.038508
15.125 75.375 0.41186
15.125 75.625 1.3365
15.125 75.875 1.179
15.125 76.125 0.44448
15.125 76.375 0.121
15.125 76.625 -0.18822
15.125 76.875 0.44562
15.125 77.125 0.19699
15.125 77.375 -0.23153
15.125 77.625 0.12333
15.125 77.875 -0.1608
15.125 78.125 -0.35701
15.125 78.375 0.18057
15.125 78.625 0.39639
15.125 78.875 0.10151
15.125 79.125 -0.18097
15.125 79.375 -0.76473
15.125 79.625 -0.86525
15.125 79.875 -1.1598
15.375 73.875 0.31784
15.375 74.125 0.35674
15.375 74.375 0.62011
15.375 74.625 0.12485
15.375 74.875 0.51943
15.375 75.125 0.41663
15.375 75.375 1.1593
15.375 75.625 1.157
15.375 75.875 0.58745
15.375 76.125 -0.22948
15.375 76.375 -0.19812
15.375 76.625 -0.31314
15.375 76.875 0.17058
15.375 77.125 0.49784
15.375 77.375 -0.080612
15.375 77.625 0.40838
15.375 77.875 -0.44281
15.375 78.125 0.19732
15.375 78.375 0.29664
15.375 78.625 0.93159
15.375 78.875 -0.2017
15.375 79.125 -0.83033
15.375 79.375 -1.0573
15.375 79.625 -1.4576
15.375 79.875 -1.1999
15.625 73.875 0.47188
15.625 74.125 0.09364
15.625 74.375 -0.15058
15.625 74.625 0.40463
15.625 74.875 0.72881
15.625 75.125 1.0117
15.625 75.375 0.79444
15.625 75.625 0.85181
15.625 75.875 0.9125
15.625 76.125 -0.2579
15.625 76.375 -0.41306
15.625 76.625 -0.060068
15.625 76.875 -0.068942
15.625 77.125 -0.064371
15.625 77.375 -0.025225
15.625 77.625 0.010418
15.625 77.875 -0.29434
15.625 78.125 -0.34477
15.625 78.375 -0.13603
15.625 78.625 -0.67109
15.625 78.875 -0.044027
15.625 79.125 -0.94432
15.625 79.375 -0.88327
15.625 79.625 -0.0391
15.625 79.875 -0.44599
15.625 80.125 -0.89003
15.875 73.875 0.8008
15.875 74.125 0.52708
15.875 74.375 0.36603
15.875 74.625 0.75047
15.875 74.875 0.96928
15.875 75.125 1.2236
15.875 75.375 0.81759
15.875 75.625 0.47385
15.875 75.875 0.23569
15.875 76.125 -0.27785
15.875 76.375 -0.45581
15.875 76.625 0.029866
15.875 76.875 0.73428
15.875 77.125 -0.27257
15.875 77.375 0.2202
15.875 77.625 -0.6347
15.875 77.875 0.38838
15.875 78.125 0.56975
15.875 78.375 0.30462
15.875 78.625 0.35093
15.875 78.875 -0.2868
15.875 79.125 -0.28906
15.875 79.375 0.86779
15.875 79.625 0.060323
15.875 79.875 -0.76807
15.875 80.125 -0.16877
15.875 80.375 0.24661
15.875 80.625 -0.024491
15.875 80.875 0.49546
16.125 73.625 0.49333
16.125 73.875 0.81161
16.125 74.125 0.75584
16.125 74.375 0.42107
16.125 74.625 1.1584
16.125 74.875 0.85885
16.125 75.125 0.44457
16.125 75.375 0.22374
16.125 75.625 0.088201
16.125 75.875 -0.34462
16.125 76.125 -0.50823
16.125 76.375 -0.13282
16.125 76.625 -0.01092
16.125 76.875 -0.11941
16.125 77.125 -0.13486
16.125 77.375 0.29794
16.125 77.625 -0.13705
16.125 77.875 0.54588
16.125 78.125 0.9344
16.125 78.375 0.76452
16.125 78.625 0.3855
16.125 78.875 0.023117
16.125 79.125 -0.12501
16.125 79.375 -0.072325
16.125 79.625 -0.15851
16.125 79.875 0.65765
16.125 80.125 0.92892
16.125 80.375 1.406
16.125 80.625 0.97891
16.125 80.875 0.92819
16.375 73.625 0.49297
16.375 73.875 0.47741
16.375 74.125 0.48419
16.375 74.375 0.63958
16.375 74.625 0.036897
16.375 74.875 0.25309
16.375 75.125 0.27772
16.375 75.375 -0.13678
16.375 75.625 -0.37071
16.375 75.875 -0.48859
16.375 76.125 0.16515
16.375 76.375 0.41951
16.375 76.625 0.015203
16.375 76.875 0.10235
16.375 77.125 -0.23613
16.375 77.375 0.07803
16.375 77.625 0.12086
16.375 77.875 0.57087
16.375 78.125 0.85927
16.375 78.375 0.43407
16.375 78.625 -0.2993
16.375 78.875 0.20239
16.375 79.125 0.28329
16.375 79.375 -0.10305
16.375 79.625 -0.22246
16.375 79.875 0.52159
16.375 80.125 1.0926
16.375 80.375 1.0579
16.375 80.625 1.1183
16.375 80.875 1.0749
16.375 81.125 1.3744
16.375 81.375 1.0742
16.375 81.625 1.6351
16.625 73.625 0.27165
16.625 73.875 0.10858
16.625 74.125 0.87633
16.625 74.375 -1.0578
16.625 74.625 0.54685
16.625 74.875 0.065387
16.625 75.125 0.20978
16.625 75.375 -0.56289
16.625 75.625 -0.4041
16.625 75.875 -0.29689
16.625 76.125 0.27821
16.625 76.375 0.15092
16.625 76.625 0.23449
16.625 76.875 0.24702
16.625 77.125 0.24633
16.625 77.375 0.50659
16.625 77.625 0.4553
16.625 77.875 0.79825
16.625 78.125 0.69722
16.625 78.375 0.29594
16.625 78.625 0.026129
16.625 78.875 -0.75174
16.625 79.125 -0.29748
16.625 79.375 0.49205
16.625 79.625 0.73234
16.625 79.875 0.63388
16.625 80.125 0.8627
16.625 80.375 0.7023
16.625 80.625 1.0453
16.625 80.875 1.3653
16.625 81.125 0.90549
16.625 81.375 1.1896
16.625 81.625 1.2247
16.625 81.875 1.4767
16.625 82.125 1.628
16.875 73.375 0.35501
16.875 73.625 0.12419
16.875 73.875 0.064532
16.875 74.125 -0.31111
16.875 74.375 1.1088
16.875 74.625 -0.63705
16.875 74.875 0.45454
16.875 75.125 0.52903
16.875 75.375 0.28787
16.875 75.625 0.73417
16.875 75.875 -0.21974
16.875 76.125 -0.28775
16.875 76.375 -0.92865
16.875 76.625 -0.93727
16.875 76.875 0.080238
16.875 77.125 0.44912
16.875 77.375 0.69399
16.875 77.625 0.17749
16.875 77.875 0.37937
16.875 78.125 -0.10499
16.875 78.375 -0.39033
16.875 78.625 -0.021298
16.875 78.875 -1.4198
16.875 79.125 -0.82099
16.875 79.375 0.26158
16.875 79.625 0.53016
16.875 79.875 0.67985
16.875 80.125 0.83596
16.875 80.375 0.85493
16.875 80.625 0.9864
16.875 80.875 1.0545
16.875 81.125 0.95104
16.875 81.375 0.93514
16.875 81.625 1.4314
16.875 81.875 1.1508
16.875 82.125 1.2765
17.125 73.375 0.46324
17.125 73.625 0.38978
17.125 73.875 0.37857
17.125 74.125 0.073965
17.125 74.375 -0.16411
17.125 74.625 -0.82011
17.125 74.875 -0.41351
17.125 75.125 -0.73045
17.125 75.375 -0.48708
17.125 75.625 0.6842
17.125 75.875 -0.073652
17.125 76.125 -1.0396
17.125 76.375 -0.45866
17.125 76.625 -0.3513
17.125 76.875 0.22936
17.125 77.125 0.26906
17.125 77.375 0.0884
17.125 77.625 0.63127
17.125 77.875 0.38449
17.125 78.125 0.68423
17.125 78.375 -0.085942
17.125 78.625 0.094568
17.125 78.875 0.44245
17.125 79.125 1.0691
17.125 79.375 0.71037
17.125 79.625 0.34602
17.125 79.875 0.3958
17.125 80.125 1.1073
17.125 80.375 0.9823
17.125 80.625 0.87959
17.125 80.875 1.002
17.125 81.125 1.0595
17.125 81.375 1.4466
17.125 81.625 1.2503
17.125 81.875 0.50562
17.125 82.125 1.4008
17.125 82.375 0.9038
17.375 73.375 0.39904
17.375 73.625 0.27189
17.375 73.875 0.41565
17.375 74.125 -0.74112
17.375 74.375 -1.9819
17.375 74.625 -1.4586
17.375 74.875 -0.70806
17.375 75.125 -1.4069
17.375 75.375 -1.0409
17.375 75.625 -0.52468
17.375 75.875 -1.2765
17.375 76.125 -0.76039
17.375 76.375 -0.23009
17.375 76.625 -0.33524
17.375 76.875 0.24708
17.375 77.125 0.0010802
17.375 77.375 -0.29679
17.375 77.625 0.31276
17.375 77.875 0.44639
17.375 78.125 0.4442
17.375 78.375 0.21325
17.375 78.625 -0.51932
17.375 78.875 0.9287
17.375 79.125 1.1574
17.375 79.375 1.0375
17.375 79.625 0.5469
17.375 79.875 0.79385
17.375 80.125 1.0842
17.375 80.375 1.0055
17.375 80.625 1.1733
17.375 80.875 1.1956
17.375 81.125 1.2606
17.375 81.375 1.3963
17.375 81.625 1.0024
17.375 81.875 1.2039
17.375 82.125 1.277
17.375 82.375 0.77862
17.375 82.625 0.46569
17.625 73.375 0.49617
17.625 73.625 -1.0768
17.625 73.875 0.41839
17.625 74.125 -0.95449
17.625 74.375 -2.097
17.625 74.625 -1.3442
17.625 74.875 -0.79291
17.625 75.125 -0.68905
17.625 75.375 -0.3546
17.625 75.625 -0.48533
17.625 75.875 -0.88015
17.625 76.125 -0.83809
17.625 76.375 -0.51081
17.625 76.625 0.4222
17.625 76.875 0.5173
17.625 77.125 0.024015
17.625 77.375 -0.14789
17.625 77.625 -0.15119
17.625 77.875 0.35923
17.625 78.125 0.32139
17.625 78.375 1.1522
17.625 78.625 0.9713
17.625 78.875 0.56705
17.625 79.125 0.82219
17.625 79.375 0.52579
17.625 79.625 0.59876
17.625 79.875 0.7404
17.625 80.125 0.99956
17.625 80.375 1.0984
17.625 80.625 0.9833
17.625 80.875 1.1572
17.625 81.125 1.1817
17.625 81.375 1.1434
17.625 81.625 1.2818
17.625 81.875 1.4413
17.625 82.125 0.95842
17.625 82.375 1.0233
17.625 82.625 0.84354
17.625 82.875 1.3117
17.625 83.125 1.1567
17.875 73.375 0.52257
17.875 73.625 0.20801
17.875 73.875 0.67766
17.875 74.125 -0.10686
17.875 74.375 -0.51237
17.875 74.625 -1.0125
17.875 74.875 -0.30092
17.875 75.125 -1.2034
17.875 75.375 -1.0464
17.875 75.625 -0.48521
17.875 75.875 -0.67308
17.875 76.125 -0.82671
17.875 76.375 -0.75859
17.875 76.625 -0.27256
17.875 76.875 0.11548
17.875 77.125 0.21501
17.875 77.375 0.33856
17.875 77.625 0.83884
17.875 77.875 0.81135
17.875 78.125 1.3015
17.875 78.375 1.3307
17.875 78.625 1.7418
17.875 78.875 1.2606
17.875 79.125 0.81254
17.875 79.375 0.39172
17.875 79.625 0.5642
17.875 79.875 0.50887
17.875 80.125 0.83122
17.875 80.375 0.80277
17.875 80.625 0.93973
17.875 80.875 1.1114
17.875 81.125 1.1164
17.875 81.375 1.2294
17.875 81.625 1.3164
17.875 81.875 1.3787
17.875 82.125 1.247
17.875 82.375 0.81468
17.875 82.625 1.1218
17.875 82.875 1.128
17.875 83.125 0.68621
17.875 83.375 0.68921
18.125 73.125 0.94614
18.125 73.375 0.31122
18.125 73.625 0.47277
18.125 73.875 0.61211
18.125 74.125 -0.19935
18.125 74.375 -0.23764
18.125 74.625 -0.4137
18.125 74.875 -0.32972
18.125 75.125 -0.83164
18.125 75.375 -1.1108
18.125 75.625 -0.69243
18.125 75.875 -0.89678
18.125 76.125 0.010167
18.125 76.375 -0.36059
18.125 76.625 -0.66198
18.125 76.875 -0.028255
18.125 77.125 0.71416
18.125 77.375 0.90396
18.125 77.625 0.90811
18.125 77.875 0.70681
18.125 78.125 0.91274
18.125 78.375 0.9788
18.125 78.625 1.3669
18.125 78.875 0.8865
18.125 79.125 1.1387
18.125 79.375 0.85963
18.125 79.625 1.1424
18.125 79.875 0.66977
18.125 80.125 0.91921
18.125 80.375 0.7531
18.125 80.625 0.77939
18.125 80.875 0.91459
18.125 81.125 0.91874
18.125 81.375 0.96083
18.125 81.625 0.99217
18.125 81.875 1.1855
18.125 82.125 1.5209
18.125 82.375 1.1626
18.125 82.625 1.2626
18.125 82.875 0.87113
18.125 83.125 1.1611
18.125 83.375 0.85901
18.125 83.625 1.2071
18.375 73.125 0.48495
18.375 73.375 0.36937
18.375 73.625 0.56331
18.375 73.875 0.56246
18.375 74.125 0.10868
18.375 74.375 -0.21123
18.375 74.625 -0.82815
18.375 74.875 -1.5452
18.375 75.125 -0.88753
18.375 75.375 0.10383
18.375 75.625 -0.24714
18.375 75.875 -0.35818
18.375 76.125 0.18305
18.375 76.375 0.026082
18.375 76.625 -0.086498
18.375 76.875 0.051233
18.375 77.125 0.34947
18.375 77.375 0.48378
18.375 77.625 0.61608
18.375 77.875 0.72126
18.375 78.125 0.79307
18.375 78.375 1.3653
18.375 78.625 1.3746
18.375 78.875 1.068
18.375 79.125 1.3364
18.375 79.375 1.0083
18.375 79.625 0.95968
18.375 79.875 0.981
18.375 80.125 1.0729
18.375 80.375 1.011
18.375 80.625 0.89692
18.375 80.875 0.87085
18.375 81.125 0.9033
18.375 81.375 1.086
18.375 81.625 0.96891
18.375 81.875 1.0166
18.375 82.125 1.0836
18.375 82.375 1.2633
18.375 82.625 1.3137
18.375 82.875 0.89435
18.375 83.125 1.0848
18.375 83.375 0.95089
18.375 83.625 0.99338
18.375 83.875 1.3236
18.625 73.125 0.83624
18.625 73.375 0.78957
18.625 73.625 0.62342
18.625 73.875 0.90763
18.625 74.125 0.12966
18.625 74.375 0.098234
18.625 74.625 -0.32086
18.625 74.875 -1.1741
18.625 75.125 -1.4434
18.625 75.375 -0.7258
18.625 75.625 0.14926
18.625 75.875 0.28644
18.625 76.125 -0.108
18.625 76.375 0.24729
18.625 76.625 0.30035
18.625 76.875 0.12724
18.625 77.125 0.14377
18.625 77.375 0.35421
18.625 77.625 0.73507
18.625 77.875 0.79639
18.625 78.125 0.48665
18.625 78.375 1.2665
18.625 78.625 1.0324
18.625 78.875 1.1109
18.625 79.125 0.78652
18.625 79.375 0.85602
18.625 79.625 0.74275
18.625 79.875 1.0433
18.625 80.125 1.0365
18.625 80.375 1.0032
18.625 80.625 1.0387
18.625 80.875 0.92626
18.625 81.125 0.95952
18.625 81.375 0.95815
18.625 81.625 1.1556
18.625 81.875 1.1323
18.625 82.125 1.1177
18.625 82.375 1.1101
18.625 82.625 1.4
18.625 82.875 1.6063
18.625 83.125 0.81157
18.625 83.375 0.79698
18.625 83.625 1.1159
18.625 83.875 1.1408
18.625 84.125 1.1638
18.875 73.125 0.75053
18.875 73.375 0.7744
18.875 73.625 0.35636
18.875 73.875 0.7133
18.875 74.125 -0.57168
18.875 74.375 -0.53378
18.875 74.625 -0.4355
18.875 74.875 -0.81738
18.875 75.125 -1.0778
18.875 75.375 -0.56335
18.875 75.625 -0.61776
18.875 75.875 -0.85953
18.875 76.125 0.24131
18.875 76.375 0.23246
18.875 76.625 0.39347
18.875 76.875 0.28693
18.875 77.125 0.17539
18.875 77.375 0.30588
18.875 77.625 0.5982
18.875 77.875 0.48747
18.875 78.125 0.39931
18.875 78.375 -2.6437
18.875 78.625 1.1614
18.875 78.875 1.2693
18.875 79.125 0.89162
18.875 79.375 0.98147
18.875 79.625 0.83664
18.875 79.875 1.0767
18.875 80.125 1.0663
18.875 80.375 1.0929
18.875 80.625 0.97215
18.875 80.875 1.0521
18.875 81.125 0.88601
18.875 81.375 1.0146
18.875 81.625 1.1377
18.875 81.875 0.91778
18.875 82.125 0.94516
18.875 82.375 1.0748
18.875 82.625 1.4166
18.875 82.875 1.7006
18.875 83.125 0.43524
18.875 83.375 1.2108
18.875 83.625 1.4183
18.875 83.875 1.454
18.875 84.125 1.3085
18.875 84.375 1.3361
19.125 73.125 0.70929
19.125 73.375 0.69067
19.125 73.625 0.504
19.125 73.875 0.55682
19.125 74.125 -0.17098
19.125 74.375 -0.38548
19.125 74.625 -0.48417
19.125 74.875 -1.0239
19.125 75.125 -0.6227
19.125 75.375 -0.5546
19.125 75.625 -0.95811
19.125 75.875 -1.161
19.125 76.125 -0.040991
19.125 76.375 -0.037179
19.125 76.625 0.30602
19.125 76.875 0.040228
19.125 77.125 0.16798
19.125 77.375 0.87948
19.125 77.625 0.2424
19.125 77.875 -0.010801
19.125 78.125 -0.10602
19.125 78.375 0.46092
19.125 78.625 0.94426
19.125 78.875 1.1818
19.125 79.125 0.96123
19.125 79.375 0.8574
19.125 79.625 1.0944
19.125 79.875 1.0846
19.125 80.125 1.0638
19.125 80.375 1.0141
19.125 80.625 1.1349
19.125 80.875 1.0596
19.125 81.125 1.1962
19.125 81.375 1.0432
19.125 81.625 1.0034
19.125 81.875 1.0214
19.125 82.125 1.0313
19.125 82.375 1.0281
19.125 82.625 1.0133
19.125 82.875 1.3022
19.125 83.125 1.2843
19.125 83.375 1.2717
19.125 83.625 1.0438
19.125 83.875 1.1723
19.125 84.125 1.5709
19.125 84.375 1.7368
19.125 84.625 1.9449
19.375 72.875 0.52313
19.375 73.125 0.46232
19.375 73.375 0.60562
19.375 73.625 1.2073
19.375 73.875 0.32699
19.375 74.125 0.21331
19.375 74.375 -0.18753
19.375 74.625 -0.16476
19.375 74.875 -0.60917
19.375 75.125 -0.058236
19.375 75.375 -0.30035
19.375 75.625 -0.9788
19.375 75.875 -1.2288
19.375 76.125 -0.52528
19.375 76.375 -0.88039
19.375 76.625 -0.8871
19.375 76.875 -0.71229
19.375 77.125 0.023613
19.375 77.375 -0.72211
19.375 77.625 -0.15768
19.375 77.875 0.20322
19.375 78.125 0.43562
19.375 78.375 0.62492
19.375 78.625 0.79588
19.375 78.875 0.94718
19.375 79.125 0.90385
19.375 79.375 1.1365
19.375 79.625 1.0556
19.375 79.875 0.92621
19.375 80.125 1.1286
19.375 80.375 1.0657
19.375 80.625 1.1762
19.375 80.875 1.1842
19.375 81.125 1.1908
19.375 81.375 1.2768
19.375 81.625 1.0742
19.375 81.875 1.0837
19.375 82.125 1.0799
19.375 82.375 1.3167
19.375 82.625 1.3036
19.375 82.875 1.2449
19.375 83.125 1.1459
19.375 83.375 1.0499
19.375 83.625 0.94242
19.375 83.875 0.70155
19.375 84.125 1.2746
19.375 84.375 1.3576
19.375 84.625 1.608
19.375 84.875 1.7245
19.625 72.875 0.71128
19.625 73.125 0.64039
19.625 73.375 0.66616
19.625 73.625 0.75318
19.625 73.875 0.40446
19.625 74.125 -0.0058478
19.625 74.375 -0.097571
19.625 74.625 -0.24945
19.625 74.875 -0.24362
19.625 75.125 -0.027141
19.625 75.375 -0.35224
19.625 75.625 -0.84235
19.625 75.875 -0.433
19.625 76.125 -0.088467
19.625 76.375 -0.32448
19.625 76.625 -0.98055
19.625 76.875 -1.0296
19.625 77.125 -0.21993
19.625 77.375 0.094325
19.625 77.625 0.19849
19.625 77.875 0.2197
19.625 78.125 0.19814
19.625 78.375 0.3813
19.625 78.625 1.0441
19.625 78.875 0.84536
19.625 79.125 0.52961
19.625 79.375 0.23636
19.625 79.625 0.70647
19.625 79.875 0.85722
19.625 80.125 1.0789
19.625 80.375 0.97102
19.625 80.625 1.1693
19.625 80.875 1.1896
19.625 81.125 1.2002
19.625 81.375 1.1175
19.625 81.625 1.1153
19.625 81.875 1.1651
19.625 82.125 1.2555
19.625 82.375 1.2625
19.625 82.625 1.4537
19.625 82.875 1.1302
19.625 83.125 1.0643
19.625 83.375 1.1242
19.625 83.625 1.1485
19.625 83.875 1.2174
19.625 84.125 0.96464
19.625 84.375 1.0043
19.625 84.625 1.3446
19.625 84.875 1.2395
19.625 85.125 1.7684
19.625 85.375 1.7007
19.875 72.875 0.80978
19.875 73.125 0.69778
19.875 73.375 0.92615
19.875 73.625 0.85789
19.875 73.875 0.74689
19.875 74.125 -0.019129
19.875 74.375 0.021736
19.875 74.625 0.041919
19.875 74.875 0.60437
19.875 75.125 -0.054185
19.875 75.375 -0.15652
19.875 75.625 -0.0057973
19.875 75.875 0.43138
19.875 76.125 0.78632
19.875 76.375 0.74231
19.875 76.625 0.0030352
19.875 76.875 0.26825
19.875 77.125 0.10684
19.875 77.375 0.15308
19.875 77.625 0.40744
19.875 77.875 0.29955
19.875 78.125 0.22556
19.875 78.375 0.16385
19.875 78.625 0.57455
19.875 78.875 0.58538
19.875 79.125 0.63049
19.875 79.375 0.32542
19.875 79.625 0.66452
19.875 79.875 1.0495
19.875 80.125 1.0822
19.875 80.375 0.95744
19.875 80.625 0.9682
19.875 80.875 1.1979
19.875 81.125 1.2753
19.875 81.375 1.2004
19.875 81.625 1.1788
19.875 81.875 1.2283
19.875 82.125 1.3719
19.875 82.375 1.3552
19.875 82.625 1.2289
19.875 82.875 1.1692
19.875 83.125 1.4314
19.875 83.375 1.3691
19.875 83.625 1.2456
19.875 83.875 1.1988
19.875 84.125 0.93347
19.875 84.375 0.92595
19.875 84.625 1.217
19.875 84.875 1.3819
19.875 85.125 1.8037
19.875 85.375 1.7577
19.875 85.625 1.4943
19.875 85.875 1.2673
19.875 86.125 1.2531
20.125 72.875 0.83862
20.125 73.125 0.85602
20.125 73.375 0.76686
20.125 73.625 1.6253
20.125 73.875 1.3027
20.125 74.125 1.7747
20.125 74.375 0.25314
20.125 74.625 0.21668
20.125 74.875 0.41031
20.125 75.125 0.11367
20.125 75.375 0.27239
20.125 75.625 0.13189
20.125 75.875 0.089774
20.125 76.125 0.45783
20.125 76.375 0.48684
20.125 76.625 0.17461
20.125 76.875 0.21513
20.125 77.125 -0.080533
20.125 77.375 0.36337
20.125 77.625 0.46955
20.125 77.875 0.28322
20.125 78.125 0.252
20.125 78.375 0.25449
20.125 78.625 0.55189
20.125 78.875 0.56141
20.125 79.125 0.4991
20.125 79.375 0.48735
20.125 79.625 1.0324
20.125 79.875 1.0813
20.125 80.125 1.1202
20.125 80.375 1.1719
20.125 80.625 0.97657
20.125 80.875 1.0625
20.125 81.125 1.1513
20.125 81.375 1.2207
20.125 81.625 1.2911
20.125 81.875 1.4028
20.125 82.125 1.4599
20.125 82.375 1.7028
20.125 82.625 1.2028
20.125 82.875 0.53713
20.125 83.125 1.0069
20.125 83.375 1.5255
20.125 83.625 1.4337
20.125 83.875 1.1441
20.125 84.125 1.2065
20.125 84.375 1.165
20.125 84.625 1.1308
20.125 84.875 1.2396
20.125 85.125 1.4913
20.125 85.375 1.1931
20.125 85.625 1.2484
20.125 85.875 1.1943
20.125 86.125 1.0007
20.125 86.375 1.056
20.375 73.125 0.86617
20.375 73.375 0.81784
20.375 73.625 0.86258
20.375 73.875 0.40772
20.375 74.125 0.38876
20.375 74.375 -0.11284
20.375 74.625 -0.22778
20.375 74.875 0.27677
20.375 75.125 1.2441
20.375 75.375 1.1841
20.375 75.625 0.71956
20.375 75.875 0.6598
20.375 76.125 0.47227
20.375 76.375 -0.15655
20.375 76.625 -0.27597
20.375 76.875 -0.4928
20.375 77.125 -0.41635
20.375 77.375 0.1648
20.375 77.625 0.38641
20.375 77.875 0.28512
20.375 78.125 0.45897
20.375 78.375 0.19137
20.375 78.625 0.11925
20.375 78.875 0.50502
20.375 79.125 0.68311
20.375 79.375 0.85603
20.375 79.625 1.1348
20.375 79.875 1.1
20.375 80.125 1.1394
20.375 80.375 1.1955
20.375 80.625 1.2352
20.375 80.875 1.1013
20.375 81.125 1.2931
20.375 81.375 1.3446
20.375 81.625 1.3139
20.375 81.875 1.3376
20.375 82.125 1.3089
20.375 82.375 1.6181
20.375 82.625 1.2829
20.375 82.875 1.2061
20.375 83.125 1.1283
20.375 83.375 1.0637
20.375 83.625 1.0541
20.375 83.875 1.3566
20.375 84.125 1.0208
20.375 84.375 1.2779
20.375 84.625 1.0871
20.375 84.875 1.2685
20.375 85.125 1.3234
20.375 85.375 1.1502
20.375 85.625 1.2415
20.375 85.875 1.2589
20.375 86.125 1.1814
20.375 86.375 1.1935
20.375 86.625 1.2819
20.625 73.125 0.61992
20.625 73.375 0.73015
20.625 73.625 0.93167
20.625 73.875 1.0693
20.625 74.125 0.42122
20.625 74.375 0.023349
20.625 74.625 0.46179
20.625 74.875 1.2047
20.625 75.125 1.1294
20.625 75.375 0.75803
20.625 75.625 0.49411
20.625 75.875 -0.064768
20.625 76.125 0.40253
20.625 76.375 -0.007597
20.625 76.625 -0.36125
20.625 76.875 -0.30175
20.625 77.125 -0.26641
20.625 77.375 0.17349
20.625 77.625 0.46001
20.625 77.875 0.35323
20.625 78.125 0.5435
20.625 78.375 0.54554
20.625 78.625 0.21926
20.625 78.875 0.55126
20.625 79.125 0.72074
20.625 79.375 0.63135
20.625 79.625 1.0818
20.625 79.875 1.1258
20.625 80.125 1.1908
20.625 80.375 1.305
20.625 80.625 1.1726
20.625 80.875 1.1431
20.625 81.125 1.2927
20.625 81.375 1.3561
20.625 81.625 1.309
20.625 81.875 1.326
20.625 82.125 1.323
20.625 82.375 1.3706
20.625 82.625 1.1258
20.625 82.875 1.0538
20.625 83.125 0.93833
20.625 83.375 1.125
20.625 83.625 1.0621
20.625 83.875 0.94695
20.625 84.125 0.93349
20.625 84.375 1.1683
20.625 84.625 0.85802
20.625 84.875 0.99971
20.625 85.125 1.2991
20.625 85.375 1.0958
20.625 85.625 1.0599
20.625 85.875 1.1889
20.625 86.125 1.1273
20.625 86.375 1.1692
20.625 86.625 1.363
20.625 86.875 1.4751
20.875 70.625 1.1682
20.875 70.875 1.2495
20.875 71.125 0.90835
20.875 71.375 1.8387
20.875 72.875 0.80395
20.875 73.125 0.81588
20.875 73.375 0.82187
20.875 73.625 0.94221
20.875 73.875 0.95372
20.875 74.125 0.57677
20.875 74.375 0.60163
20.875 74.625 0.4434
20.875 74.875 0.50178
20.875 75.125 0.77178
20.875 75.375 0.51457
20.875 75.625 0.020685
20.875 75.875 0.10982
20.875 76.125 0.49573
20.875 76.375 -0.040622
20.875 76.625 0.1481
20.875 76.875 0.12933
20.875 77.125 -0.084045
20.875 77.375 -0.018461
20.875 77.625 0.00062468
20.875 77.875 0.19637
20.875 78.125 0.37786
20.875 78.375 0.46783
20.875 78.625 0.50398
20.875 78.875 0.75267
20.875 79.125 0.33404
20.875 79.375 0.74575
20.875 79.625 0.93623
20.875 79.875 1.1023
20.875 80.125 1.1841
20.875 80.375 1.0616
20.875 80.625 1.1618
20.875 80.875 1.207
20.875 81.125 1.2949
20.875 81.375 1.3224
20.875 81.625 1.3785
20.875 81.875 1.3676
20.875 82.125 1.3081
20.875 82.375 1.3037
20.875 82.625 0.69694
20.875 82.875 1.0185
20.875 83.125 1.0336
20.875 83.375 1.1203
20.875 83.625 1.0367
20.875 83.875 0.99288
20.875 84.125 0.82716
20.875 84.375 1.0731
20.875 84.625 1.3851
20.875 84.875 1.1125
20.875 85.125 1.3654
20.875 85.375 1.1998
20.875 85.625 1.1887
20.875 85.875 1.4509
20.875 86.125 1.2039
20.875 86.375 1.1142
20.875 86.625 1.3051
21.125 70.375 0.82202
21.125 70.625 0.65285
21.125 70.875 -0.15391
21.125 71.125 1.1374
21.125 71.375 1.2696
21.125 71.625 1.7324
21.125 71.875 0.39443
21.125 72.875 0.75874
21.125 73.125 0.50705
21.125 73.375 0.91135
21.125 73.625 0.87483
21.125 73.875 0.45141
21.125 74.125 0.27529
21.125 74.375 0.47032
21.125 74.625 0.61784
21.125 74.875 0.82611
21.125 75.125 0.53132
21.125 75.375 0.88844
21.125 75.625 1.0724
21.125 75.875 0.90347
21.125 76.125 0.86436
21.125 76.375 0.022737
21.125 76.625 0.21811
21.125 76.875 0.1343
21.125 77.125 0.11456
21.125 77.375 0.069736
21.125 77.625 0.098852
21.125 77.875 0.27074
21.125 78.125 0.19058
21.125 78.375 0.27676
21.125 78.625 0.4035
21.125 78.875 0.8712
21.125 79.125 0.79649
21.125 79.375 0.81027
21.125 79.625 0.9781
21.125 79.875 1.1989
21.125 80.125 1.1237
21.125 80.375 1.2212
21.125 80.625 1.3329
21.125 80.875 1.5022
21.125 81.125 1.3827
21.125 81.375 1.7463
21.125 81.625 1.2885
21.125 81.875 1.2723
21.125 82.125 1.2364
21.125 82.375 1.1172
21.125 82.625 1.0142
21.125 82.875 0.92798
21.125 83.125 0.83638
21.125 83.375 0.9568
21.125 83.625 0.95817
21.125 83.875 0.9989
21.125 84.125 1.1444
21.125 84.375 1.1491
21.125 84.625 1.1622
21.125 84.875 1.4525
21.125 85.125 1.5185
21.125 85.375 1.526
21.125 85.625 1.5178
21.125 85.875 1.5777
21.125 86.125 1.4807
21.125 86.375 1.5629
21.125 86.625 1.5796
21.375 70.125 0.34666
21.375 70.375 0.53601
21.375 70.625 0.78218
21.375 70.875 0.63763
21.375 71.125 0.87957
21.375 71.375 0.80124
21.375 71.625 0.91831
21.375 71.875 0.60861
21.375 72.875 0.92124
21.375 73.125 1.073
21.375 73.375 1.0556
21.375 73.625 0.91455
21.375 73.875 0.61694
21.375 74.125 0.27362
21.375 74.375 0.13508
21.375 74.625 0.55264
21.375 74.875 1.2659
21.375 75.125 1.097
21.375 75.375 1.1275
21.375 75.625 1.1291
21.375 75.875 0.86305
21.375 76.125 0.98785
21.375 76.375 0.40862
21.375 76.625 0.51377
21.375 76.875 0.41811
21.375 77.125 0.53542
21.375 77.375 0.51435
21.375 77.625 0.13139
21.375 77.875 0.16581
21.375 78.125 0.37648
21.375 78.375 0.37265
21.375 78.625 0.32389
21.375 78.875 0.75034
21.375 79.125 0.57317
21.375 79.375 0.83181
21.375 79.625 1.1097
21.375 79.875 1.1162
21.375 80.125 0.97589
21.375 80.375 1.1259
21.375 80.625 1.3855
21.375 80.875 1.2903
21.375 81.125 1.2199
21.375 81.375 1.756
21.375 81.625 1.4498
21.375 81.875 1.4422
21.375 82.125 1.0879
21.375 82.375 0.92475
21.375 82.625 0.86713
21.375 82.875 0.82644
21.375 83.125 1.0378
21.375 83.375 0.83725
21.375 83.625 0.86101
21.375 83.875 0.93277
21.375 84.125 0.97088
21.375 84.375 1.5026
21.375 84.625 1.4367
21.375 84.875 1.3473
21.375 85.125 1.5998
21.375 85.375 1.6907
21.375 85.625 1.3414
21.375 85.875 1.3022
21.375 86.125 1.5587
21.375 86.375 1.32
21.375 86.625 1.4611
21.375 86.875 1.4181
21.625 69.875 0.49168
21.625 70.125 -0.18241
21.625 70.375 0.8259
21.625 70.625 1.19
21.625 70.875 0.8233
21.625 71.125 0.67001
21.625 71.375 1.3909
21.625 71.625 1.6572
21.625 71.875 1.1638
21.625 72.125 1.0291
21.625 72.875 1.2987
21.625 73.125 1.1299
21.625 73.375 1.0054
21.625 73.625 0.80001
21.625 73.875 0.57731
21.625 74.125 0.53279
21.625 74.375 0.16366
21.625 74.625 0.65213
21.625 74.875 1.2356
21.625 75.125 1.3471
21.625 75.375 1.2175
21.625 75.625 1.0687
21.625 75.875 0.83202
21.625 76.125 0.82841
21.625 76.375 0.67648
21.625 76.625 0.55889
21.625 76.875 0.73233
21.625 77.125 0.90869
21.625 77.375 0.88637
21.625 77.625 0.49071
21.625 77.875 0.89765
21.625 78.125 0.91901
21.625 78.375 0.42337
21.625 78.625 0.43041
21.625 78.875 0.42528
21.625 79.125 0.25848
21.625 79.375 0.64242
21.625 79.625 1.0334
21.625 79.875 1.0538
21.625 80.125 1.131
21.625 80.375 1.263
21.625 80.625 1.3523
21.625 80.875 1.1623
21.625 81.125 0.36455
21.625 81.375 1.2683
21.625 81.625 1.2836
21.625 81.875 1.4215
21.625 82.125 0.99053
21.625 82.375 0.78589
21.625 82.625 1.1148
21.625 82.875 0.8379
21.625 83.125 0.83925
21.625 83.375 0.87317
21.625 83.625 0.86526
21.625 83.875 0.72576
21.625 84.125 0.80244
21.625 84.375 1.0287
21.625 84.625 0.82938
21.625 84.875 1.4007
21.625 85.125 1.4517
21.625 85.375 1.7485
21.625 85.625 1.6868
21.625 85.875 1.3176
21.625 86.125 1.5287
21.625 86.375 1.2915
21.625 86.625 1.2111
21.625 86.875 1.1103
21.625 87.125 1.2802
21.625 87.375 1.4246
21.875 69.375 -0.026367
21.875 69.625 0.36411
21.875 69.875 0.45132
21.875 70.125 0.20187
21.875 70.375 1.0154
21.875 70.625 1.5159
21.875 70.875 0.82827
21.875 71.125 -0.081633
21.875 71.375 1.0314
21.875 71.625 1.6596
21.875 71.875 0.94039
21.875 72.125 0.82593
21.875 72.625 -0.10566
21.875 72.875 0.83782
21.875 73.125 0.91356
21.875 73.375 0.82948
21.875 73.625 0.78894
21.875 73.875 0.32882
21.875 74.125 -0.36995
21.875 74.375 -0.20643
21.875 74.625 0.3805
21.875 74.875 0.8294
21.875 75.125 0.96835
21.875 75.375 1.149
21.875 75.625 1.1207
21.875 75.875 0.88397
21.875 76.125 0.84259
21.875 76.375 0.91931
21.875 76.625 0.82427
21.875 76.875 0.81263
21.875 77.125 0.97114
21.875 77.375 1.0628
21.875 77.625 0.84726
21.875 77.875 0.58121
21.875 78.125 0.96883
21.875 78.375 1.0186
21.875 78.625 0.75628
21.875 78.875 0.81827
21.875 79.125 0.56913
21.875 79.375 0.72554
21.875 79.625 0.98857
21.875 79.875 1.0968
21.875 80.125 1.2046
21.875 80.375 1.3231
21.875 80.625 1.3016
21.875 80.875 1.3171
21.875 81.125 0.81784
21.875 81.375 1.0563
21.875 81.625 1.3017
21.875 81.875 1.0004
21.875 82.125 1.2308
21.875 82.375 1.1583
21.875 82.625 0.69764
21.875 82.875 0.96447
21.875 83.125 1.0816
21.875 83.375 1.1136
21.875 83.625 0.88065
21.875 83.875 1.2595
21.875 84.125 1.1297
21.875 84.375 0.99009
21.875 84.625 0.80039
21.875 84.875 1.504
21.875 85.125 1.5264
21.875 85.375 1.6779
21.875 85.625 1.6065
21.875 85.875 1.3791
21.875 86.125 1.6173
21.875 86.375 1.3863
21.875 86.625 1.1823
21.875 86.875 1.1356
21.875 87.125 1.2521
21.875 87.375 1.3065
21.875 87.625 1.0999
21.875 87.875 1.0947
21.875 88.375 0.97841
21.875 88.625 1.0193
21.875 88.875 1.0329
22.125 69.125 0.098999
22.125 69.375 -0.2522
22.125 69.625 -0.017988
22.125 69.875 0.26644
22.125 70.125 0.12184
22.125 70.375 0.39602
22.125 70.625 0.76191
22.125 70.875 1.1111
22.125 71.125 -0.10334
22.125 71.375 0.99762
22.125 71.625 1.4344
22.125 71.875 0.16995
22.125 72.125 0.88308
22.125 72.625 1.2595
22.125 72.875 0.74264
22.125 73.125 0.40588
22.125 73.375 0.82686
22.125 73.625 0.81731
22.125 73.875 0.49717
22.125 74.125 0.4179
22.125 74.375 -0.064338
22.125 74.625 -0.15261
22.125 74.875 0.81284
22.125 75.125 0.99862
22.125 75.375 0.73242
22.125 75.625 0.64436
22.125 75.875 0.69362
22.125 76.125 0.53495
22.125 76.375 0.83536
22.125 76.625 0.69481
22.125 76.875 0.60972
22.125 77.125 0.78889
22.125 77.375 0.81462
22.125 77.625 0.61028
22.125 77.875 0.87778
22.125 78.125 0.97352
22.125 78.375 0.91158
22.125 78.625 1.146
22.125 78.875 1.0017
22.125 79.125 0.91191
22.125 79.375 0.82244
22.125 79.625 0.95642
22.125 79.875 1.1757
22.125 80.125 1.2528
22.125 80.375 1.2747
22.125 80.625 1.3547
22.125 80.875 1.2846
22.125 81.125 0.89399
22.125 81.375 1.46
22.125 81.625 1.0192
22.125 81.875 0.99554
22.125 82.125 1.1173
22.125 82.375 0.91587
22.125 82.625 0.69401
22.125 82.875 0.64194
22.125 83.125 0.97592
22.125 83.375 1.1088
22.125 83.625 0.8286
22.125 83.875 1.1661
22.125 84.125 1.1458
22.125 84.375 0.73088
22.125 84.625 1.6083
22.125 84.875 1.6312
22.125 85.125 1.5278
22.125 85.375 1.7019
22.125 85.625 1.6617
22.125 85.875 1.5917
22.125 86.125 1.595
22.125 86.375 1.3259
22.125 86.625 1.1211
22.125 86.875 1.1936
22.125 87.125 1.1783
22.125 87.375 0.97861
22.125 87.625 1.0369
22.125 87.875 1.0004
22.125 88.125 0.87902
22.125 88.375 0.91889
22.125 92.875 1.5715
22.375 69.125 0.86963
22.375 69.875 0.66351
22.375 70.125 0.45441
22.375 70.375 -0.35669
22.375 70.625 0.87896
22.375 70.875 0.92426
22.375 71.125 1.1194
22.375 71.375 0.68625
22.375 71.625 0.017777
22.375 71.875 1.0559
22.375 72.125 1.5988
22.375 72.625 1.5139
22.375 72.875 0.60204
22.375 73.125 0.80062
22.375 73.375 0.82039
22.375 73.625 1.0863
22.375 73.875 0.82416
22.375 74.125 0.31825
22.375 74.375 0.21658
22.375 74.625 0.17857
22.375 74.875 0.31338
22.375 75.125 0.54272
22.375 75.375 0.52104
22.375 75.625 0.35073
22.375 75.875 0.7458
22.375 76.125 0.61563
22.375 76.375 0.46126
22.375 76.625 0.83529
22.375 76.875 0.70103
22.375 77.125 0.72827
22.375 77.375 0.69655
22.375 77.625 0.68896
22.375 77.875 1.1132
22.375 78.125 1.1218
22.375 78.375 1.1156
22.375 78.625 1.0446
22.375 78.875 1.1385
22.375 79.125 1.1864
22.375 79.375 1.2015
22.375 79.625 1.0321
22.375 79.875 1.2131
22.375 80.125 1.2199
22.375 80.375 1.3022
22.375 80.625 1.2637
22.375 80.875 1.2655
22.375 81.125 1.2783
22.375 81.375 1.581
22.375 81.625 1.2058
22.375 81.875 1.2465
22.375 82.125 1.1333
22.375 82.375 0.93222
22.375 82.625 0.53347
22.375 82.875 0.17429
22.375 83.125 0.38162
22.375 83.375 0.30776
22.375 83.625 0.06887
22.375 83.875 0.91866
22.375 84.125 0.94161
22.375 84.375 1.2111
22.375 84.625 1.4603
22.375 84.875 1.5727
22.375 85.125 1.4492
22.375 85.375 1.4459
22.375 85.625 1.1076
22.375 85.875 1.0024
22.375 86.125 1.0075
22.375 86.375 1.1398
22.375 86.625 1.0913
22.375 86.875 1.15
22.375 87.125 1.2129
22.375 87.375 0.73824
22.375 87.625 0.81412
22.375 87.875 1.0284
22.375 88.125 0.94778
22.375 88.375 0.90541
22.375 88.625 0.92924
22.375 88.875 0.94227
22.375 92.875 2.0203
22.625 70.375 0.84315
22.625 70.625 1.3387
22.625 70.875 0.77215
22.625 71.125 0.67095
22.625 71.375 0.55316
22.625 71.625 0.54198
22.625 71.875 0.35093
22.625 72.125 1.0595
22.625 72.375 1.7552
22.625 72.625 1.829
22.625 72.875 0.75976
22.625 73.125 0.83591
22.625 73.375 1.1994
22.625 73.625 0.61276
22.625 73.875 0.46521
22.625 74.125 0.58774
22.625 74.375 0.4815
22.625 74.625 0.54985
22.625 74.875 0.45124
22.625 75.125 0.56853
22.625 75.375 0.58156
22.625 75.625 0.35002
22.625 75.875 0.69407
22.625 76.125 0.57345
22.625 76.375 0.46184
22.625 76.625 0.75758
22.625 76.875 0.87982
22.625 77.125 0.82655
22.625 77.375 0.61684
22.625 77.625 0.66317
22.625 77.875 1.1456
22.625 78.125 1.2234
22.625 78.375 1.2121
22.625 78.625 1.318
22.625 78.875 1.1728
22.625 79.125 1.182
22.625 79.375 1.1913
22.625 79.625 1.1409
22.625 79.875 1.0709
22.625 80.125 1.1528
22.625 80.375 1.0805
22.625 80.625 1.1108
22.625 80.875 1.1685
22.625 81.125 1.6596
22.625 81.375 1.6089
22.625 81.625 1.1148
22.625 81.875 1.1947
22.625 82.125 0.94525
22.625 82.375 0.82182
22.625 82.625 0.53153
22.625 82.875 0.30208
22.625 83.125 0.073759
22.625 83.375 0.73961
22.625 83.625 0.67316
22.625 83.875 0.31151
22.625 84.125 0.83168
22.625 84.375 1.0451
22.625 84.625 1.3433
22.625 84.875 1.3516
22.625 85.125 1.5706
22.625 85.375 1.4165
22.625 85.625 1.244
22.625 85.875 1.0954
22.625 86.125 1.072
22.625 86.375 1.0357
22.625 86.625 0.93776
22.625 86.875 0.97774
22.625 87.125 0.99105
22.625 87.375 0.80763
22.625 87.625 0.88801
22.625 87.875 1.1086
22.625 88.125 1.2861
22.625 88.375 1.0096
22.625 88.625 1.0128
22.625 88.875 0.98007
22.625 92.625 0.84241
22.625 92.875 1.5997
22.875 69.375 1.1494
22.875 69.625 0.96355
22.875 69.875 0.83592
22.875 70.625 1.5767
22.875 70.875 1.1924
22.875 71.125 0.35326
22.875 71.375 0.4319
22.875 71.625 0.59588
22.875 71.875 0.50286
22.875 72.125 0.45392
22.875 72.375 1.4442
22.875 72.625 1.5208
22.875 72.875 0.99509
22.875 73.125 1.3272
22.875 73.375 1.0983
22.875 73.625 0.52907
22.875 73.875 0.012076
22.875 74.125 0.5372
22.875 74.375 0.53205
22.875 74.625 0.47656
22.875 74.875 0.56994
22.875 75.125 0.40838
22.875 75.375 0.76298
22.875 75.625 0.6341
22.875 75.875 0.66579
22.875 76.125 0.61454
22.875 76.375 0.46775
22.875 76.625 0.84249
22.875 76.875 0.77189
22.875 77.125 0.92744
22.875 77.375 0.30095
22.875 77.625 0.80533
22.875 77.875 0.96785
22.875 78.125 1.0219
22.875 78.375 1.1685
22.875 78.625 1.2009
22.875 78.875 1.2048
22.875 79.125 1.2212
22.875 79.375 1.1483
22.875 79.625 1.1849
22.875 79.875 1.058
22.875 80.125 1.1982
22.875 80.375 1.104
22.875 80.625 1.1104
22.875 80.875 1.2119
22.875 81.125 1.2025
22.875 81.375 0.95457
22.875 81.625 1.0043
22.875 81.875 0.84833
22.875 82.125 0.81029
22.875 82.375 0.48793
22.875 82.625 0.55304
22.875 82.875 0.65399
22.875 83.125 -0.075934
22.875 83.375 1.0007
22.875 83.625 1.337
22.875 83.875 0.8082
22.875 84.125 0.44689
22.875 84.375 0.90019
22.875 84.625 1.4041
22.875 84.875 1.4302
22.875 85.125 1.6292
22.875 85.375 1.8681
22.875 85.625 1.3369
22.875 85.875 1.0026
22.875 86.125 1.1352
22.875 86.375 1.1034
22.875 86.625 1.0926
22.875 86.875 1.1082
22.875 87.125 0.9924
22.875 87.375 0.89085
22.875 87.625 0.86389
22.875 87.875 0.87589
22.875 88.125 1.1918
22.875 88.375 1.0669
22.875 88.625 1.0844
22.875 92.625 0.94621
22.875 92.875 1.3133
23.125 68.875 0.74552
23.125 69.125 0.76876
23.125 69.375 0.98766
23.125 69.625 1.0101
23.125 69.875 1.0779
23.125 70.125 0.87592
23.125 70.875 0.53766
23.125 71.125 0.9626
23.125 71.375 0.82419
23.125 71.625 0.26492
23.125 71.875 0.64364
23.125 72.125 1.6026
23.125 72.375 0.99352
23.125 72.625 1.2617
23.125 72.875 0.89106
23.125 73.125 0.7116
23.125 73.375 1.1785
23.125 73.625 1.044
23.125 73.875 -0.22135
23.125 74.125 0.062989
23.125 74.375 0.13936
23.125 74.625 0.16606
23.125 74.875 0.62628
23.125 75.125 0.57288
23.125 75.375 0.18706
23.125 75.625 0.45748
23.125 75.875 0.67431
23.125 76.125 0.81075
23.125 76.375 0.99059
23.125 76.625 0.89884
23.125 76.875 0.83111
23.125 77.125 0.84846
23.125 77.375 0.97236
23.125 77.625 0.97021
23.125 77.875 0.98735
23.125 78.125 0.96526
23.125 78.375 1.0563
23.125 78.625 0.96736
23.125 78.875 1.1298
23.125 79.125 1.2414
23.125 79.375 1.1865
23.125 79.625 1.0768
23.125 79.875 1.2293
23.125 80.125 1.1798
23.125 80.375 1.1011
23.125 80.625 1.2749
23.125 80.875 1.4238
23.125 81.125 1.3863
23.125 81.375 1.256
23.125 81.625 1.1326
23.125 81.875 0.98262
23.125 82.125 0.79234
23.125 82.375 0.9155
23.125 82.625 0.87373
23.125 82.875 0.6881
23.125 83.125 0.83673
23.125 83.375 1.0587
23.125 83.625 1.4693
23.125 83.875 1.7723
23.125 84.125 0.95941
23.125 84.375 1.0098
23.125 84.625 0.90395
23.125 84.875 1.0786
23.125 85.125 1.2289
23.125 85.375 1.5894
23.125 85.625 1.2764
23.125 85.875 0.93801
23.125 86.125 1.0666
23.125 86.375 1.2107
23.125 86.625 1.162
23.125 86.875 1.3003
23.125 87.125 1.3291
23.125 87.375 0.84555
23.125 87.625 0.72303
23.125 87.875 0.56519
23.125 88.125 0.88173
23.125 88.375 1.0772
23.125 88.625 1.107
23.125 91.625 0.6674
23.125 92.625 0.87412
23.125 92.875 0.895
23.125 93.125 1.0515
23.375 68.875 0.74505
23.375 69.125 0.73825
23.375 69.375 0.86663
23.375 69.625 1.0298
23.375 69.875 0.991
23.375 70.125 0.82061
23.375 70.375 1.1425
23.375 70.625 1.3452
23.375 70.875 1.4564
23.375 71.125 0.52426
23.375 71.375 0.17953
23.375 71.625 0.75392
23.375 71.875 1.4853
23.375 72.125 1.1167
23.375 72.375 0.99867
23.375 72.625 0.93245
23.375 72.875 0.98698
23.375 73.125 0.95336
23.375 73.375 0.94096
23.375 73.625 0.61607
23.375 73.875 0.34842
23.375 74.125 0.18853
23.375 74.375 0.66601
23.375 74.625 0.6007
23.375 74.875 0.83624
23.375 75.125 0.7865
23.375 75.375 0.85574
23.375 75.625 0.43209
23.375 75.875 0.90559
23.375 76.125 1.2324
23.375 76.375 1.1586
23.375 76.625 0.9142
23.375 76.875 0.74024
23.375 77.125 0.93666
23.375 77.375 0.99169
23.375 77.625 0.81022
23.375 77.875 1.0316
23.375 78.125 1.0348
23.375 78.375 1.0349
23.375 78.625 1.0261
23.375 78.875 1.1905
23.375 79.125 1.2209
23.375 79.375 1.2304
23.375 79.625 1.329
23.375 79.875 1.2856
23.375 80.125 1.2351
23.375 80.375 1.5864
23.375 80.625 1.6908
23.375 80.875 1.3681
23.375 81.125 1.2849
23.375 81.375 1.1208
23.375 81.625 1.2449
23.375 81.875 1.259
23.375 82.125 1.2904
23.375 82.375 1.1635
23.375 82.625 0.98258
23.375 82.875 0.86241
23.375 83.125 0.91679
23.375 83.375 1.1914
23.375 83.625 1.2478
23.375 83.875 1.4946
23.375 84.125 0.60665
23.375 84.375 1.0594
23.375 84.625 0.65387
23.375 84.875 1.0567
23.375 85.125 1.3102
23.375 85.375 1.499
23.375 85.625 1.4085
23.375 85.875 1.1267
23.375 86.125 0.92468
23.375 86.375 1.2474
23.375 86.625 1.2138
23.375 86.875 1.3119
23.375 87.125 1.2451
23.375 87.375 1.0507
23.375 87.625 0.67796
23.375 87.875 0.35806
23.375 88.125 0.45431
23.375 88.375 0.83301
23.375 88.625 0.94161
23.375 91.375 0.64813
23.375 91.625 0.84002
23.375 92.625 0.80396
23.375 92.875 0.65844
23.375 93.125 -0.089431
23.625 68.625 0.64596
23.625 68.875 0.65552
23.625 69.125 0.6114
23.625 69.375 0.75228
23.625 69.625 0.86315
23.625 69.875 0.45566
23.625 70.125 0.18695
23.625 70.375 0.64997
23.625 70.625 1.2947
23.625 70.875 1.4829
23.625 71.125 0.74513
23.625 71.375 1.1399
23.625 71.625 0.50622
23.625 71.875 0.45236
23.625 72.125 0.58061
23.625 72.375 0.59746
23.625 72.625 0.91738
23.625 72.875 0.78622
23.625 73.125 0.62636
23.625 73.375 0.63878
23.625 73.625 0.61365
23.625 73.875 0.87421
23.625 74.125 1.4701
23.625 74.375 1.3287
23.625 74.625 0.89706
23.625 74.875 0.95226
23.625 75.125 0.56878
23.625 75.375 1.2098
23.625 75.625 1.2029
23.625 75.875 1.2793
23.625 76.125 1.2904
23.625 76.375 1.2187
23.625 76.625 0.95886
23.625 76.875 0.32539
23.625 77.125 0.99116
23.625 77.375 0.85701
23.625 77.625 0.89285
23.625 77.875 0.94979
23.625 78.125 1.0068
23.625 78.375 1.0696
23.625 78.625 1.16
23.625 78.875 1.168
23.625 79.125 1.2152
23.625 79.375 1.23
23.625 79.625 1.3261
23.625 79.875 1.4958
23.625 80.125 1.4093
23.625 80.375 1.4709
23.625 80.625 1.5143
23.625 80.875 1.4575
23.625 81.125 1.2848
23.625 81.375 1.2708
23.625 81.625 1.4958
23.625 81.875 1.4589
23.625 82.125 1.3334
23.625 82.375 1.4417
23.625 82.625 1.2749
23.625 82.875 1.1877
23.625 83.125 1.1091
23.625 83.375 1.1951
23.625 83.625 1.2445
23.625 83.875 1.1917
23.625 84.125 1.1696
23.625 84.375 1.2616
23.625 84.625 1.3314
23.625 84.875 1.1616
23.625 85.125 1.1153
23.625 85.375 1.3815
23.625 85.625 1.1758
23.625 85.875 1.5096
23.625 86.125 0.06083
23.625 86.375 1.2431
23.625 86.625 1.3806
23.625 86.875 1.1309
23.625 87.125 1.1923
23.625 87.375 0.29698
23.625 87.625 1.2195
23.625 87.875 0.22961
23.625 88.125 0.42163
23.625 88.375 0.61757
23.625 91.375 0.33743
23.625 91.625 0.77602
23.625 91.875 1.1103
23.625 92.375 0.93194
23.625 92.625 0.88156
23.625 92.875 0.65013
23.625 93.125 -0.48621
23.875 68.875 -0.65019
23.875 69.125 -0.57772
23.875 69.375 -0.13697
23.875 69.625 -0.1373
23.875 69.875 0.54817
23.875 70.125 0.12379
23.875 70.375 0.17114
23.875 70.625 0.28735
23.875 70.875 0.49588
23.875 71.125 0.39092
23.875 71.375 1.1956
23.875 71.625 1.6409
23.875 71.875 0.91404
23.875 72.125 0.80088
23.875 72.375 0.90767
23.875 72.625 0.79871
23.875 72.875 0.71216
23.875 73.125 0.67582
23.875 73.375 0.89668
23.875 73.625 1.0761
23.875 73.875 1.3547
23.875 74.125 1.1615
23.875 74.375 1.3592
23.875 74.625 1.2131
23.875 74.875 1.3357
23.875 75.125 1.1252
23.875 75.375 1.3127
23.875 75.625 1.2087
23.875 75.875 1.2688
23.875 76.125 1.3174
23.875 76.375 1.1837
23.875 76.625 1.073
23.875 76.875 1.2077
23.875 77.125 1.2468
23.875 77.375 0.98812
23.875 77.625 1.0048
23.875 77.875 1.067
23.875 78.125 1.118
23.875 78.375 1.0722
23.875 78.625 1.1218
23.875 78.875 1.2842
23.875 79.125 1.3412
23.875 79.375 1.2785
23.875 79.625 1.3578
23.875 79.875 1.4289
23.875 80.125 1.4732
23.875 80.375 1.4432
23.875 80.625 1.4702
23.875 80.875 1.279
23.875 81.125 1.1299
23.875 81.375 1.2574
23.875 81.625 1.2912
23.875 81.875 1.4426
23.875 82.125 1.4169
23.875 82.375 1.6163
23.875 82.625 1.1362
23.875 82.875 1.1485
23.875 83.125 0.97788
23.875 83.375 0.88176
23.875 83.625 1.0122
23.875 83.875 1.1384
23.875 84.125 1.1424
23.875 84.375 0.95625
23.875 84.625 0.77303
23.875 84.875 0.81759
23.875 85.125 0.45187
23.875 85.375 1.0089
23.875 85.625 1.4079
23.875 85.875 0.97134
23.875 86.125 0.97354
23.875 86.375 1.4333
23.875 86.625 1.326
23.875 86.875 1.1004
23.875 87.125 1.2506
23.875 87.375 0.87758
23.875 87.625 0.89875
23.875 87.875 0.72538
23.875 88.125 0.60344
23.875 88.375 0.29706
23.875 91.375 0.53554
23.875 91.625 0.69842
23.875 91.875 0.95463
23.875 92.125 1.0424
23.875 92.375 1.0029
23.875 92.625 0.8805
23.875 92.875 0.13053
23.875 93.125 -0.92687
23.875 93.375 -0.69819
24.125 68.875 0.38363
24.125 69.125 -0.68248
24.125 69.375 0.38737
24.125 69.625 0.54929
24.125 69.875 0.20605
24.125 70.125 0.089539
24.125 70.375 -0.03296
24.125 70.625 -0.30091
24.125 70.875 -0.30919
24.125 71.125 -0.28148
24.125 71.375 0.13725
24.125 71.625 0.42345
24.125 71.875 0.64281
24.125 72.125 0.95926
24.125 72.375 0.92766
24.125 72.625 1.119
24.125 72.875 0.88313
24.125 73.125 0.7348
24.125 73.375 0.63826
24.125 73.625 1.2924
24.125 73.875 1.1603
24.125 74.125 0.95789
24.125 74.375 1.0642
24.125 74.625 1.4877
24.125 74.875 1.1309
24.125 75.125 0.58511
24.125 75.375 1.2067
24.125 75.625 1.1946
24.125 75.875 1.1722
24.125 76.125 1.1754
24.125 76.375 1.2232
24.125 76.625 1.3215
24.125 76.875 1.2486
24.125 77.125 1.1759
24.125 77.375 1.0829
24.125 77.625 0.99983
24.125 77.875 1.1588
24.125 78.125 1.1326
24.125 78.375 1.1884
24.125 78.625 1.2042
24.125 78.875 1.3701
24.125 79.125 1.2821
24.125 79.375 1.5028
24.125 79.625 1.3767
24.125 79.875 1.716
24.125 80.125 1.7831
24.125 80.375 1.5054
24.125 80.625 1.5653
24.125 80.875 1.3535
24.125 81.125 0.95661
24.125 81.375 1.2548
24.125 81.625 1.2559
24.125 81.875 1.3331
24.125 82.125 1.4752
24.125 82.375 1.542
24.125 82.625 1.192
24.125 82.875 1.0132
24.125 83.125 1.0183
24.125 83.375 0.11543
24.125 83.625 0.34713
24.125 83.875 1.0142
24.125 84.125 1.232
24.125 84.375 0.98833
24.125 84.625 0.72196
24.125 84.875 0.46158
24.125 85.125 0.29717
24.125 85.375 0.79912
24.125 85.625 0.91559
24.125 85.875 1.0123
24.125 86.125 1.2258
24.125 86.375 1.2015
24.125 86.625 1.0582
24.125 86.875 1.0793
24.125 87.125 0.85769
24.125 87.375 1.0661
24.125 87.625 0.79829
24.125 87.875 0.77882
24.125 88.125 0.62346
24.125 88.375 0.57756
24.125 91.875 0.93923
24.125 92.125 0.9852
24.125 92.375 1.04
24.125 92.625 0.90398
24.125 92.875 0.31341
24.125 93.125 -1.2225
24.125 93.375 -0.24468
24.125 93.625 -0.26059
24.125 93.875 -0.25636
24.125 94.125 -0.35002
24.375 71.375 -0.19402
24.375 71.625 0.28335
24.375 71.875 0.23849
24.375 72.125 0.63752
24.375 72.375 0.53475
24.375 72.625 1.0314
24.375 72.875 0.68837
24.375 73.125 0.66902
24.375 73.375 0.56558
24.375 73.625 0.34735
24.375 73.875 0.36559
24.375 74.125 0.3963
24.375 74.375 1.0847
24.375 74.625 0.94584
24.375 74.875 0.79285
24.375 75.125 0.77091
24.375 75.375 1.0544
24.375 75.625 1.1477
24.375 75.875 1.2735
24.375 76.125 0.69712
24.375 76.375 1.1532
24.375 76.625 1.2199
24.375 76.875 1.2222
24.375 77.125 1.1659
24.375 77.375 1.1881
24.375 77.625 1.1796
24.375 77.875 1.2787
24.375 78.125 1.4318
24.375 78.375 1.4566
24.375 78.625 1.1791
24.375 78.875 1.3812
24.375 79.125 1.4348
24.375 79.375 1.5171
24.375 79.625 1.6994
24.375 79.875 1.6554
24.375 80.125 1.6864
24.375 80.375 1.5894
24.375 80.625 1.5473
24.375 80.875 1.4601
24.375 81.125 1.2274
24.375 81.375 1.2706
24.375 81.625 1.4439
24.375 81.875 1.3039
24.375 82.125 1.3552
24.375 82.375 1.4742
24.375 82.625 1.4819
24.375 82.875 1.2862
24.375 83.125 1.1789
24.375 83.375 1.1948
24.375 83.625 0.60991
24.375 83.875 1.2549
24.375 84.125 1.3238
24.375 84.375 1.8443
24.375 84.625 1.0509
24.375 84.875 0.91376
24.375 85.125 1.0363
24.375 85.375 1.0245
24.375 85.625 0.8309
24.375 85.875 0.61102
24.375 86.125 0.78187
24.375 86.375 0.33748
24.375 86.625 1.1478
24.375 86.875 0.90864
24.375 87.125 0.69567
24.375 87.375 0.14665
24.375 87.625 0.49249
24.375 87.875 0.4453
24.375 88.125 0.47782
24.375 92.375 0.85719
24.375 92.625 0.6914
24.375 92.875 -0.32331
24.375 93.125 -1.2125
24.375 93.375 -0.48867
24.375 93.625 -0.43967
24.375 93.875 -0.27384
24.375 94.125 -0.012393
24.625 71.125 -0.97702
24.625 71.375 -0.10091
24.625 71.625 -0.099348
24.625 71.875 -0.32745
24.625 72.125 -0.36186
24.625 72.375 0.20898
24.625 72.625 0.39134
24.625 72.875 0.29111
24.625 73.125 0.50126
24.625 73.375 0.66644
24.625 73.625 0.32635
24.625 73.875 0.23518
24.625 74.125 0.47134
24.625 74.375 0.85372
24.625 74.625 1.0597
24.625 74.875 0.66239
24.625 75.125 0.52922
24.625 75.375 0.85972
24.625 75.625 1.0063
24.625 75.875 1.2223
24.625 76.125 0.94215
24.625 76.375 1.1484
24.625 76.625 1.0896
24.625 76.875 1.1854
24.625 77.125 1.222
24.625 77.375 1.2251
24.625 77.625 1.2053
24.625 77.875 1.3619
24.625 78.125 1.694
24.625 78.375 1.5045
24.625 78.625 1.3845
24.625 78.875 1.4582
24.625 79.125 1.5208
24.625 79.375 1.6332
24.625 79.625 1.7445
24.625 79.875 1.6786
24.625 80.125 1.762
24.625 80.375 2.0887
24.625 80.625 2.1217
24.625 80.875 1.1361
24.625 81.125 1.054
24.625 81.375 1.67
24.625 81.625 1.6226
24.625 81.875 1.6025
24.625 82.125 1.1069
24.625 82.375 1.3099
24.625 82.625 1.5862
24.625 82.875 1.5808
24.625 83.125 1.4948
24.625 83.375 1.0945
24.625 83.625 1.2694
24.625 83.875 1.0098
24.625 84.125 1.7821
24.625 84.375 1.5587
24.625 84.625 0.54374
24.625 84.875 0.99992
24.625 85.125 0.86156
24.625 85.375 1.1188
24.625 85.625 -0.23403
24.625 85.875 0.72364
24.625 86.125 0.51178
24.625 86.375 1.0847
24.625 86.625 1.5001
24.625 86.875 1.1147
24.625 87.125 -0.17093
24.625 87.375 -0.27344
24.625 87.625 0.35488
24.625 87.875 0.45013
24.625 92.375 0.12668
24.625 92.625 0.35633
24.625 92.875 0.090134
24.625 93.125 -0.32191
24.625 93.375 -0.016807
24.625 93.625 -0.44161
24.625 93.875 -0.34999
24.625 94.125 0.12218
24.625 94.375 0.10926
24.875 71.125 -0.26716
24.875 71.375 -0.77066
24.875 71.625 -0.94305
24.875 71.875 -1.229
24.875 72.125 -0.58034
24.875 72.375 -0.43942
24.875 72.625 -0.50359
24.875 72.875 -0.68243
24.875 73.125 -0.70103
24.875 73.375 0.28317
24.875 73.625 0.20012
24.875 73.875 0.55652
24.875 74.125 0.65991
24.875 74.375 0.6536
24.875 74.625 0.93737
24.875 74.875 0.57734
24.875 75.125 0.42345
24.875 75.375 0.40831
24.875 75.625 0.59278
24.875 75.875 1.0415
24.875 76.125 0.80198
24.875 76.375 1.1481
24.875 76.625 1.2788
24.875 76.875 1.2385
24.875 77.125 1.2689
24.875 77.375 1.5468
24.875 77.625 1.2559
24.875 77.875 1.2024
24.875 78.125 1.9197
24.875 78.375 1.3831
24.875 78.625 1.2708
24.875 78.875 2.0522
24.875 79.125 1.9421
24.875 79.375 1.6003
24.875 79.625 1.5063
24.875 79.875 1.5296
24.875 80.125 1.9116
24.875 80.375 2.0472
24.875 80.625 2.1212
24.875 80.875 1.5088
24.875 81.125 1.4531
24.875 81.375 1.4361
24.875 81.625 2.2707
24.875 81.875 2.0838
24.875 82.125 0.8871
24.875 82.375 0.59917
24.875 82.625 2.0875
24.875 82.875 0.76835
24.875 83.125 0.9197
24.875 83.375 0.94482
24.875 83.625 1.2419
24.875 83.875 1.0726
24.875 84.125 1.1583
24.875 84.375 0.35587
24.875 84.625 0.020404
24.875 84.875 0.6921
24.875 85.125 0.9328
24.875 85.375 0.65039
24.875 85.625 1.1513
24.875 85.875 1.0501
24.875 86.125 0.60631
24.875 86.375 1.0282
24.875 86.625 1.2745
24.875 86.875 0.23895
24.875 87.125 0.44025
24.875 87.375 0.19565
24.875 87.625 0.63275
24.875 87.875 0.56464
24.875 88.125 0.35638
24.875 92.625 0.15001
24.875 92.875 0.067189
24.875 93.125 0.88291
24.875 93.375 -0.23098
24.875 93.625 0.11444
24.875 93.875 0.5726
24.875 94.125 0.11336
24.875 94.375 0.32255
25.125 71.125 -0.33085
25.125 71.375 -0.98147
25.125 71.625 -1.3153
25.125 71.875 -1.3193
25.125 72.125 -0.75543
25.125 72.375 0.27645
25.125 72.625 -0.0041369
25.125 72.875 -0.67816
25.125 73.125 -0.58346
25.125 73.375 0.077366
25.125 73.625 0.41627
25.125 73.875 -0.0051833
25.125 74.125 0.26706
25.125 74.375 0.42186
25.125 74.625 0.80486
25.125 74.875 0.96776
25.125 75.125 0.67434
25.125 75.375 1.2266
25.125 75.625 1.0476
25.125 75.875 0.48658
25.125 76.125 0.66298
25.125 76.375 0.92062
25.125 76.625 1.204
25.125 76.875 1.2364
25.125 77.125 1.2511
25.125 77.375 1.2003
25.125 77.625 1.338
25.125 77.875 1.3767
25.125 78.125 2.02
25.125 78.375 1.4935
25.125 78.625 1.338
25.125 78.875 1.6543
25.125 79.125 1.9929
25.125 79.375 2.247
25.125 79.625 1.6687
25.125 79.875 2.2957
25.125 80.125 2.2509
25.125 80.375 2.0182
25.125 80.625 2.1911
25.125 80.875 1.8983
25.125 81.125 0.86327
25.125 81.375 1.4573
25.125 81.625 0.5551
25.125 81.875 1.2614
25.125 82.125 1.283
25.125 82.375 1.7758
25.125 82.625 1.7321
25.125 82.875 1.2363
25.125 83.125 0.75208
25.125 83.375 0.87496
25.125 83.625 1.4273
25.125 83.875 1.2382
25.125 84.125 1.2649
25.125 84.375 0.64093
25.125 84.625 0.37544
25.125 84.875 0.57359
25.125 85.125 1.1162
25.125 85.375 0.56594
25.125 85.625 1.5989
25.125 85.875 1.5072
25.125 86.125 0.9962
25.125 86.375 1.3389
25.125 86.625 1.2021
25.125 86.875 0.73793
25.125 87.125 0.73108
25.125 87.375 0.63633
25.125 87.625 0.60341
25.125 87.875 0.65422
25.125 88.125 0.43245
25.125 88.375 0.33515
25.125 92.375 0.30508
25.125 92.625 0.25901
25.125 92.875 0.23326
25.125 93.125 0.56625
25.125 93.375 0.043246
25.125 93.625 0.092845
25.125 93.875 0.66799
25.125 94.125 0.80444
25.125 94.375 0.86013
25.375 70.875 0.018395
25.375 71.125 -0.46015
25.375 71.375 -0.81161
25.375 71.625 -1.1308
25.375 71.875 -1.4084
25.375 72.125 -0.22824
25.375 72.375 0.30823
25.375 72.625 -0.025244
25.375 72.875 -0.32629
25.375 73.125 -0.19517
25.375 73.375 0.07274
25.375 73.625 0.52336
25.375 73.875 0.25304
25.375 74.125 0.23363
25.375 74.375 0.24523
25.375 74.625 0.58284
25.375 74.875 0.62636
25.375 75.125 0.6485
25.375 75.375 1.2002
25.375 75.625 1.6495
25.375 75.875 1.0068
25.375 76.125 1.0276
25.375 76.375 1.1791
25.375 76.625 1.023
25.375 76.875 1.03
25.375 77.125 1.7225
25.375 77.375 1.5436
25.375 77.625 1.4762
25.375 77.875 1.6194
25.375 78.125 2.0328
25.375 78.375 2.0338
25.375 78.625 1.0278
25.375 78.875 0.57947
25.375 79.125 2.0443
25.375 79.375 2.3329
25.375 79.625 2.2813
25.375 79.875 2.2461
25.375 80.125 2.2106
25.375 80.375 2.4208
25.375 80.625 2.3213
25.375 80.875 0.36664
25.375 81.125 0.57991
25.375 81.375 2.2551
25.375 81.625 2.0203
25.375 81.875 0.50746
25.375 82.125 0.037132
25.375 82.375 0.21178
25.375 82.625 0.46278
25.375 82.875 0.81873
25.375 83.125 0.89436
25.375 83.375 1.7676
25.375 83.625 1.454
25.375 83.875 1.5941
25.375 84.125 1.407
25.375 84.375 1.0488
25.375 84.625 0.95386
25.375 84.875 1.2976
25.375 85.125 0.93456
25.375 85.375 0.23078
25.375 85.625 1.1024
25.375 85.875 1.6461
25.375 86.125 1.4705
25.375 86.375 1.3936
25.375 86.625 1.1294
25.375 86.875 1.0537
25.375 87.125 0.73714
25.375 87.375 0.59601
25.375 87.625 0.79493
25.375 87.875 0.71467
25.375 88.125 0.53049
25.375 88.375 0.27404
25.375 88.625 0.35142
25.375 90.125 0.41472
25.375 90.375 0.65186
25.375 90.625 0.67725
25.375 90.875 0.60852
25.375 91.125 0.6842
25.375 91.375 1.1227
25.375 91.625 0.73013
25.375 91.875 0.6865
25.375 92.125 0.15925
25.375 92.375 0.56885
25.375 92.625 0.37509
25.375 92.875 0.49196
25.375 93.125 0.27191
25.375 93.375 0.16446
25.375 93.625 1.0735
25.375 93.875 0.73198
25.375 94.125 1.0789
25.375 94.375 1.5137
25.625 70.875 0.0018284
25.625 71.125 -0.84618
25.625 71.375 -0.92089
25.625 71.625 -1.0259
25.625 71.875 -0.57643
25.625 72.125 -0.061036
25.625 72.375 -0.028061
25.625 72.625 -0.46434
25.625 72.875 -0.31438
25.625 73.125 -0.20831
25.625 73.375 -0.18784
25.625 73.625 0.19201
25.625 73.875 0.76737
25.625 74.125 0.99543
25.625 74.375 0.35626
25.625 74.625 0.56851
25.625 74.875 1.2983
25.625 75.125 0.68551
25.625 75.375 0.89437
25.625 75.625 1.7308
25.625 75.875 1.2467
25.625 76.125 1.2207
25.625 76.375 1.173
25.625 76.625 0.98007
25.625 76.875 1.1774
25.625 77.125 1.8026
25.625 77.375 1.7352
25.625 77.625 1.448
25.625 77.875 1.2032
25.625 78.125 1.4278
25.625 78.375 1.4736
25.625 78.625 1.394
25.625 78.875 1.154
25.625 79.125 2.3669
25.625 79.375 1.899
25.625 79.625 2.0067
25.625 79.875 1.9316
25.625 80.125 2.0082
25.625 80.375 2.4991
25.625 80.625 0.31667
25.625 80.875 -0.20115
25.625 81.125 2.2698
25.625 81.375 2.0164
25.625 81.625 1.1355
25.625 81.875 1.1877
25.625 82.125 0.0080856
25.625 82.375 1.3003
25.625 82.625 0.46859
25.625 82.875 0.74325
25.625 83.125 1.0376
25.625 83.375 1.6971
25.625 83.625 1.6293
25.625 83.875 1.0995
25.625 84.125 0.4568
25.625 84.375 0.41293
25.625 84.625 1.3083
25.625 84.875 0.81985
25.625 85.125 0.64
25.625 85.375 0.64353
25.625 85.625 0.95915
25.625 85.875 0.90867
25.625 86.125 0.93421
25.625 86.375 0.97522
25.625 86.625 0.96049
25.625 86.875 0.91927
25.625 87.125 0.80441
25.625 87.375 0.57162
25.625 87.625 0.6007
25.625 87.875 0.63464
25.625 88.125 0.40123
25.625 90.125 0.77198
25.625 90.375 0.70132
25.625 90.625 0.63932
25.625 90.875 0.9113
25.625 91.125 1.1361
25.625 91.375 1.2676
25.625 91.625 1.1431
25.625 91.875 0.61337
25.625 92.125 0.62605
25.625 92.375 0.94128
25.625 92.625 0.018424
25.625 92.875 0.42389
25.625 93.125 0.10745
25.625 93.375 0.39907
25.625 93.625 0.99495
25.625 93.875 1.4402
25.625 94.125 1.7055
25.625 94.375 1.6802
25.625 94.625 2.0313
25.625 94.875 1.7956
25.875 70.375 0.11046
25.875 70.625 0.040642
25.875 70.875 -0.099883
25.875 71.125 -0.14705
25.875 71.375 -0.91737
25.875 71.625 -0.76829
25.875 71.875 -0.2718
25.875 72.125 -0.081619
25.875 72.375 -0.043221
25.875 72.625 -0.51399
25.875 72.875 -0.45261
25.875 73.125 -0.21641
25.875 73.375 -0.07574
25.875 73.625 0.26464
25.875 73.875 0.51739
25.875 74.125 0.79108
25.875 74.375 0.79001
25.875 74.625 1.1168
25.875 74.875 0.88843
25.875 75.125 0.26292
25.875 75.375 0.047233
25.875 75.625 0.72507
25.875 75.875 1.0294
25.875 76.125 0.92786
25.875 76.375 1.3377
25.875 76.625 1.0693
25.875 76.875 1.2185
25.875 77.125 1.667
25.875 77.375 1.685
25.875 77.625 1.5022
25.875 77.875 1.1501
25.875 78.125 1.6074
25.875 78.375 1.9435
25.875 78.625 1.925
25.875 78.875 1.5798
25.875 79.125 1.9142
25.875 79.375 1.6812
25.875 79.625 1.4681
25.875 79.875 1.9658
25.875 80.125 1.8075
25.875 80.375 1.599
25.875 80.625 0.27851
25.875 80.875 -0.70969
25.875 81.125 -0.54488
25.875 81.375 1.9788
25.875 81.625 1.2997
25.875 81.875 1.4929
25.875 82.125 -0.091853
25.875 82.375 0.926
25.875 82.625 1.0164
25.875 82.875 1.7639
25.875 83.125 0.48847
25.875 83.375 0.37775
25.875 83.625 1.4168
25.875 83.875 0.23041
25.875 84.125 1.4753
25.875 84.375 0.22696
25.875 84.625 1.0199
25.875 84.875 0.081915
25.875 85.125 0.95469
25.875 85.375 0.63756
25.875 85.625 0.82027
25.875 85.875 0.96649
25.875 86.125 0.85241
25.875 86.375 0.95057
25.875 86.625 1.1095
25.875 86.875 0.85156
25.875 87.125 0.55986
25.875 87.375 0.5545
25.875 87.625 0.26981
25.875 87.875 0.61033
25.875 90.125 0.33519
25.875 90.375 0.31839
25.875 90.625 0.58233
25.875 90.875 0.71249
25.875 91.125 1.0353
25.875 91.375 1.2451
25.875 91.625 0.52968
25.875 91.875 0.28459
25.875 92.125 0.46063
25.875 92.375 0.61111
25.875 92.625 0.26507
25.875 92.875 0.33177
25.875 93.125 -0.32949
25.875 93.375 -0.22878
25.875 93.625 0.35771
25.875 93.875 1.631
25.875 94.125 1.6723
25.875 94.375 1.5721
25.875 94.625 1.5564
25.875 94.875 1.4914
26.125 70.375 0.055379
26.125 70.625 -0.22949
26.125 70.875 -0.44143
26.125 71.125 -1.0149
26.125 71.375 -0.80037
26.125 71.625 -0.27351
26.125 71.875 -0.12179
26.125 72.125 0.15684
26.125 72.375 -0.27697
26.125 72.625 -0.49945
26.125 72.875 -0.59209
26.125 73.125 -0.55841
26.125 73.375 -0.23624
26.125 73.625 0.69934
26.125 73.875 0.81257
26.125 74.125 0.23386
26.125 74.375 0.62388
26.125 74.625 0.32744
26.125 74.875 0.66099
26.125 75.125 1.0396
26.125 75.375 0.45161
26.125 75.625 0.47513
26.125 75.875 0.35613
26.125 76.125 0.44633
26.125 76.375 1.1683
26.125 76.625 1.2902
26.125 76.875 1.1126
26.125 77.125 1.5827
26.125 77.375 1.4054
26.125 77.625 1.4488
26.125 77.875 1.2438
26.125 78.125 1.6369
26.125 78.375 2.34
26.125 78.625 2.1776
26.125 78.875 2.1773
26.125 79.125 2.1952
26.125 79.375 1.7938
26.125 79.625 0.86775
26.125 79.875 0.7832
26.125 80.125 1.9037
26.125 80.375 1.6525
26.125 80.625 -0.64655
26.125 80.875 1.8191
26.125 81.125 1.6322
26.125 81.375 -0.0096471
26.125 81.625 1.63
26.125 81.875 1.5137
26.125 82.125 0.83975
26.125 82.375 0.31933
26.125 82.625 1.2632
26.125 82.875 1.5097
26.125 83.125 0.41309
26.125 83.375 -0.09047
26.125 83.625 -0.19663
26.125 83.875 1.012
26.125 84.125 1.3554
26.125 84.375 0.41694
26.125 84.625 0.77276
26.125 84.875 0.11304
26.125 85.125 1.4211
26.125 85.375 -0.054761
26.125 85.625 1.0907
26.125 85.875 1.6315
26.125 86.125 0.922
26.125 86.375 0.55642
26.125 86.625 0.68937
26.125 86.875 0.80351
26.125 87.125 0.683
26.125 87.375 0.61325
26.125 87.625 0.6803
26.125 87.875 0.64995
26.125 88.125 0.49786
26.125 89.375 0.3798
26.125 89.875 0.29863
26.125 90.125 0.30961
26.125 90.375 0.27603
26.125 90.625 -0.2021
26.125 90.875 -0.038745
26.125 91.125 0.22567
26.125 91.375 0.60036
26.125 91.625 -0.060678
26.125 91.875 -0.019819
26.125 92.125 0.41669
26.125 92.375 0.93939
26.125 92.625 1.0136
26.125 92.875 0.17251
26.125 93.125 -0.32894
26.125 93.375 0.24575
26.125 93.625 1.1179
26.125 93.875 1.7071
26.125 94.125 1.7272
26.125 94.375 1.5364
26.125 94.625 1.3676
26.125 94.875 1.2792
26.375 70.375 -0.56838
26.375 70.625 -0.50768
26.375 70.875 -0.35077
26.375 71.125 -0.62558
26.375 71.375 -0.89278
26.375 71.625 -0.31069
26.375 71.875 -0.066616
26.375 72.125 0.075991
26.375 72.375 -0.3069
26.375 72.625 -0.80274
26.375 72.875 -0.27917
26.375 73.125 -0.9329
26.375 73.375 -0.65139
26.375 73.625 0.4721
26.375 73.875 0.76533
26.375 74.125 0.34111
26.375 74.375 1.2046
26.375 74.625 -1.1766
26.375 74.875 0.022412
26.375 75.125 0.59485
26.375 75.375 0.85012
26.375 75.625 0.52295
26.375 75.875 0.77197
26.375 76.125 1.0203
26.375 76.375 1.0325
26.375 76.625 1.2599
26.375 76.875 1.2086
26.375 77.125 1.42
26.375 77.375 1.6893
26.375 77.625 1.4724
26.375 77.875 0.96082
26.375 78.125 1.5236
26.375 78.375 1.4749
26.375 78.625 1.9845
26.375 78.875 2.2073
26.375 79.125 2.2792
26.375 79.375 0.086362
26.375 79.625 -0.19824
26.375 79.875 1.9686
26.375 80.125 1.9627
26.375 80.375 1.4944
26.375 80.625 0.95829
26.375 80.875 1.5777
26.375 81.125 0.87158
26.375 81.375 -1.085
26.375 81.625 -0.89025
26.375 81.875 0.35127
26.375 82.125 0.61472
26.375 82.375 1.2358
26.375 82.625 0.86486
26.375 82.875 1.3985
26.375 83.125 1.0403
26.375 83.375 0.038318
26.375 83.625 0.76743
26.375 83.875 1.0486
26.375 84.125 1.2088
26.375 84.375 0.97156
26.375 84.625 0.59873
26.375 84.875 0.08499
26.375 85.125 0.52415
26.375 85.375 0.3669
26.375 85.625 0.39797
26.375 85.875 1.0424
26.375 86.125 0.93218
26.375 86.375 0.19682
26.375 86.625 0.44801
26.375 86.875 0.68906
26.375 87.125 0.65025
26.375 87.625 0.55142
26.375 87.875 0.50755
26.375 88.125 0.39607
26.375 88.375 0.41858
26.375 88.875 0.35984
26.375 89.375 0.31889
26.375 89.625 0.27747
26.375 89.875 0.21699
26.375 90.125 0.22314
26.375 90.375 0.30048
26.375 90.625 0.25118
26.375 90.875 -0.031036
26.375 91.125 -0.15349
26.375 91.375 0.21988
26.375 91.625 -0.025835
26.375 91.875 0.071056
26.375 92.125 0.57798
26.375 92.375 0.69885
26.375 92.625 0.66797
26.375 92.875 0.74908
26.375 93.125 0.11875
26.375 93.375 0.29438
26.375 93.625 1.0191
26.375 93.875 1.4855
26.375 94.125 1.4995
26.375 94.375 1.2899
26.375 94.625 1.1978
26.375 94.875 0.79123
26.625 69.875 -0.52626
26.625 70.125 -0.37425
26.625 70.375 -0.51905
26.625 70.625 -0.40602
26.625 70.875 -0.40829
26.625 71.125 -0.42417
26.625 71.375 -0.35523
26.625 71.625 -0.57487
26.625 71.875 -0.60016
26.625 72.125 -0.29443
26.625 72.375 -0.67615
26.625 72.625 -0.78802
26.625 72.875 -0.88227
26.625 73.125 -0.30122
26.625 73.375 -0.58895
26.625 73.625 0.32036
26.625 73.875 0.5571
26.625 74.125 0.28753
26.625 74.375 0.80154
26.625 74.625 0.14127
26.625 74.875 0.26479
26.625 75.125 0.22244
26.625 75.375 0.99381
26.625 75.625 0.95004
26.625 75.875 0.67312
26.625 76.125 1.3115
26.625 76.375 1.2175
26.625 76.625 0.8201
26.625 76.875 1.1971
26.625 77.125 1.6683
26.625 77.375 1.7815
26.625 77.625 1.6271
26.625 77.875 0.41349
26.625 78.125 1.3818
26.625 78.375 2.037
26.625 78.625 2.1525
26.625 78.875 1.7997
26.625 79.125 0.30964
26.625 79.375 1.6566
26.625 79.625 2.1182
26.625 79.875 1.743
26.625 80.125 0.37244
26.625 80.375 1.9549
26.625 80.625 1.564
26.625 80.875 1.5912
26.625 81.125 1.5997
26.625 81.375 1.0544
26.625 81.625 0.83044
26.625 81.875 1.7953
26.625 82.125 1.171
26.625 82.375 1.9145
26.625 82.625 -0.62811
26.625 82.875 1.3926
26.625 83.125 1.3871
26.625 83.375 0.021617
26.625 83.625 -0.066904
26.625 83.875 0.35463
26.625 84.125 1.5076
26.625 84.375 1.0455
26.625 84.625 0.80272
26.625 84.875 0.089865
26.625 85.125 0.82334
26.625 85.375 0.37524
26.625 85.625 0.27343
26.625 86.125 0.85005
26.625 88.375 0.21191
26.625 88.625 0.5664
26.625 88.875 0.45674
26.625 89.125 0.45299
26.625 89.375 0.41336
26.625 89.625 0.53675
26.625 89.875 0.27036
26.625 90.125 0.098415
26.625 90.375 -0.076144
26.625 90.625 0.091486
26.625 90.875 -0.096293
26.625 91.125 0.14875
26.625 91.375 0.68882
26.625 91.625 -0.35874
26.625 91.875 0.17472
26.625 92.125 0.99387
26.625 92.375 0.3672
26.625 92.625 0.34482
26.625 92.875 0.50002
26.625 93.125 0.62971
26.625 93.375 0.182
26.625 93.625 0.68433
26.625 93.875 0.98614
26.625 94.125 0.29858
26.625 94.375 0.31811
26.625 94.625 0.62297
26.625 94.875 0.79154
26.625 95.125 1.1374
26.875 69.625 -0.41642
26.875 69.875 -0.42953
26.875 70.125 -0.35873
26.875 70.375 -0.35923
26.875 70.625 -0.3962
26.875 70.875 -0.52129
26.875 71.125 -0.43091
26.875 71.375 -0.30983
26.875 71.625 0.1146
26.875 71.875 -0.025112
26.875 72.125 0.4488
26.875 72.375 0.37147
26.875 72.625 0.17074
26.875 72.875 0.73444
26.875 73.125 0.70859
26.875 73.375 0.665
26.875 73.625 0.85704
26.875 73.875 0.75162
26.875 74.125 0.35682
26.875 74.375 0.93139
26.875 74.625 0.93168
26.875 74.875 0.95252
26.875 75.125 0.47066
26.875 75.375 0.68883
26.875 75.625 0.3242
26.875 75.875 0.78815
26.875 76.125 1.4793
26.875 76.375 1.2958
26.875 76.625 0.88645
26.875 76.875 1.3776
26.875 77.125 1.5143
26.875 77.375 1.119
26.875 77.625 1.4642
26.875 77.875 1.3102
26.875 78.125 1.2804
26.875 78.375 1.7216
26.875 78.625 1.903
26.875 78.875 1.9249
26.875 79.125 2.3815
26.875 79.375 2.4658
26.875 79.625 2.1076
26.875 79.875 2.2217
26.875 80.125 1.3904
26.875 80.375 1.8921
26.875 80.625 1.913
26.875 80.875 1.7139
26.875 81.125 1.612
26.875 81.375 1.5157
26.875 81.625 0.76588
26.875 81.875 1.5015
26.875 82.125 1.6743
26.875 82.375 0.23143
26.875 82.625 0.46461
26.875 82.875 1.1639
26.875 83.125 1.1476
26.875 83.375 -0.11821
26.875 83.625 -0.45699
26.875 83.875 0.39021
26.875 84.125 1.369
26.875 84.375 1.1256
26.875 84.625 1.0655
26.875 84.875 0.80682
26.875 88.375 0.60213
26.875 88.625 0.55743
26.875 88.875 0.64073
26.875 92.375 0.46247
26.875 92.625 0.49929
26.875 92.875 0.57469
26.875 93.125 0.50132
26.875 93.375 0.03437
26.875 93.625 -0.034539
26.875 93.875 -0.2656
26.875 94.125 -0.27294
26.875 94.375 0.69271
26.875 94.625 0.71501
26.875 94.875 0.53058
26.875 95.125 0.5193
26.875 95.375 0.89769
26.875 95.625 0.62124
27.125 69.875 -0.27898
27.125 70.125 -0.18339
27.125 70.375 -0.0885
27.125 70.625 -0.66701
27.125 70.875 -1.7968
27.125 71.125 -0.15918
27.125 71.375 -0.444
27.125 71.625 -0.33678
27.125 71.875 0.177
27.125 72.125 0.10187
27.125 72.375 0.091235
27.125 72.625 0.10959
27.125 72.875 0.66585
27.125 73.125 0.876
27.125 73.375 0.76193
27.125 73.625 0.84579
27.125 73.875 1.0345
27.125 74.125 0.91174
27.125 74.375 0.57985
27.125 74.625 0.92293
27.125 74.875 0.40785
27.125 75.125 0.38416
27.125 75.375 0.57842
27.125 75.625 1.3161
27.125 75.875 1.1022
27.125 76.125 1.0466
27.125 76.375 1.2858
27.125 76.625 1.3548
27.125 76.875 1.549
27.125 77.125 1.4362
27.125 77.375 0.92949
27.125 77.625 1.5019
27.125 77.875 0.80595
27.125 78.125 1.8879
27.125 78.375 1.5115
27.125 78.625 0.053793
27.125 78.875 1.2554
27.125 79.125 2.062
27.125 79.375 1.3473
27.125 79.625 1.8951
27.125 79.875 2.1553
27.125 80.125 1.9543
27.125 80.375 1.8646
27.125 80.625 1.4257
27.125 80.875 0.36153
27.125 81.125 1.6533
27.125 81.375 1.6699
27.125 81.625 1.527
27.125 81.875 1.5364
27.125 82.125 1.5195
27.125 82.375 0.57004
27.125 82.625 1.4897
27.125 82.875 1.4553
27.125 83.125 1.0994
27.125 83.375 1.4428
27.125 83.625 1.4251
27.125 83.875 1.1582
27.125 84.125 0.57962
27.125 84.375 1.0476
27.125 84.625 0.98122
27.125 88.125 0.97919
27.125 88.375 0.82644
27.125 88.625 0.75591
27.125 92.125 0.038759
27.125 92.375 0.81141
27.125 92.625 0.76572
27.125 92.875 0.5749
27.125 93.125 -0.15738
27.125 93.375 0.14596
27.125 93.625 0.20983
27.125 93.875 0.66458
27.125 94.125 0.4005
27.125 94.375 0.33772
27.125 94.625 0.46457
27.125 94.875 0.49147
27.125 95.125 0.74781
27.125 95.375 0.93106
27.125 95.625 0.70616
27.125 95.875 0.15828
27.375 70.125 -0.10562
27.375 70.375 -0.1178
27.375 70.625 -1.2408
27.375 70.875 -0.44971
27.375 71.125 -0.24003
27.375 71.375 -0.38532
27.375 71.625 -0.49985
27.375 71.875 0.047983
27.375 72.125 -0.30336
27.375 72.375 0.019795
27.375 72.625 -0.18316
27.375 72.875 0.11297
27.375 73.125 0.53658
27.375 73.375 0.56293
27.375 73.625 0.74398
27.375 73.875 0.68106
27.375 74.125 0.70671
27.375 74.375 0.41906
27.375 74.625 0.74511
27.375 74.875 0.76418
27.375 75.125 0.63624
27.375 75.375 0.26742
27.375 75.625 1.2357
27.375 75.875 1.275
27.375 76.125 0.7002
27.375 76.375 0.87076
27.375 76.625 0.93969
27.375 76.875 1.4469
27.375 77.125 1.156
27.375 77.375 -0.6659
27.375 77.625 0.57433
27.375 77.875 1.3243
27.375 78.125 1.6861
27.375 78.375 0.94759
27.375 78.625 1.6079
27.375 78.875 2.2404
27.375 79.125 2.2177
27.375 79.375 0.44479
27.375 79.625 0.48644
27.375 79.875 2.3151
27.375 80.125 1.3812
27.375 80.375 1.1257
27.375 80.625 0.13571
27.375 80.875 -0.34083
27.375 81.125 1.5312
27.375 81.375 1.5356
27.375 81.625 0.55188
27.375 81.875 1.3721
27.375 82.125 1.555
27.375 82.375 1.2134
27.375 82.625 1.557
27.375 82.875 1.1511
27.375 83.125 1.1058
27.375 83.625 1.3312
27.375 84.125 1.0929
27.375 84.375 1.6599
27.375 88.125 1.0572
27.375 88.375 0.82865
27.375 88.625 0.72963
27.375 92.125 -0.61316
27.375 92.375 1.0457
27.375 92.625 -0.23442
27.375 92.875 0.53128
27.375 93.125 -2.881
27.375 93.375 -1.7565
27.375 93.625 0.90562
27.375 93.875 0.97277
27.375 94.125 0.91564
27.375 94.375 0.68759
27.375 94.625 0.59458
27.375 94.875 0.35321
27.375 95.125 0.59853
27.375 95.375 0.61679
27.375 95.625 -0.080781
27.375 95.875 -0.22038
27.375 96.125 -0.8219
27.375 96.375 -0.63903
27.375 96.625 -0.2842
27.375 96.875 -0.49723
27.625 70.125 -0.087277
27.625 70.375 -0.15387
27.625 70.625 -0.22055
27.625 70.875 -0.29823
27.625 71.125 -0.44236
27.625 71.375 -0.40158
27.625 71.625 -0.38213
27.625 71.875 0.046275
27.625 72.125 0.21577
27.625 72.375 0.10667
27.625 72.625 -0.05106
27.625 72.875 0.031685
27.625 73.125 -0.11373
27.625 73.375 0.33101
27.625 73.625 1.4349
27.625 73.875 0.85617
27.625 74.125 1.0814
27.625 74.375 0.85777
27.625 74.625 0.95507
27.625 74.875 0.88536
27.625 75.125 0.34922
27.625 75.375 0.817
27.625 75.625 1.1222
27.625 75.875 0.52273
27.625 76.125 0.48254
27.625 76.375 0.68835
27.625 76.625 1.63
27.625 76.875 1.7449
27.625 77.125 -0.20992
27.625 77.375 -0.42517
27.625 77.625 -0.92182
27.625 77.875 0.60317
27.625 78.125 1.9654
27.625 78.375 1.7581
27.625 78.625 0.46819
27.625 78.875 2.1506
27.625 79.125 1.908
27.625 79.375 0.56018
27.625 79.625 0.84799
27.625 79.875 2.4389
27.625 80.125 2.4278
27.625 80.375 1.2483
27.625 80.625 0.75697
27.625 80.875 1.0166
27.625 81.125 1.7196
27.625 81.375 1.9303
27.625 81.625 1.5457
27.625 81.875 1.4324
27.625 82.125 1.4044
27.625 82.375 1.3196
27.625 82.625 1.4921
27.625 88.375 0.79067
27.625 88.625 0.73431
27.625 91.625 -0.087902
27.625 91.875 -0.90793
27.625 92.125 0.36777
27.625 92.375 0.86851
27.625 92.625 1.1593
27.625 92.875 0.56347
27.625 93.125 -0.64104
27.625 93.375 -0.24928
27.625 93.625 0.32053
27.625 93.875 -0.78695
27.625 94.125 0.11603
27.625 94.375 0.59659
27.625 94.625 0.42046
27.625 94.875 -0.18644
27.625 95.125 -0.21179
27.625 95.375 -0.092417
27.625 95.625 -0.48185
27.625 95.875 -0.64317
27.625 96.125 -1.7587
27.625 96.375 -0.93419
27.625 96.625 -0.96796
27.625 96.875 -0.90355
27.875 70.375 -0.081886
27.875 71.875 -0.17415
27.875 72.125 -0.08283
27.875 72.375 -0.28125
27.875 72.625 0.13906
27.875 72.875 -0.12622
27.875 73.125 0.049523
27.875 73.375 0.62602
27.875 73.625 1.8837
27.875 73.875 1.7694
27.875 74.125 0.92066
27.875 74.375 0.79855
27.875 74.625 0.84214
27.875 74.875 0.55367
27.875 75.125 0.5069
27.875 75.375 0.923
27.875 75.625 0.84758
27.875 75.875 -0.25074
27.875 76.125 -0.084126
27.875 76.375 1.121
27.875 76.625 0.80884
27.875 76.875 0.97453
27.875 77.125 1.111
27.875 77.375 -0.063835
27.875 77.625 -1.2755
27.875 77.875 0.80734
27.875 78.125 1.8356
27.875 78.375 2.0351
27.875 78.625 1.8825
27.875 78.875 1.7072
27.875 79.125 0.85448
27.875 79.375 1.9463
27.875 79.625 1.8516
27.875 79.875 2.0762
27.875 80.125 2.304
27.875 80.375 1.977
27.875 80.625 0.97456
27.875 80.875 0.77289
27.875 81.125 1.9564
27.875 81.375 1.8675
27.875 81.625 1.8269
27.875 88.375 0.89641
27.875 88.625 0.77362
27.875 92.875 0.59636
27.875 93.125 -0.42394
27.875 93.375 -2.6014
27.875 93.625 -1.1464
27.875 93.875 -3.7238
27.875 94.125 -1.128
27.875 94.375 0.21077
27.875 94.625 0.3108
27.875 94.875 0.57288
27.875 95.125 0.53273
27.875 95.375 -0.8792
27.875 95.625 -0.88117
27.875 95.875 -2.1083
27.875 96.125 -1.2985
27.875 96.375 -1.6173
27.875 96.625 -1.178
27.875 96.875 -0.55971
27.875 97.125 -0.6753
28.125 72.125 -0.58436
28.125 72.375 -0.37623
28.125 72.625 -0.070061
28.125 72.875 0.64962
28.125 73.125 1.4984
28.125 73.375 1.5172
28.125 73.625 1.5039
28.125 73.875 0.89364
28.125 74.125 0.27652
28.125 74.375 0.37076
28.125 74.625 0.8528
28.125 74.875 0.92151
28.125 75.125 0.58745
28.125 75.375 0.82106
28.125 75.625 0.91824
28.125 75.875 0.28113
28.125 76.125 0.43796
28.125 76.375 0.66276
28.125 76.625 1.5487
28.125 76.875 1.9516
28.125 77.125 1.119
28.125 77.375 1.0412
28.125 77.625 0.71519
28.125 77.875 1.4142
28.125 78.125 1.8149
28.125 78.375 2.0184
28.125 78.625 1.7049
28.125 78.875 2.1119
28.125 79.125 1.9766
28.125 79.375 1.6498
28.125 79.625 1.8659
28.125 79.875 1.776
28.125 80.125 2.0509
28.125 80.375 1.8677
28.125 80.625 1.838
28.125 80.875 1.7033
28.125 81.125 1.3897
28.125 81.375 1.8783
28.125 92.875 0.62725
28.125 93.125 -0.39773
28.125 93.375 -1.062
28.125 93.625 -1.357
28.125 93.875 -3.177
28.125 94.125 -1.0236
28.125 94.375 0.027425
28.125 94.625 -0.3497
28.125 94.875 0.50176
28.125 95.125 0.34071
28.125 95.375 -0.2245
28.125 95.625 -1.1657
28.125 95.875 -2.1555
28.125 96.125 -1.3955
28.125 96.375 -1.0192
28.125 96.625 -0.76242
28.125 96.875 -0.61118
28.125 97.125 -0.16915
28.375 72.375 -0.67469
28.375 72.625 -0.79339
28.375 72.875 -0.36841
28.375 73.125 0.77626
28.375 73.375 0.33874
28.375 73.625 0.16582
28.375 73.875 0.30859
28.375 74.125 0.19944
28.375 74.375 0.16492
28.375 74.625 0.62173
28.375 74.875 0.33871
28.375 75.125 0.32203
28.375 75.375 0.93744
28.375 75.625 0.99474
28.375 75.875 1.2796
28.375 76.125 0.44608
28.375 76.375 0.68587
28.375 76.625 0.73152
28.375 76.875 1.4457
28.375 77.125 0.77571
28.375 77.375 0.36322
28.375 77.625 0.80486
28.375 77.875 1.2498
28.375 78.125 2.0841
28.375 78.375 1.8391
28.375 78.625 1.5761
28.375 78.875 0.82796
28.375 79.125 1.7682
28.375 79.375 1.7312
28.375 79.625 0.86809
28.375 79.875 1.446
28.375 80.125 1.6543
28.375 80.375 1.6568
28.375 80.625 1.6375
28.375 80.875 1.7085
28.375 81.125 1.7554
28.375 93.375 -0.59613
28.375 93.625 -0.26264
28.375 93.875 0.6843
28.375 94.125 0.5991
28.375 94.375 0.60305
28.375 94.625 0.63425
28.375 94.875 0.53873
28.375 95.125 0.45015
28.375 95.375 0.41441
28.375 95.625 0.10339
28.375 95.875 -0.48372
28.375 96.125 -2.805
28.375 96.625 -0.7594
28.625 72.375 -0.37707
28.625 72.625 -0.32791
28.625 72.875 -0.29795
28.625 73.125 0.14109
28.625 73.375 0.6016
28.625 73.625 0.37385
28.625 73.875 -0.10753
28.625 74.125 -0.19292
28.625 74.375 0.034789
28.625 74.625 0.22487
28.625 74.875 0.13778
28.625 75.125 0.24191
28.625 75.375 -0.30156
28.625 75.625 0.053852
28.625 75.875 0.11535
28.625 76.125 -0.18795
28.625 76.375 0.33761
28.625 76.625 0.81691
28.625 76.875 1.0804
28.625 77.125 -0.31791
28.625 77.375 0.52643
28.625 77.625 0.44399
28.625 77.875 0.28355
28.625 78.125 1.9259
28.625 78.375 1.678
28.625 78.625 0.82263
28.625 78.875 1.4514
28.625 79.125 1.4363
28.625 79.375 1.2626
28.625 79.625 1.3014
28.625 79.875 1.3404
28.625 80.125 1.5633
28.625 80.375 2.1531
28.625 80.625 1.6738
28.625 93.625 0.76923
28.625 93.875 0.77361
28.625 94.125 0.85458
28.625 94.375 -2.2597
28.625 94.625 0.69227
28.625 94.875 0.60716
28.625 95.125 0.49948
28.625 95.375 -0.29478
28.625 95.625 -1.685
28.625 95.875 -0.67934
28.625 96.125 -2.8261
28.625 96.375 3.2535
28.875 72.875 -0.56423
28.875 73.125 0.017168
28.875 73.375 0.99101
28.875 73.625 0.7091
28.875 73.875 0.1688
28.875 74.125 -0.39369
28.875 74.375 -0.64433
28.875 74.625 -0.56419
28.875 74.875 -0.051408
28.875 75.125 -0.53813
28.875 75.375 0.061406
28.875 75.625 0.030587
28.875 75.875 0.21902
28.875 76.125 0.44764
28.875 76.375 -0.039235
28.875 76.625 -0.39977
28.875 76.875 0.17397
28.875 77.125 1.5997
28.875 77.375 1.6239
28.875 77.625 1.5524
28.875 77.875 1.8353
28.875 78.125 1.8101
28.875 78.375 1.598
28.875 78.625 0.93021
28.875 78.875 1.1682
28.875 79.125 1.3811
28.875 79.375 1.2707
28.875 79.625 1.3605
28.875 79.875 1.2634
28.875 94.125 0.764
28.875 94.375 0.76349
28.875 94.625 -0.40954
28.875 94.875 0.67509
28.875 95.125 0.72169
28.875 95.375 0.5503
28.875 95.625 -0.092997
28.875 95.875 -0.8658
28.875 96.125 -0.57525
28.875 96.375 3.2676
29.125 73.125 -0.28522
29.125 73.375 1.9442
29.125 73.625 0.47989
29.125 73.875 0.36416
29.125 74.125 0.078839
29.125 74.375 -0.60852
29.125 74.625 -0.53307
29.125 74.875 -0.34651
29.125 75.125 -0.35843
29.125 75.375 0.45044
29.125 75.625 0.40193
29.125 75.875 -0.32613
29.125 76.125 -0.42318
29.125 76.375 -1.2324
29.125 76.625 0.19731
29.125 76.875 -0.092146
29.125 77.125 1.1377
29.125 77.375 1.5909
29.125 77.625 1.6126
29.125 77.875 1.7159
29.125 78.125 1.7175
29.125 78.375 1.6564
29.125 78.625 1.595
29.125 78.875 1.3362
29.125 79.125 1.2309
29.125 79.375 1.3128
29.125 79.625 1.4404
29.125 79.875 1.4962
29.125 80.125 1.6043
29.125 94.375 0.83316
29.125 94.625 0.7617
29.125 94.875 0.74604
29.125 95.625 -0.58876
29.125 95.875 0.025665
29.125 96.125 2.6051
29.375 73.375 0.006624
29.375 73.625 0.28944
29.375 73.875 0.51786
29.375 74.125 0.17323
29.375 74.375 -0.40877
29.375 74.625 -0.42992
29.375 74.875 -0.032985
29.375 75.125 -0.018539
29.375 75.375 -0.43668
29.375 75.625 -0.060552
29.375 75.875 -1.317
29.375 76.125 0.28758
29.375 76.375 -1.0241
29.375 76.625 0.67344
29.375 76.875 -1.4496
29.375 77.125 -0.77686
29.375 77.375 1.3529
29.375 77.625 1.6562
29.375 77.875 1.6611
29.375 78.125 1.5021
29.375 78.375 1.5709
29.375 78.625 1.075
29.375 78.875 1.0791
29.375 79.125 1.3554
29.375 79.375 2.0241
29.375 79.625 0.80586
29.375 79.875 1.5003
29.375 80.125 1.2798
29.375 96.125 2.6218
29.625 73.375 0.26955
29.625 73.625 0.45646
29.625 73.875 0.33969
29.625 74.125 0.20625
29.625 74.375 -0.43524
29.625 74.625 -1.1736
29.625 74.875 -0.73768
29.625 75.125 -0.32638
29.625 75.375 -0.56215
29.625 75.625 1.4382
29.625 75.875 -0.10671
29.625 76.125 -0.64762
29.625 76.375 0.15209
29.625 76.625 0.4847
29.625 76.875 0.21144
29.625 77.125 0.24368
29.625 77.375 0.8188
29.625 77.625 1.2149
29.625 77.875 1.1512
29.625 78.125 1.402
29.625 78.375 1.1386
29.625 78.625 -0.42669
29.625 78.875 0.53846
29.625 79.125 1.5328
29.625 79.375 1.739
29.625 79.625 0.74147
29.625 79.875 1.3582
29.625 80.125 1.2861
29.875 73.625 0.73438
29.875 73.875 -0.029703
29.875 74.125 0.25298
29.875 74.375 -1.412
29.875 74.625 -1.5792
29.875 74.875 -1.4958
29.875 75.125 -0.73569
29.875 75.375 -0.28434
29.875 75.625 0.041448
29.875 75.875 -0.029643
29.875 76.125 0.089908
29.875 76.375 0.19274
29.875 76.625 0.62616
29.875 76.875 -1.0349
29.875 77.125 0.37784
29.875 77.375 0.89398
29.875 77.625 0.99295
29.875 77.875 1.1801
29.875 78.125 0.53419
29.875 78.375 1.3249
29.875 78.625 1.1369
29.875 78.875 1.4014
29.875 79.125 1.0731
29.875 79.375 1.0994
29.875 79.625 1.389
29.875 79.875 1.2296
29.875 80.125 1.2632
29.875 80.375 1.1631
30.125 74.125 -1.1211
30.125 74.375 -1.525
30.125 74.625 -1.2807
30.125 74.875 -1.1678
30.125 75.125 -0.079341
30.125 75.375 0.21697
30.125 75.625 0.019545
30.125 75.875 -0.99977
30.125 76.125 0.2735
30.125 76.375 -0.030392
30.125 76.625 0.082011
30.125 76.875 0.59174
30.125 77.125 0.37686
30.125 77.375 0.13841
30.125 77.625 0.849
30.125 77.875 0.89405
30.125 78.125 1.5574
30.125 78.375 1.9441
30.125 78.625 1.6131
30.125 78.875 1.9126
30.125 79.125 1.8563
30.125 79.375 1.7664
30.125 79.625 1.2401
30.125 79.875 0.97959
30.125 80.125 1.0029
30.125 80.375 1.0831
30.125 80.625 1.1184
30.375 74.125 -1.0629
30.375 74.375 -0.92502
30.375 74.625 -0.34105
30.375 74.875 -0.13265
30.375 75.125 0.34468
30.375 75.375 0.64909
30.375 75.625 0.22491
30.375 75.875 -0.83782
30.375 76.125 -0.70469
30.375 76.375 -0.32019
30.375 76.625 -1.1812
30.375 76.875 -0.22518
30.375 77.125 1.2594
30.375 77.375 1.0902
30.375 77.625 1.2666
30.375 77.875 1.17
30.375 78.125 0.95105
30.375 78.375 0.64321
30.375 78.625 1.6145
30.375 78.875 1.6786
30.375 79.125 1.6782
30.375 79.375 1.424
30.375 79.625 1.2845
30.375 79.875 0.91462
30.375 80.125 1.0649
30.375 80.375 0.75337
30.375 80.625 1.0131
30.625 74.375 -0.47783
30.625 74.625 -0.47779
30.625 74.875 -0.50813
30.625 75.125 -0.038432
30.625 75.375 0.4186
30.625 75.625 0.39157
30.625 75.875 -0.80315
30.625 76.125 -1.0924
30.625 76.375 -1.4139
30.625 76.625 1.1022
30.625 76.875 1.1354
30.625 77.125 1.1427
30.625 77.375 1.2371
30.625 77.625 1.1608
30.625 77.875 1.3633
30.625 78.125 1.5007
30.625 78.375 0.6251
30.625 78.625 1.285
30.625 78.875 1.5795
30.625 79.125 1.7156
30.625 79.375 1.1115
30.625 79.625 1.5595
30.625 79.875 1.4662
30.625 80.125 0.78547
30.875 74.625 -0.8912
30.875 74.875 -0.19357
30.875 75.125 0.76701
30.875 75.375 -0.65163
30.875 75.625 0.204
30.875 75.875 -0.68925
30.875 76.125 -0.36315
30.875 76.375 0.37035
30.875 76.625 1.345
30.875 76.875 0.66674
30.875 77.125 1.445
30.875 77.375 0.6865
30.875 77.625 1.6046
30.875 77.875 1.3608
30.875 78.125 1.2057
30.875 78.375 0.90689
30.875 78.625 1.082
30.875 78.875 1.4895
30.875 79.125 0.57295
30.875 79.375 1.0035
30.875 79.625 0.65222
30.875 79.875 1.3904
31.125 74.875 -0.79793
31.125 75.125 0.50277
31.125 75.375 -1.1755
31.125 75.625 -1.1157
31.125 75.875 0.17802
31.125 76.125 1.1325
31.125 76.375 0.52352
31.125 76.625 0.51376
31.125 76.875 1.0763
31.125 77.125 1.4189
31.125 77.375 1.1665
31.125 77.625 1.4709
31.125 77.875 1.1922
31.125 78.125 0.078527
31.125 78.375 0.40229
31.125 78.625 0.35963
31.125 78.875 1.1525
31.125 79.125 1.3573
31.375 74.875 -1.1069
31.375 75.125 -0.46489
31.375 75.375 -1.3268
31.375 75.625 0.04979
31.375 75.875 0.83029
31.375 76.125 0.40211
31.375 76.375 0.50289
31.375 76.625 0.5514
31.375 76.875 1.0242
31.375 77.125 1.4633
31.375 77.375 1.802
31.375 77.625 2.0152
31.375 77.875 0.59326
31.375 78.125 -0.22839
31.375 78.375 -0.22022
31.375 78.625 0.1617
31.625 74.875 -0.06987
31.625 75.125 0.63799
31.625 75.375 0.54995
31.625 75.625 0.80548
31.625 75.875 0.94124
31.625 76.125 0.51428
31.625 76.375 1.0627
31.625 76.625 0.88422
31.625 76.875 -1.8776
31.625 77.125 -0.37463
31.625 77.375 1.9285
31.625 77.625 1.7506
31.625 77.875 1.0069
31.625 78.125 -0.0013536
31.625 78.375 -0.75201
31.625 78.625 -0.084506
31.875 74.875 0.92468
31.875 75.125 0.85809
31.875 75.375 -0.72597
31.875 75.625 0.80808
31.875 75.875 0.75134
31.875 76.125 0.75257
31.875 76.375 0.62887
31.875 76.625 0.83281
31.875 76.875 0.36612
31.875 77.125 0.56331
31.875 77.375 1.1429
31.875 77.625 1.185
31.875 77.875 0.033201
31.875 78.125 0.072859
31.875 78.375 -0.17081
31.875 78.625 -0.32096
32.125 75.375 0.9964
32.125 75.625 0.83563
32.125 75.875 0.78877
32.125 76.125 0.96237
32.125 76.375 0.62703
32.125 76.625 0.30719
32.125 76.875 -0.011576
32.125 77.125 0.66552
32.125 77.375 -0.018373
32.125 77.625 0.2985
32.125 77.875 0.03674
32.125 78.125 -0.33347
32.125 78.375 -0.33822
32.375 75.375 0.92436
32.375 75.625 0.87624
32.375 75.875 0.83438
32.375 76.125 0.16583
32.375 76.375 0.23276
32.375 76.625 -0.75374
32.375 76.875 -0.57273
32.375 77.125 0.30556
32.375 77.375 -0.015792
32.375 77.625 -0.47949
32.375 77.875 -0.35849
32.375 78.125 -0.59517
32.375 78.375 -0.50131
32.625 74.875 0.60008
32.625 75.125 -0.05389
32.625 75.375 0.13797
32.625 75.625 0.38797
32.625 75.875 0.42815
32.625 76.125 0.52712
32.625 76.375 -0.31037
32.625 76.625 -1.0005
32.625 76.875 -0.52341
32.625 77.125 0.032703
32.625 77.375 -0.25388
32.625 77.625 -0.40381
32.625 77.875 -0.2753
32.625 78.125 -0.78084
32.625 78.375 -0.57696
32.625 78.625 -0.71355
32.625 78.875 -0.73043
32.625 79.125 -0.77313
32.625 79.375 -0.46232
32.875 74.375 0.67583
32.875 74.625 0.52263
32.875 74.875 0.26043
32.875 75.125 -0.12924
32.875 75.375 -0.42606
32.875 75.625 -0.28134
32.875 75.875 -0.13919
32.875 76.125 0.13801
32.875 76.375 0.38763
32.875 76.625 -0.22776
32.875 76.875 -0.47219
32.875 77.125 -0.53826
32.875 77.375 -0.44485
32.875 77.625 -0.5685
32.875 77.875 -0.55984
32.875 78.125 0.061219
32.875 78.375 -0.59466
32.875 78.625 -0.75125
32.875 78.875 -0.69932
32.875 79.125 -0.73256
32.875 79.375 -0.66736
33.125 73.875 0.4777
33.125 74.125 0.42394
33.125 74.375 0.73019
33.125 74.625 0.82132
33.125 74.875 0.45811
33.125 75.125 -0.38326
33.125 75.375 -0.75342
33.125 75.625 -1.0297
33.125 75.875 -0.57185
33.125 76.125 -0.12025
33.125 76.375 -0.85594
33.125 76.625 -0.55901
33.125 76.875 -0.5369
33.125 77.125 -1.1764
33.125 77.375 -0.84897
33.125 77.625 -0.69225
33.125 77.875 -0.63241
33.125 78.125 -0.47454
33.125 78.375 -0.573
33.125 78.625 -0.70023
33.125 78.875 -0.77579
33.125 79.125 -0.78427
33.375 73.875 0.36675
33.375 74.125 0.48226
33.375 74.375 0.099
33.375 74.625 -0.54732
33.375 74.875 -0.73319
33.375 75.125 -0.8738
33.375 75.375 -0.30097
33.375 75.625 -2.6124
33.375 75.875 -0.64946
33.375 76.125 -0.36609
33.375 76.375 -0.39157
33.375 76.625 -0.65167
33.375 76.875 -0.90103
33.375 77.125 -0.83818
33.375 77.375 -0.89824
33.375 77.625 -0.93559
33.375 77.875 -0.94241
33.375 78.125 -0.81602
33.375 78.375 -0.80727
33.375 78.625 -0.80641
33.375 78.875 -0.86486
33.625 73.875 0.61421
33.625 74.125 0.40252
33.625 74.375 -0.96686
33.625 74.625 -0.91833
33.625 74.875 -0.59768
33.625 75.125 -0.64895
33.625 75.375 -0.6497
33.625 75.625 -0.67446
33.625 75.875 -0.77623
33.625 76.125 -1.0849
33.625 76.375 -0.39078
33.625 76.625 -1.0802
33.625 76.875 -0.81667
33.625 77.125 -0.85741
33.625 77.375 -0.8598
33.625 77.625 -0.8341
33.625 77.875 -1.3583
33.625 78.125 -0.88714
33.625 78.375 -0.89049
33.625 78.625 -0.74179
33.625 78.875 -0.87386
33.875 73.875 0.056774
33.875 74.125 -0.34255
33.875 74.375 -1.0305
33.875 74.625 -0.41786
33.875 74.875 -0.46666
33.875 75.125 -0.081963
33.875 75.375 -0.31471
33.875 75.625 -1.0571
33.875 75.875 -0.90243
33.875 76.125 -1.2062
33.875 76.375 -1.0943
33.875 76.625 -1.0546
33.875 76.875 -1.0195
33.875 77.125 -1.0467
33.875 77.375 -0.97496
33.875 77.625 -0.89292
33.875 77.875 -0.87644
33.875 78.125 -0.92054
33.875 78.375 -0.93102
33.875 78.625 -0.88574
33.875 78.875 -0.8574
34.125 73.625 -1.2245
34.125 73.875 -0.96103
34.125 74.125 -0.35355
34.125 74.375 -0.85522
34.125 74.625 -0.82048
34.125 74.875 -1.2102
34.125 75.125 -0.35538
34.125 75.375 -1.0123
34.125 75.625 -1.8063
34.125 75.875 -1.4394
34.125 76.125 -1.4447
34.125 76.375 -1.0222
34.125 76.625 -1.1033
34.125 76.875 -1.0299
34.125 77.125 -1.0604
34.125 77.375 -1.0135
34.125 77.625 -1.0546
34.125 77.875 -0.9189
34.125 78.125 -0.94166
34.125 78.375 -1.4502
34.125 78.625 -0.88407
34.125 78.875 -0.8886
34.125 79.125 -0.83056
34.125 79.375 -0.70144
34.375 73.625 -0.78201
34.375 73.875 -1.2126
34.375 74.125 -1.4707
34.375 74.375 -1.1171
34.375 74.625 -0.97306
34.375 74.875 -0.86637
34.375 75.125 -0.87237
34.375 75.375 -1.5058
34.375 75.625 -2.5639
34.375 75.875 -2.2726
34.375 76.125 -1.3288
34.375 76.375 -0.97109
34.375 76.625 -1.3222
34.375 76.875 -1.93
34.375 77.125 -1.1674
34.375 77.375 -1.0954
34.375 77.625 -1.0591
34.375 77.875 -1.0408
34.375 78.125 -0.87091
34.375 78.375 -0.88789
34.375 78.625 -0.90692
34.375 78.875 -0.92086
34.375 79.125 -0.89072
34.375 79.375 -0.86583
34.625 73.875 -1.4224
34.625 74.125 -1.1179
34.625 74.375 -1.2684
34.625 74.625 -1.0347
34.625 74.875 -1.1814
34.625 75.125 -0.8119
34.625 75.375 -1.6883
34.625 75.625 -1.6484
34.625 75.875 -1.3755
34.625 76.125 -1.1997
34.625 76.375 -0.95996
34.625 76.625 -1.0805
34.625 76.875 -1.2167
34.625 77.125 -1.0597
34.625 77.375 -1.0169
34.625 77.625 -1.4698
34.625 77.875 -2.8589
34.625 78.125 -0.96767
34.625 78.375 -0.97323
34.625 78.625 -0.91508
34.625 78.875 -0.72476
34.625 79.125 -0.73189
34.625 79.375 -0.77694
34.625 79.625 -0.83371
34.875 74.125 -0.97629
34.875 74.375 -0.86087
34.875 74.625 -0.60584
34.875 74.875 -0.54703
34.875 75.125 -1.2213
34.875 75.375 -1.7613
34.875 75.625 -1.5565
34.875 75.875 -1.303
34.875 76.125 -1.193
34.875 76.375 -0.88382
34.875 76.625 -1.078
34.875 76.875 -1.0788
34.875 77.125 -1.0672
34.875 77.375 -1.0026
34.875 77.625 -1.2816
34.875 77.875 -3.0019
34.875 78.125 -1.0124
34.875 78.375 -1.1099
34.875 78.625 -0.99868
34.875 78.875 -0.72984
34.875 79.125 -0.73078
34.875 79.375 -0.71937
34.875 79.625 -0.80777
34.875 79.875 -0.86461
35.125 74.375 -1.0009
35.125 74.625 -1.0742
35.125 74.875 -1.0285
35.125 75.125 -1.6174
35.125 75.375 -2.7916
35.125 75.625 -1.5312
35.125 75.875 -1.1818
35.125 76.125 -1.0916
35.125 76.375 -0.86576
35.125 76.625 -1.029
35.125 76.875 -1.0781
35.125 77.125 -1.0485
35.125 77.375 -1.13
35.125 77.625 -1.2835
35.125 77.875 -1.2751
35.125 78.125 -1.1705
35.125 78.375 -1.217
35.125 78.625 -0.86555
35.125 78.875 -0.83547
35.125 79.125 -0.79444
35.125 79.375 -0.82067
35.125 79.625 -0.86339
35.125 79.875 -0.90564
35.375 73.875 -1.0587
35.375 74.125 -1.4504
35.375 74.375 -1.4076
35.375 74.625 -0.78819
35.375 74.875 -1.1634
35.375 75.125 -1.6074
35.375 75.375 -1.7423
35.375 75.625 -1.5139
35.375 75.875 -2.3323
35.375 76.125 -1.2047
35.375 76.375 -1.0444
35.375 76.625 -1.2061
35.375 76.875 -2.8628
35.375 77.125 -1.2403
35.375 77.375 -2.8207
35.375 77.625 -1.2729
35.375 77.875 -1.2129
35.375 78.125 -1.1619
35.375 78.375 -1.1772
35.375 78.625 -0.88405
35.375 78.875 -0.85567
35.375 79.125 -0.8424
35.375 79.375 -0.86389
35.375 79.625 -0.92446
35.375 79.875 -0.8799
35.375 80.125 -0.99897
35.625 73.375 -0.90588
35.625 73.625 -0.78797
35.625 73.875 -1.1635
35.625 74.125 -1.2062
35.625 74.375 -1.1028
35.625 74.625 -1.1902
35.625 74.875 -0.35148
35.625 75.125 -1.868
35.625 75.375 -1.411
35.625 75.625 -2.0752
35.625 75.875 -1.1968
35.625 76.125 -1.1537
35.625 76.375 -1.3524
35.625 76.625 -3.1209
35.625 76.875 -3.1658
35.625 77.125 -0.79494
35.625 78.375 -0.89118
35.625 78.625 -0.81745
35.625 78.875 -0.92315
35.625 79.125 -0.89298
35.625 79.375 -0.86568
35.625 79.625 -0.90384
35.625 79.875 -0.45053
35.625 80.125 -0.45643
35.875 73.125 0.7989
35.875 73.375 -0.68438
35.875 73.625 -0.97127
35.875 73.875 -1.5668
35.875 74.125 -1.0769
35.875 74.375 -1.3752
35.875 74.625 -0.83067
35.875 74.875 -0.81829
35.875 75.125 -0.73436
35.875 75.375 -1.6717
35.875 75.625 -1.9463
35.875 75.875 -2.2315
35.875 76.125 -1.4109
35.875 76.375 -0.067863
35.875 76.625 -0.11329
35.875 79.375 0.22165
36.125 72.625 0.50984
36.125 72.875 0.23715
36.125 73.125 -0.28932
36.125 73.375 -0.53225
36.125 73.625 -0.49852
36.125 73.875 -0.93806
36.125 74.125 -0.83166
36.125 74.375 -0.97742
36.125 74.625 0.28355
36.125 74.875 -1.4512
36.125 75.125 -1.4216
36.125 75.375 -2.1687
36.125 75.625 -1.3434
36.125 75.875 -0.34379
36.125 76.125 -0.25376
36.125 76.375 -0.0026043
36.125 76.625 -0.042056
36.375 73.125 0.47436
36.375 73.375 0.12515
36.375 73.625 -0.0043059
36.375 73.875 -0.36786
36.375 74.125 -0.96426
36.375 74.375 -0.77596
36.375 74.625 -0.67647
36.375 74.875 -1.2676
36.375 75.125 -1.2284
36.375 75.375 -2.5945
36.375 75.625 -1.623
36.375 75.875 -0.468
36.375 76.125 -0.10816
36.625 73.375 0.13175
36.625 73.625 0.19176
36.625 73.875 -0.76384
36.625 74.125 -0.68386
36.625 74.375 -1.4506
36.625 74.625 -0.83869
36.625 74.875 -1.7353
36.625 75.125 -1.321
36.625 75.375 -1.5208
36.625 75.625 -1.1987
36.875 73.875 0.19322
36.875 74.375 -0.16861
36.875 74.625 -0.99273
36.875 74.875 -1.0495
36.875 75.125 -1.4094
36.875 75.375 -2.312
