8.125 77.375 -0.41898
8.375 77.125 -1.3391
8.375 77.375 -0.5212
8.375 77.625 -0.44408
8.375 77.875 -0.52012
8.625 76.875 -0.77763
8.625 77.125 -0.88474
8.625 77.375 -0.70172
8.625 77.625 -0.92845
8.625 77.875 -0.32899
8.875 76.875 -0.28729
8.875 77.125 -0.61627
8.875 77.375 -0.65111
8.875 77.625 -0.87682
8.875 77.875 -1.0283
9.125 76.625 0.27486
9.125 76.875 -0.3118
9.125 77.125 -0.81948
9.125 77.375 -0.59679
9.125 77.625 -0.53682
9.125 77.875 -0.75312
9.125 78.125 -0.28584
9.125 78.375 -1.1558
9.375 76.625 0.62858
9.375 76.875 0.55506
9.375 77.125 -0.67098
9.375 77.375 -0.19553
9.375 77.625 -0.12661
9.375 77.875 -0.1916
9.375 78.125 -0.12813
9.375 78.375 -0.46309
9.375 78.625 -0.94243
9.375 78.875 -0.78222
9.625 76.375 -0.019131
9.625 76.625 0.6026
9.625 76.875 0.54028
9.625 77.125 -0.12255
9.625 77.375 -0.10003
9.625 77.625 -0.30451
9.625 77.875 0.35096
9.625 78.125 -0.087173
9.625 78.375 -0.52704
9.625 78.625 -0.48046
9.875 76.625 0.59002
9.875 76.875 0.60369
9.875 77.125 -0.17834
9.875 77.375 -0.35446
9.875 77.625 -0.17165
9.875 77.875 -0.22326
9.875 78.125 -0.84544
9.875 78.375 -0.20092
9.875 78.625 -0.67424
9.875 78.875 -1.2694
10.125 76.375 0.25777
10.125 76.625 0.77883
10.125 76.875 1.4656
10.125 77.125 -0.59056
10.125 77.375 -0.80192
10.125 77.625 0.34969
10.125 77.875 0.30653
10.125 78.125 -0.4549
10.125 78.375 0.26104
10.125 78.625 -0.87432
10.125 78.875 -0.87265
10.125 79.125 -0.91517
10.375 76.375 0.19361
10.375 76.625 0.10212
10.375 76.875 0.37324
10.375 77.125 -0.13729
10.375 77.375 -0.26977
10.375 77.625 1.3227
10.375 77.875 -0.68193
10.375 78.125 -0.29098
10.375 78.375 -0.30335
10.375 78.625 -0.84936
10.375 78.875 -0.85793
10.375 79.125 -1.0429
10.375 79.375 -0.70696
10.375 79.625 -1.4302
10.625 76.125 0.35888
10.625 76.375 0.68942
10.625 76.625 0.016855
10.625 76.875 -0.51383
10.625 77.125 -0.59416
10.625 77.375 -0.68654
10.625 77.625 -0.41235
10.625 77.875 -0.45269
10.625 78.125 -0.89077
10.625 78.375 -1.1163
10.625 78.625 -1.0576
10.625 78.875 -1.3171
10.625 79.125 -0.060161
10.625 79.375 -0.66606
10.625 79.625 -0.51966
10.875 76.125 0.55941
10.875 76.375 1.092
10.875 76.625 0.49503
10.875 76.875 -0.86973
10.875 77.125 -0.53835
10.875 77.375 -0.63761
10.875 77.625 -0.81406
10.875 77.875 -1.0145
10.875 78.125 -1.396
10.875 78.375 -0.63662
10.875 78.625 -0.012228
10.875 78.875 -0.33916
10.875 79.125 -1.0347
10.875 79.375 -1.1149
10.875 79.625 -0.55674
11.125 76.125 0.34705
11.125 76.375 0.34046
11.125 76.625 2.799
11.125 76.875 -0.70691
11.125 77.125 -0.12905
11.125 77.375 -0.35577
11.125 77.625 -0.29142
11.125 77.875 0.0069571
11.125 78.125 -1.1408
11.125 78.375 -0.17243
11.125 78.625 0.088416
11.125 78.875 -0.010154
11.125 79.125 -0.27891
11.125 79.375 -0.50596
11.125 79.625 -0.61256
11.375 75.875 0.54155
11.375 76.125 0.66546
11.375 76.375 0.89042
11.375 76.625 0.66511
11.375 76.875 1.3077
11.375 77.125 0.018441
11.375 77.375 -0.84035
11.375 77.625 -0.24517
11.375 77.875 0.61561
11.375 78.125 0.12714
11.375 78.375 -0.52579
11.375 78.625 -0.50588
11.375 78.875 -0.18929
11.375 79.125 -0.27013
11.375 79.375 -0.93006
11.375 79.625 -0.80679
11.625 75.875 0.54614
11.625 76.125 0.91434
11.625 76.375 0.76733
11.625 76.625 1.7061
11.625 76.875 0.32091
11.625 77.125 -0.18618
11.625 77.375 0.14228
11.625 77.625 -0.38199
11.625 77.875 0.0030248
11.625 78.125 -0.088557
11.625 78.375 -0.18221
11.625 78.625 -0.40756
11.625 78.875 -0.29296
11.625 79.125 -0.28137
11.625 79.375 -0.33836
11.625 79.625 -0.8841
11.875 75.625 1.1077
11.875 75.875 0.42139
11.875 76.125 0.10153
11.875 76.375 0.3302
11.875 76.625 1.1064
11.875 76.875 0.19963
11.875 77.125 1.5136
11.875 77.375 0.78492
11.875 77.625 0.45514
11.875 77.875 -0.080638
11.875 78.125 -0.18082
11.875 78.375 0.1191
11.875 78.625 0.029654
11.875 78.875 -0.77263
11.875 79.125 -0.47141
11.875 79.375 -0.81517
11.875 79.625 -0.6674
12.125 75.375 0.32575
12.125 75.625 0.3486
12.125 75.875 1.0403
12.125 76.125 -0.25351
12.125 76.375 -0.20126
12.125 76.625 0.14871
12.125 76.875 0.27932
12.125 77.125 1.2758
12.125 77.375 0.73417
12.125 77.625 0.45675
12.125 77.875 -0.41021
12.125 78.125 0.079485
12.125 78.375 0.81987
12.125 78.625 0.27358
12.125 78.875 -0.4687
12.125 79.125 -0.075197
12.125 79.375 0.34242
12.125 79.625 -0.38289
12.375 75.125 0.48028
12.375 75.375 0.59177
12.375 75.625 0.4012
12.375 75.875 0.46411
12.375 76.125 -0.16143
12.375 76.375 0.10677
12.375 76.625 1.199
12.375 76.875 -0.32403
12.375 77.125 -0.58872
12.375 77.375 0.30673
12.375 77.625 0.4226
12.375 77.875 0.18294
12.375 78.125 0.012112
12.375 78.375 0.16674
12.375 78.625 -0.017159
12.375 78.875 -0.6359
12.375 79.125 -0.35121
12.375 79.375 -0.48284
12.375 79.625 -0.27455
12.375 79.875 -0.89029
12.625 75.125 0.34983
12.625 75.375 0.44873
12.625 75.625 0.1577
12.625 75.875 -0.16526
12.625 76.125 -0.45143
12.625 76.375 0.72491
12.625 76.625 0.97375
12.625 76.875 0.72547
12.625 77.125 0.14233
12.625 77.375 0.42603
12.625 77.625 0.46029
12.625 77.875 -0.31779
12.625 78.125 0.4657
12.625 78.375 0.73859
12.625 78.625 0.55592
12.625 78.875 0.15359
12.625 79.125 -0.0005089
12.625 79.375 -0.91772
12.625 79.625 -0.70301
12.625 79.875 -1.7443
12.875 75.125 0.31031
12.875 75.375 0.58722
12.875 75.625 -0.55498
12.875 75.875 -0.33034
12.875 76.125 -0.23566
12.875 76.375 1.7352
12.875 76.625 0.79669
12.875 76.875 0.24132
12.875 77.125 0.54395
12.875 77.375 0.69917
12.875 77.625 0.49168
12.875 77.875 -0.35357
12.875 78.125 -0.46594
12.875 78.375 -0.35845
12.875 78.625 0.03238
12.875 78.875 -1.0345
12.875 79.125 -0.5269
12.875 79.375 -0.27536
12.875 79.625 -0.067362
12.875 79.875 -0.54512
13.125 74.875 0.85144
13.125 75.125 0.29156
13.125 75.375 0.39662
13.125 75.625 0.061723
13.125 75.875 -0.24818
13.125 76.125 0.43924
13.125 76.375 1.2695
13.125 76.625 0.77443
13.125 76.875 0.35623
13.125 77.125 0.53195
13.125 77.375 0.22592
13.125 77.625 0.17243
13.125 77.875 -0.27804
13.125 78.125 -0.27653
13.125 78.375 -0.81622
13.125 78.625 -0.74502
13.125 78.875 -0.32016
13.125 79.125 -0.37556
13.125 79.375 -0.7785
13.125 79.625 -0.15859
13.125 79.875 -0.80017
13.125 80.125 -1.0782
13.375 74.875 1.3598
13.375 75.125 0.57917
13.375 75.375 0.62425
13.375 75.625 0.089335
13.375 75.875 0.41242
13.375 76.125 1.1727
13.375 76.375 0.87476
13.375 76.625 0.84494
13.375 76.875 -0.012128
13.375 77.125 0.51039
13.375 77.375 -0.47935
13.375 77.625 -0.060887
13.375 77.875 -0.29891
13.375 78.125 -0.74844
13.375 78.375 -0.38286
13.375 78.625 -0.74241
13.375 78.875 -0.75325
13.375 79.125 -1.2211
13.375 79.375 -1.323
13.375 79.625 -0.56105
13.375 79.875 -0.66975
13.375 80.125 -1.0864
13.625 74.875 0.55916
13.625 75.125 0.71445
13.625 75.375 0.032235
13.625 75.625 0.033552
13.625 75.875 0.55503
13.625 76.125 0.11458
13.625 76.375 0.084565
13.625 76.625 0.43989
13.625 76.875 -0.54421
13.625 77.125 0.52509
13.625 77.375 -0.56232
13.625 77.625 -0.24939
13.625 77.875 -0.54557
13.625 78.125 -1.2985
13.625 78.375 -0.98172
13.625 78.625 -0.97753
13.625 78.875 -0.99534
13.625 79.125 -1.1491
13.625 79.375 -1.2132
13.625 79.625 -1.3091
13.625 79.875 -0.76561
13.625 80.125 -0.83601
13.875 74.875 0.65135
13.875 75.125 0.64085
13.875 75.375 0.43174
13.875 75.625 0.56682
13.875 75.875 0.96061
13.875 76.125 0.18818
13.875 76.375 0.035056
13.875 76.625 0.72916
13.875 76.875 -0.80172
13.875 77.125 -0.65578
13.875 77.375 -0.35037
13.875 77.625 -0.84901
13.875 77.875 -0.86772
13.875 78.125 -1.1358
13.875 78.375 0.15783
13.875 78.625 -0.68361
13.875 78.875 -1.2427
13.875 79.125 -1.0014
13.875 79.375 -1.0084
13.875 79.625 -1.1856
13.875 79.875 -1.0536
14.125 74.625 0.52486
14.125 74.875 0.53844
14.125 75.125 0.4459
14.125 75.375 0.22658
14.125 75.625 0.13238
14.125 75.875 0.55062
14.125 76.125 1.1853
14.125 76.375 -0.24834
14.125 76.625 -0.22521
14.125 76.875 0.90695
14.125 77.125 -0.43509
14.125 77.375 -0.50172
14.125 77.625 -0.78354
14.125 77.875 -0.46399
14.125 78.125 -0.49923
14.125 78.375 -0.52295
14.125 78.625 -0.83609
14.125 78.875 -1.3149
14.125 79.125 -1.2145
14.125 79.375 -1.3175
14.125 79.625 -0.86878
14.125 79.875 -0.83706
14.375 74.625 0.57795
14.375 74.875 0.62086
14.375 75.125 -0.12096
14.375 75.375 0.07593
14.375 75.625 0.7781
14.375 75.875 0.59386
14.375 76.125 0.75995
14.375 76.375 0.8613
14.375 76.625 0.58745
14.375 76.875 0.51852
14.375 77.125 0.39227
14.375 77.375 -0.092438
14.375 77.625 -0.37573
14.375 77.875 -0.26389
14.375 78.125 -0.08605
14.375 78.375 0.20223
14.375 78.625 -0.10193
14.375 78.875 -1.029
14.375 79.125 -1.2785
14.375 79.375 -1.0684
14.375 79.625 -0.55923
14.375 79.875 -0.79651
14.625 74.375 0.69985
14.625 74.625 -0.073843
14.625 74.875 -0.12208
14.625 75.125 -0.21561
14.625 75.375 0.45439
14.625 75.625 0.049766
14.625 75.875 0.6102
14.625 76.125 0.94404
14.625 76.375 0.1052
14.625 76.625 0.35486
14.625 76.875 1.0953
14.625 77.125 0.59006
14.625 77.375 -0.31527
14.625 77.625 -0.060426
14.625 77.875 0.43136
14.625 78.125 0.35693
14.625 78.375 0.3434
14.625 78.625 -0.94341
14.625 78.875 -0.81937
14.625 79.125 -0.85146
14.625 79.375 -0.8798
14.625 79.625 -1.0549
14.625 79.875 -0.88308
14.875 74.375 0.42521
14.875 74.625 -0.066107
14.875 74.875 -0.2147
14.875 75.125 -0.11688
14.875 75.375 -0.36332
14.875 75.625 0.0056458
14.875 75.875 0.087274
14.875 76.125 0.61767
14.875 76.375 0.15685
14.875 76.625 0.073465
14.875 76.875 1.2031
14.875 77.125 0.87219
14.875 77.375 0.11429
14.875 77.625 0.084503
14.875 77.875 0.10636
14.875 78.125 0.17169
14.875 78.375 0.25342
14.875 78.625 -0.3296
14.875 78.875 -0.66247
14.875 79.125 -0.63719
14.875 79.375 -0.54975
14.875 79.625 -1.2504
14.875 79.875 -1.3535
15.125 74.125 0.34846
15.125 74.375 0.71605
15.125 74.625 0.19054
15.125 74.875 0.21817
15.125 75.125 -0.04089
15.125 75.375 0.35878
15.125 75.625 1.2876
15.125 75.875 1.1813
15.125 76.125 0.43947
15.125 76.375 0.089447
15.125 76.625 -0.26674
15.125 76.875 0.41401
15.125 77.125 0.17247
15.125 77.375 -0.24983
15.125 77.625 0.10116
15.125 77.875 -0.19761
15.125 78.125 -0.33793
15.125 78.375 0.27201
15.125 78.625 0.49792
15.125 78.875 0.12268
15.125 79.125 -0.16729
15.125 79.375 -0.75655
15.125 79.625 -0.84873
15.125 79.875 -1.1598
15.375 73.875 0.39123
15.375 74.125 0.38242
15.375 74.375 0.59629
15.375 74.625 0.036727
15.375 74.875 0.48186
15.375 75.125 0.38652
15.375 75.375 1.1148
15.375 75.625 1.1144
15.375 75.875 0.56106
15.375 76.125 -0.27317
15.375 76.375 -0.23807
15.375 76.625 -0.32215
15.375 76.875 0.17433
15.375 77.125 0.53715
15.375 77.375 -0.13559
15.375 77.625 0.36522
15.375 77.875 -0.49699
15.375 78.125 0.2367
15.375 78.375 0.38255
15.375 78.625 1.0598
15.375 78.875 -0.20375
15.375 79.125 -0.8395
15.375 79.375 -1.057
15.375 79.625 -1.455
15.375 79.875 -1.1858
15.625 73.875 0.50735
15.625 74.125 0.12207
15.625 74.375 -0.22937
15.625 74.625 0.30437
15.625 74.875 0.71125
15.625 75.125 1.0214
15.625 75.375 0.77889
15.625 75.625 0.83426
15.625 75.875 0.90414
15.625 76.125 -0.31661
15.625 76.375 -0.44936
15.625 76.625 -0.069202
15.625 76.875 -0.066351
15.625 77.125 -0.075723
15.625 77.375 -0.085071
15.625 77.625 -0.045475
15.625 77.875 -0.33123
15.625 78.125 -0.33132
15.625 78.375 -0.083114
15.625 78.625 -0.64801
15.625 78.875 -0.064556
15.625 79.125 -0.98289
15.625 79.375 -0.88186
15.625 79.625 0.051382
15.625 79.875 -0.41609
15.625 80.125 -0.91511
15.875 73.875 0.81357
15.875 74.125 0.54139
15.875 74.375 0.27288
15.875 74.625 0.70785
15.875 74.875 0.98229
15.875 75.125 1.3317
15.875 75.375 0.8236
15.875 75.625 0.43076
15.875 75.875 0.18735
15.875 76.125 -0.33008
15.875 76.375 -0.50451
15.875 76.625 0.0040159
15.875 76.875 0.74789
15.875 77.125 -0.28657
15.875 77.375 0.21122
15.875 77.625 -0.65066
15.875 77.875 0.42898
15.875 78.125 0.65218
15.875 78.375 0.36112
15.875 78.625 0.39013
15.875 78.875 -0.34232
15.875 79.125 -0.34537
15.875 79.375 0.95593
15.875 79.625 0.15073
15.875 79.875 -0.74366
15.875 80.125 -0.14296
15.875 80.375 0.25544
15.875 80.625 -0.065684
15.875 80.875 0.4792
16.125 73.625 0.55668
16.125 73.875 0.84536
16.125 74.125 0.71441
16.125 74.375 0.3516
16.125 74.625 1.1531
16.125 74.875 0.86189
16.125 75.125 0.44648
16.125 75.375 0.18589
16.125 75.625 0.029956
16.125 75.875 -0.40236
16.125 76.125 -0.55435
16.125 76.375 -0.173
16.125 76.625 -0.030993
16.125 76.875 -0.13116
16.125 77.125 -0.13231
16.125 77.375 0.30816
16.125 77.625 -0.12426
16.125 77.875 0.61215
16.125 78.125 1.0202
16.125 78.375 0.82449
16.125 78.625 0.39488
16.125 78.875 0.0026316
16.125 79.125 -0.15491
16.125 79.375 -0.04773
16.125 79.625 -0.10199
16.125 79.875 0.70614
16.125 80.125 0.99576
16.125 80.375 1.4867
16.125 80.625 1.0312
16.125 80.875 0.99027
16.375 73.625 0.59631
16.375 73.875 0.52042
16.375 74.125 0.45804
16.375 74.375 0.63076
16.375 74.625 0.033804
16.375 74.875 0.24267
16.375 75.125 0.28739
16.375 75.375 -0.17421
16.375 75.625 -0.42749
16.375 75.875 -0.54541
16.375 76.125 0.13428
16.375 76.375 0.40752
16.375 76.625 0.0072907
16.375 76.875 0.11895
16.375 77.125 -0.23532
16.375 77.375 0.083758
16.375 77.625 0.13878
16.375 77.875 0.63825
16.375 78.125 0.93773
16.375 78.375 0.47782
16.375 78.625 -0.31426
16.375 78.875 0.20482
16.375 79.125 0.29281
16.375 79.375 -0.082958
16.375 79.625 -0.19419
16.375 79.875 0.58388
16.375 80.125 1.2039
16.375 80.375 1.138
16.375 80.625 1.2394
16.375 80.875 1.1777
16.375 81.125 1.4479
16.375 81.375 1.1706
16.375 81.625 1.7704
16.625 73.625 0.35527
16.625 73.875 0.12841
16.625 74.125 0.92297
16.625 74.375 -1.0788
16.625 74.625 0.59063
16.625 74.875 0.03587
16.625 75.125 0.17969
16.625 75.375 -0.61903
16.625 75.625 -0.44883
16.625 75.875 -0.32495
16.625 76.125 0.27274
16.625 76.375 0.15534
16.625 76.625 0.25657
16.625 76.875 0.28859
16.625 77.125 0.28552
16.625 77.375 0.53274
16.625 77.625 0.51133
16.625 77.875 0.88444
16.625 78.125 0.77363
16.625 78.375 0.32131
16.625 78.625 0.017647
16.625 78.875 -0.77938
16.625 79.125 -0.30455
16.625 79.375 0.55934
16.625 79.625 0.77588
16.625 79.875 0.68608
16.625 80.125 0.9509
16.625 80.375 0.79104
16.625 80.625 1.1766
16.625 80.875 1.5183
16.625 81.125 0.96286
16.625 81.375 1.3234
16.625 81.625 1.3805
16.625 81.875 1.6791
16.625 82.125 1.7181
16.875 73.375 0.44668
16.875 73.625 0.16696
16.875 73.875 0.068371
16.875 74.125 -0.3469
16.875 74.375 1.2572
16.875 74.625 -0.6467
16.875 74.875 0.44006
16.875 75.125 0.47959
16.875 75.375 0.23255
16.875 75.625 0.74421
16.875 75.875 -0.25222
16.875 76.125 -0.29998
16.875 76.375 -0.94607
16.875 76.625 -0.94
16.875 76.875 0.1345
16.875 77.125 0.51889
16.875 77.375 0.75563
16.875 77.625 0.20625
16.875 77.875 0.42462
16.875 78.125 -0.081905
16.875 78.375 -0.40333
16.875 78.625 -0.01504
16.875 78.875 -1.4483
16.875 79.125 -0.83062
16.875 79.375 0.34161
16.875 79.625 0.61419
16.875 79.875 0.75635
16.875 80.125 0.94614
16.875 80.375 0.94316
16.875 80.625 1.1264
16.875 80.875 1.1867
16.875 81.125 1.0484
16.875 81.375 1.0102
16.875 81.625 1.6294
16.875 81.875 1.3113
16.875 82.125 1.4558
17.125 73.375 0.54942
17.125 73.625 0.44348
17.125 73.875 0.38893
17.125 74.125 0.056806
17.125 74.375 -0.14715
17.125 74.625 -0.83496
17.125 74.875 -0.50122
17.125 75.125 -0.84193
17.125 75.375 -0.55707
17.125 75.625 0.71549
17.125 75.875 -0.081747
17.125 76.125 -1.0519
17.125 76.375 -0.44399
17.125 76.625 -0.31731
17.125 76.875 0.30704
17.125 77.125 0.33742
17.125 77.375 0.13585
17.125 77.625 0.70295
17.125 77.875 0.43966
17.125 78.125 0.74905
17.125 78.375 -0.066319
17.125 78.625 0.12987
17.125 78.875 0.46703
17.125 79.125 1.1565
17.125 79.375 0.76861
17.125 79.625 0.365
17.125 79.875 0.43269
17.125 80.125 1.2878
17.125 80.375 1.1008
17.125 80.625 0.9783
17.125 80.875 1.144
17.125 81.125 1.1996
17.125 81.375 1.643
17.125 81.625 1.4322
17.125 81.875 0.59684
17.125 82.125 1.601
17.125 82.375 0.98728
17.375 73.375 0.47357
17.375 73.625 0.31987
17.375 73.875 0.42352
17.375 74.125 -0.83331
17.375 74.375 -2.0439
17.375 74.625 -1.5151
17.375 74.875 -0.80613
17.375 75.125 -1.5143
17.375 75.375 -1.089
17.375 75.625 -0.51914
17.375 75.875 -1.2925
17.375 76.125 -0.75167
17.375 76.375 -0.19613
17.375 76.625 -0.30272
17.375 76.875 0.3144
17.375 77.125 0.071933
17.375 77.375 -0.24973
17.375 77.625 0.38105
17.375 77.875 0.52212
17.375 78.125 0.52414
17.375 78.375 0.28384
17.375 78.625 -0.50918
17.375 78.875 1.0065
17.375 79.125 1.2509
17.375 79.375 1.1688
17.375 79.625 0.61388
17.375 79.875 0.91375
17.375 80.125 1.2465
17.375 80.375 1.1589
17.375 80.625 1.3556
17.375 80.875 1.3518
17.375 81.125 1.4522
17.375 81.375 1.5895
17.375 81.625 1.146
17.375 81.875 1.3857
17.375 82.125 1.4656
17.375 82.375 0.9145
17.375 82.625 0.58085
17.625 73.375 0.58072
17.625 73.625 -1.0758
17.625 73.875 0.43398
17.625 74.125 -1.0514
17.625 74.375 -2.1663
17.625 74.625 -1.405
17.625 74.875 -0.86322
17.625 75.125 -0.73981
17.625 75.375 -0.35435
17.625 75.625 -0.46981
17.625 75.875 -0.87286
17.625 76.125 -0.82237
17.625 76.375 -0.48103
17.625 76.625 0.50537
17.625 76.875 0.59958
17.625 77.125 0.080978
17.625 77.375 -0.083689
17.625 77.625 -0.097354
17.625 77.875 0.4339
17.625 78.125 0.39441
17.625 78.375 1.268
17.625 78.625 1.0573
17.625 78.875 0.59229
17.625 79.125 0.89365
17.625 79.375 0.60209
17.625 79.625 0.6936
17.625 79.875 0.87479
17.625 80.125 1.1611
17.625 80.375 1.2769
17.625 80.625 1.158
17.625 80.875 1.3327
17.625 81.125 1.344
17.625 81.375 1.3065
17.625 81.625 1.475
17.625 81.875 1.5463
17.625 82.125 1.0539
17.625 82.375 1.1222
17.625 82.625 0.94255
17.625 82.875 1.4651
17.625 83.125 1.235
17.875 73.375 0.60842
17.875 73.625 0.25569
17.875 73.875 0.70305
17.875 74.125 -0.18226
17.875 74.375 -0.56254
17.875 74.625 -1.0484
17.875 74.875 -0.32936
17.875 75.125 -1.2342
17.875 75.375 -1.0647
17.875 75.625 -0.46386
17.875 75.875 -0.65108
17.875 76.125 -0.80694
17.875 76.375 -0.73465
17.875 76.625 -0.22946
17.875 76.875 0.17628
17.875 77.125 0.27543
17.875 77.375 0.40432
17.875 77.625 0.95257
17.875 77.875 0.92321
17.875 78.125 1.4755
17.875 78.375 1.4721
17.875 78.625 1.9419
17.875 78.875 1.4073
17.875 79.125 0.88757
17.875 79.375 0.4281
17.875 79.625 0.66504
17.875 79.875 0.60643
17.875 80.125 0.97322
17.875 80.375 0.9357
17.875 80.625 1.1062
17.875 80.875 1.2851
17.875 81.125 1.3129
17.875 81.375 1.3553
17.875 81.625 1.4335
17.875 81.875 1.4988
17.875 82.125 1.4763
17.875 82.375 0.97346
17.875 82.625 1.2268
17.875 82.875 1.2382
17.875 83.125 0.74013
17.875 83.375 0.74017
18.125 73.125 1.0215
18.125 73.375 0.35896
18.125 73.625 0.51578
18.125 73.875 0.6405
18.125 74.125 -0.23211
18.125 74.375 -0.25041
18.125 74.625 -0.41853
18.125 74.875 -0.33482
18.125 75.125 -0.84782
18.125 75.375 -1.128
18.125 75.625 -0.6839
18.125 75.875 -0.8816
18.125 76.125 0.047508
18.125 76.375 -0.34861
18.125 76.625 -0.62484
18.125 76.875 0.012495
18.125 77.125 0.81224
18.125 77.375 1.0153
18.125 77.625 1.0162
18.125 77.875 0.80121
18.125 78.125 1.0237
18.125 78.375 1.0891
18.125 78.625 1.5318
18.125 78.875 0.99208
18.125 79.125 1.2912
18.125 79.375 0.9919
18.125 79.625 1.3296
18.125 79.875 0.80105
18.125 80.125 1.0853
18.125 80.375 0.89927
18.125 80.625 0.90394
18.125 80.875 1.0982
18.125 81.125 1.1127
18.125 81.375 1.1588
18.125 81.625 1.1319
18.125 81.875 1.4073
18.125 82.125 1.6465
18.125 82.375 1.3733
18.125 82.625 1.4713
18.125 82.875 0.98315
18.125 83.125 1.2843
18.125 83.375 0.98775
18.125 83.625 1.3107
18.375 73.125 0.57097
18.375 73.375 0.40964
18.375 73.625 0.66066
18.375 73.875 0.63859
18.375 74.125 0.13717
18.375 74.375 -0.20356
18.375 74.625 -0.83303
18.375 74.875 -1.578
18.375 75.125 -0.89949
18.375 75.375 0.1224
18.375 75.625 -0.19879
18.375 75.875 -0.31751
18.375 76.125 0.22117
18.375 76.375 0.059339
18.375 76.625 -0.024773
18.375 76.875 0.091911
18.375 77.125 0.42755
18.375 77.375 0.56775
18.375 77.625 0.70467
18.375 77.875 0.82771
18.375 78.125 0.89845
18.375 78.375 1.5296
18.375 78.625 1.5665
18.375 78.875 1.2224
18.375 79.125 1.5394
18.375 79.375 1.1823
18.375 79.625 1.1322
18.375 79.875 1.1668
18.375 80.125 1.2459
18.375 80.375 1.1976
18.375 80.625 1.0825
18.375 80.875 1.0616
18.375 81.125 1.0851
18.375 81.375 1.198
18.375 81.625 1.0879
18.375 81.875 1.2244
18.375 82.125 1.2927
18.375 82.375 1.4765
18.375 82.625 1.519
18.375 82.875 1.0612
18.375 83.125 1.2164
18.375 83.375 1.0596
18.375 83.625 1.1259
18.375 83.875 1.4499
18.625 73.125 0.96732
18.625 73.375 0.88746
18.625 73.625 0.71761
18.625 73.875 1
18.625 74.125 0.1925
18.625 74.375 0.14347
18.625 74.625 -0.3017
18.625 74.875 -1.1995
18.625 75.125 -1.4543
18.625 75.375 -0.70192
18.625 75.625 0.23387
18.625 75.875 0.37424
18.625 76.125 -0.083151
18.625 76.375 0.29068
18.625 76.625 0.36201
18.625 76.875 0.18324
18.625 77.125 0.2039
18.625 77.375 0.4341
18.625 77.625 0.8415
18.625 77.875 0.90688
18.625 78.125 0.57591
18.625 78.375 1.4314
18.625 78.625 1.1715
18.625 78.875 1.2747
18.625 79.125 0.92841
18.625 79.375 1.0002
18.625 79.625 0.87647
18.625 79.875 1.2376
18.625 80.125 1.2159
18.625 80.375 1.1776
18.625 80.625 1.2257
18.625 80.875 1.1092
18.625 81.125 1.1345
18.625 81.375 1.1487
18.625 81.625 1.2862
18.625 81.875 1.2666
18.625 82.125 1.2863
18.625 82.375 1.2941
18.625 82.625 1.5371
18.625 82.875 1.7406
18.625 83.125 0.95782
18.625 83.375 0.94122
18.625 83.625 1.2728
18.625 83.875 1.2772
18.625 84.125 1.2514
18.875 73.125 0.87418
18.875 73.375 0.84145
18.875 73.625 0.42094
18.875 73.875 0.78857
18.875 74.125 -0.58474
18.875 74.375 -0.55417
18.875 74.625 -0.42993
18.875 74.875 -0.82872
18.875 75.125 -1.0799
18.875 75.375 -0.52877
18.875 75.625 -0.58332
18.875 75.875 -0.83442
18.875 76.125 0.30032
18.875 76.375 0.29542
18.875 76.625 0.47075
18.875 76.875 0.36131
18.875 77.125 0.24183
18.875 77.375 0.38326
18.875 77.625 0.70028
18.875 77.875 0.5904
18.875 78.125 0.49385
18.875 78.375 -2.6248
18.875 78.625 1.3435
18.875 78.875 1.4726
18.875 79.125 1.0395
18.875 79.375 1.1635
18.875 79.625 0.97624
18.875 79.875 1.2641
18.875 80.125 1.2698
18.875 80.375 1.2958
18.875 80.625 1.1808
18.875 80.875 1.2545
18.875 81.125 1.0681
18.875 81.375 1.1609
18.875 81.625 1.3624
18.875 81.875 1.0466
18.875 82.125 1.0733
18.875 82.375 1.2144
18.875 82.625 1.5616
18.875 82.875 1.8557
18.875 83.125 0.53118
18.875 83.375 1.3671
18.875 83.625 1.555
18.875 83.875 1.6009
18.875 84.125 1.4726
18.875 84.375 1.495
19.125 73.125 0.7977
19.125 73.375 0.77087
19.125 73.625 0.58862
19.125 73.875 0.64017
19.125 74.125 -0.17398
19.125 74.375 -0.37917
19.125 74.625 -0.47448
19.125 74.875 -1.0353
19.125 75.125 -0.61402
19.125 75.375 -0.5321
19.125 75.625 -0.93012
19.125 75.875 -1.1357
19.125 76.125 0.0055664
19.125 76.375 0.019162
19.125 76.625 0.38502
19.125 76.875 0.11588
19.125 77.125 0.23549
19.125 77.375 0.99981
19.125 77.625 0.33001
19.125 77.875 0.068246
19.125 78.125 -0.037816
19.125 78.375 0.57673
19.125 78.625 1.1137
19.125 78.875 1.378
19.125 79.125 1.1267
19.125 79.375 1.0145
19.125 79.625 1.2695
19.125 79.875 1.2771
19.125 80.125 1.2788
19.125 80.375 1.2178
19.125 80.625 1.3062
19.125 80.875 1.2772
19.125 81.125 1.4018
19.125 81.375 1.1937
19.125 81.625 1.1487
19.125 81.875 1.1628
19.125 82.125 1.1686
19.125 82.375 1.165
19.125 82.625 1.1441
19.125 82.875 1.4347
19.125 83.125 1.4033
19.125 83.375 1.3888
19.125 83.625 1.2098
19.125 83.875 1.2852
19.125 84.125 1.6896
19.125 84.375 1.9036
19.125 84.625 2.1462
19.375 72.875 0.60419
19.375 73.125 0.54255
19.375 73.375 0.70667
19.375 73.625 1.3688
19.375 73.875 0.38853
19.375 74.125 0.26305
19.375 74.375 -0.16253
19.375 74.625 -0.12893
19.375 74.875 -0.59111
19.375 75.125 -0.032514
19.375 75.375 -0.26159
19.375 75.625 -0.94602
19.375 75.875 -1.1839
19.375 76.125 -0.47556
19.375 76.375 -0.8321
19.375 76.625 -0.83796
19.375 76.875 -0.65961
19.375 77.125 0.094888
19.375 77.375 -0.67371
19.375 77.625 -0.090902
19.375 77.875 0.28204
19.375 78.125 0.53762
19.375 78.375 0.74204
19.375 78.625 0.9392
19.375 78.875 1.1053
19.375 79.125 1.0676
19.375 79.375 1.3287
19.375 79.625 1.2319
19.375 79.875 1.1097
19.375 80.125 1.3059
19.375 80.375 1.2422
19.375 80.625 1.3831
19.375 80.875 1.39
19.375 81.125 1.4048
19.375 81.375 1.496
19.375 81.625 1.2234
19.375 81.875 1.231
19.375 82.125 1.2229
19.375 82.375 1.5386
19.375 82.625 1.4177
19.375 82.875 1.3774
19.375 83.125 1.2564
19.375 83.375 1.174
19.375 83.625 1.0626
19.375 83.875 0.81256
19.375 84.125 1.407
19.375 84.375 1.4806
19.375 84.625 1.7482
19.375 84.875 1.8791
19.625 72.875 0.80805
19.625 73.125 0.73256
19.625 73.375 0.77417
19.625 73.625 0.84094
19.625 73.875 0.47755
19.625 74.125 0.013313
19.625 74.375 -0.060553
19.625 74.625 -0.20316
19.625 74.875 -0.20794
19.625 75.125 0.023793
19.625 75.375 -0.3216
19.625 75.625 -0.80521
19.625 75.875 -0.38252
19.625 76.125 -0.015037
19.625 76.375 -0.26311
19.625 76.625 -0.93579
19.625 76.875 -0.99511
19.625 77.125 -0.1484
19.625 77.375 0.17703
19.625 77.625 0.27102
19.625 77.875 0.30881
19.625 78.125 0.29004
19.625 78.375 0.47483
19.625 78.625 1.188
19.625 78.875 0.98088
19.625 79.125 0.64155
19.625 79.375 0.3501
19.625 79.625 0.83998
19.625 79.875 1.0063
19.625 80.125 1.2584
19.625 80.375 1.1457
19.625 80.625 1.3779
19.625 80.875 1.396
19.625 81.125 1.414
19.625 81.375 1.2689
19.625 81.625 1.2663
19.625 81.875 1.3206
19.625 82.125 1.4079
19.625 82.375 1.4108
19.625 82.625 1.5758
19.625 82.875 1.2554
19.625 83.125 1.2825
19.625 83.375 1.2405
19.625 83.625 1.2702
19.625 83.875 1.3386
19.625 84.125 1.1002
19.625 84.375 1.1908
19.625 84.625 1.5433
19.625 84.875 1.4292
19.625 85.125 1.978
19.625 85.375 1.8734
19.875 72.875 0.91389
19.875 73.125 0.79835
19.875 73.375 1.0381
19.875 73.625 0.96633
19.875 73.875 0.84503
19.875 74.125 0.013893
19.875 74.375 0.073538
19.875 74.625 0.088475
19.875 74.875 0.65485
19.875 75.125 -0.026307
19.875 75.375 -0.12447
19.875 75.625 0.039667
19.875 75.875 0.49471
19.875 76.125 0.88904
19.875 76.375 0.85777
19.875 76.625 0.071948
19.875 76.875 0.38014
19.875 77.125 0.19134
19.875 77.375 0.2308
19.875 77.625 0.5069
19.875 77.875 0.38943
19.875 78.125 0.31247
19.875 78.375 0.25249
19.875 78.625 0.69631
19.875 78.875 0.70575
19.875 79.125 0.75368
19.875 79.375 0.43169
19.875 79.625 0.79996
19.875 79.875 1.2403
19.875 80.125 1.3077
19.875 80.375 1.1351
19.875 80.625 1.1538
19.875 80.875 1.4039
19.875 81.125 1.4897
19.875 81.375 1.3544
19.875 81.625 1.3327
19.875 81.875 1.3858
19.875 82.125 1.5199
19.875 82.375 1.5897
19.875 82.625 1.3664
19.875 82.875 1.3022
19.875 83.125 1.5525
19.875 83.375 1.5064
19.875 83.625 1.3714
19.875 83.875 1.3152
19.875 84.125 1.0577
19.875 84.375 1.0557
19.875 84.625 1.4227
19.875 84.875 1.5769
19.875 85.125 2.0638
19.875 85.375 1.9777
19.875 85.625 1.6829
19.875 85.875 1.4561
19.875 86.125 1.4314
20.125 72.875 0.94561
20.125 73.125 0.95341
20.125 73.375 0.86511
20.125 73.625 1.7859
20.125 73.875 1.4413
20.125 74.125 1.9213
20.125 74.375 0.29503
20.125 74.625 0.2622
20.125 74.875 0.46392
20.125 75.125 0.16274
20.125 75.375 0.32649
20.125 75.625 0.17902
20.125 75.875 0.14314
20.125 76.125 0.54314
20.125 76.375 0.572
20.125 76.625 0.25645
20.125 76.875 0.3053
20.125 77.125 -0.0083223
20.125 77.375 0.45312
20.125 77.625 0.58018
20.125 77.875 0.38103
20.125 78.125 0.35577
20.125 78.375 0.36161
20.125 78.625 0.68673
20.125 78.875 0.7014
20.125 79.125 0.62476
20.125 79.375 0.60275
20.125 79.625 1.214
20.125 79.875 1.285
20.125 80.125 1.3025
20.125 80.375 1.374
20.125 80.625 1.1683
20.125 80.875 1.2224
20.125 81.125 1.3284
20.125 81.375 1.3676
20.125 81.625 1.4422
20.125 81.875 1.5514
20.125 82.125 1.602
20.125 82.375 1.8325
20.125 82.625 1.3768
20.125 82.875 0.63524
20.125 83.125 1.1712
20.125 83.375 1.6484
20.125 83.625 1.5824
20.125 83.875 1.3901
20.125 84.125 1.4593
20.125 84.375 1.4044
20.125 84.625 1.2696
20.125 84.875 1.5254
20.125 85.125 1.7668
20.125 85.375 1.3607
20.125 85.625 1.4096
20.125 85.875 1.3554
20.125 86.125 1.1869
20.125 86.375 1.2104
20.375 73.125 0.97395
20.375 73.375 0.9213
20.375 73.625 0.95581
20.375 73.875 0.48506
20.375 74.125 0.47146
20.375 74.375 -0.070031
20.375 74.625 -0.18262
20.375 74.875 0.35727
20.375 75.125 1.3394
20.375 75.375 1.2849
20.375 75.625 0.81279
20.375 75.875 0.77136
20.375 76.125 0.57689
20.375 76.375 -0.079424
20.375 76.625 -0.20455
20.375 76.875 -0.41284
20.375 77.125 -0.34377
20.375 77.375 0.24417
20.375 77.625 0.46835
20.375 77.875 0.37949
20.375 78.125 0.56945
20.375 78.375 0.30311
20.375 78.625 0.23433
20.375 78.875 0.63822
20.375 79.125 0.81609
20.375 79.375 1.0179
20.375 79.625 1.3363
20.375 79.875 1.293
20.375 80.125 1.325
20.375 80.375 1.398
20.375 80.625 1.4429
20.375 80.875 1.2738
20.375 81.125 1.4505
20.375 81.375 1.5062
20.375 81.625 1.467
20.375 81.875 1.4899
20.375 82.125 1.4464
20.375 82.375 1.7421
20.375 82.625 1.4016
20.375 82.875 1.339
20.375 83.125 1.3174
20.375 83.375 1.1958
20.375 83.625 1.1888
20.375 83.875 1.4813
20.375 84.125 1.2165
20.375 84.375 1.4883
20.375 84.625 1.3139
20.375 84.875 1.5544
20.375 85.125 1.5765
20.375 85.375 1.34
20.375 85.625 1.4439
20.375 85.875 1.4484
20.375 86.125 1.37
20.375 86.375 1.452
20.375 86.625 1.5986
20.625 73.125 0.71658
20.625 73.375 0.87776
20.625 73.625 1.0768
20.625 73.875 1.1784
20.625 74.125 0.48659
20.625 74.375 0.071487
20.625 74.625 0.55218
20.625 74.875 1.3141
20.625 75.125 1.233
20.625 75.375 0.84005
20.625 75.625 0.57163
20.625 75.875 0.01901
20.625 76.125 0.4974
20.625 76.375 0.07595
20.625 76.625 -0.27656
20.625 76.875 -0.20786
20.625 77.125 -0.18039
20.625 77.375 0.27171
20.625 77.625 0.55658
20.625 77.875 0.4461
20.625 78.125 0.65863
20.625 78.375 0.66387
20.625 78.625 0.33087
20.625 78.875 0.68347
20.625 79.125 0.86307
20.625 79.375 0.77332
20.625 79.625 1.257
20.625 79.875 1.3227
20.625 80.125 1.3751
20.625 80.375 1.5133
20.625 80.625 1.3302
20.625 80.875 1.3192
20.625 81.125 1.4611
20.625 81.375 1.5132
20.625 81.625 1.4606
20.625 81.875 1.4741
20.625 82.125 1.4661
20.625 82.375 1.4886
20.625 82.625 1.29
20.625 82.875 1.2207
20.625 83.125 1.1039
20.625 83.375 1.2772
20.625 83.625 1.1938
20.625 83.875 1.0664
20.625 84.125 1.0874
20.625 84.375 1.3764
20.625 84.625 1.0244
20.625 84.875 1.201
20.625 85.125 1.5165
20.625 85.375 1.2924
20.625 85.625 1.2479
20.625 85.875 1.3811
20.625 86.125 1.307
20.625 86.375 1.3577
20.625 86.625 1.63
20.625 86.875 1.7723
20.875 70.625 1.2907
20.875 70.875 1.3682
20.875 71.125 1.0187
20.875 71.375 1.9771
20.875 72.875 0.90481
20.875 73.125 0.90279
20.875 73.375 0.94511
20.875 73.625 1.0785
20.875 73.875 1.054
20.875 74.125 0.65906
20.875 74.375 0.66865
20.875 74.625 0.52463
20.875 74.875 0.59285
20.875 75.125 0.87942
20.875 75.375 0.61519
20.875 75.625 0.10149
20.875 75.875 0.19032
20.875 76.125 0.60306
20.875 76.375 0.06049
20.875 76.625 0.25273
20.875 76.875 0.23062
20.875 77.125 0.0036586
20.875 77.375 0.076626
20.875 77.625 0.10034
20.875 77.875 0.29335
20.875 78.125 0.49243
20.875 78.375 0.58628
20.875 78.625 0.62033
20.875 78.875 0.89102
20.875 79.125 0.45943
20.875 79.375 0.87877
20.875 79.625 1.0943
20.875 79.875 1.2945
20.875 80.125 1.3896
20.875 80.375 1.2211
20.875 80.625 1.3306
20.875 80.875 1.3643
20.875 81.125 1.452
20.875 81.375 1.475
20.875 81.625 1.5295
20.875 81.875 1.5068
20.875 82.125 1.446
20.875 82.375 1.4567
20.875 82.625 0.83007
20.875 82.875 1.1844
20.875 83.125 1.1991
20.875 83.375 1.2448
20.875 83.625 1.1603
20.875 83.875 1.1364
20.875 84.125 0.95665
20.875 84.375 1.242
20.875 84.625 1.6552
20.875 84.875 1.2976
20.875 85.125 1.5241
20.875 85.375 1.3656
20.875 85.625 1.3577
20.875 85.875 1.6093
20.875 86.125 1.3948
20.875 86.375 1.3114
20.875 86.625 1.5679
21.125 70.375 0.91086
21.125 70.625 0.76772
21.125 70.875 -0.065424
21.125 71.125 1.2717
21.125 71.375 1.4458
21.125 71.625 1.8982
21.125 71.875 0.57428
21.125 72.875 0.83022
21.125 73.125 0.59276
21.125 73.375 1.0305
21.125 73.625 0.98341
21.125 73.875 0.54356
21.125 74.125 0.36001
21.125 74.375 0.54028
21.125 74.625 0.70057
21.125 74.875 0.91891
21.125 75.125 0.6262
21.125 75.375 0.99227
21.125 75.625 1.1707
21.125 75.875 0.99964
21.125 76.125 0.96448
21.125 76.375 0.11981
21.125 76.625 0.32079
21.125 76.875 0.23711
21.125 77.125 0.21764
21.125 77.375 0.16386
21.125 77.625 0.19437
21.125 77.875 0.37478
21.125 78.125 0.30375
21.125 78.375 0.38822
21.125 78.625 0.52059
21.125 78.875 1.0213
21.125 79.125 0.94116
21.125 79.375 0.95553
21.125 79.625 1.1482
21.125 79.875 1.4129
21.125 80.125 1.2921
21.125 80.375 1.42
21.125 80.625 1.4724
21.125 80.875 1.7567
21.125 81.125 1.6359
21.125 81.375 1.885
21.125 81.625 1.4882
21.125 81.875 1.4544
21.125 82.125 1.4057
21.125 82.375 1.2832
21.125 82.625 1.1818
21.125 82.875 1.0824
21.125 83.125 0.98599
21.125 83.375 1.1036
21.125 83.625 1.1152
21.125 83.875 1.1581
21.125 84.125 1.2738
21.125 84.375 1.3452
21.125 84.625 1.3133
21.125 84.875 1.5914
21.125 85.125 1.6797
21.125 85.375 1.6953
21.125 85.625 1.7192
21.125 85.875 1.8183
21.125 86.125 1.637
21.125 86.375 1.7293
21.125 86.625 1.7495
21.375 70.125 0.44163
21.375 70.375 0.64128
21.375 70.625 0.91305
21.375 70.875 0.75786
21.375 71.125 1.0289
21.375 71.375 0.97097
21.375 71.625 1.0929
21.375 71.875 0.77419
21.375 72.875 1.006
21.375 73.125 1.1854
21.375 73.375 1.2002
21.375 73.625 1.0425
21.375 73.875 0.71595
21.375 74.125 0.36022
21.375 74.375 0.2173
21.375 74.625 0.65089
21.375 74.875 1.369
21.375 75.125 1.1952
21.375 75.375 1.2238
21.375 75.625 1.2152
21.375 75.875 0.95132
21.375 76.125 1.0886
21.375 76.375 0.51097
21.375 76.625 0.60964
21.375 76.875 0.51083
21.375 77.125 0.62606
21.375 77.375 0.60803
21.375 77.625 0.21531
21.375 77.875 0.26124
21.375 78.125 0.5039
21.375 78.375 0.49348
21.375 78.625 0.4406
21.375 78.875 0.89085
21.375 79.125 0.71059
21.375 79.375 0.98179
21.375 79.625 1.2796
21.375 79.875 1.2818
21.375 80.125 1.124
21.375 80.375 1.2971
21.375 80.625 1.5755
21.375 80.875 1.4553
21.375 81.125 1.3934
21.375 81.375 1.937
21.375 81.625 1.6817
21.375 81.875 1.6484
21.375 82.125 1.2412
21.375 82.375 1.0645
21.375 82.625 1.0082
21.375 82.875 0.97207
21.375 83.125 1.2055
21.375 83.375 0.96026
21.375 83.625 0.98889
21.375 83.875 1.0846
21.375 84.125 1.0862
21.375 84.375 1.7112
21.375 84.625 1.6456
21.375 84.875 1.4913
21.375 85.125 1.7565
21.375 85.375 1.8082
21.375 85.625 1.5863
21.375 85.875 1.5494
21.375 86.125 1.7762
21.375 86.375 1.6176
21.375 86.625 1.7123
21.375 86.875 1.6925
21.625 69.875 0.59677
21.625 70.125 -0.12981
21.625 70.375 0.95561
21.625 70.625 1.3436
21.625 70.875 0.9598
21.625 71.125 0.81131
21.625 71.375 1.5504
21.625 71.625 1.827
21.625 71.875 1.3121
21.625 72.125 1.1358
21.625 72.875 1.4203
21.625 73.125 1.248
21.625 73.375 1.1489
21.625 73.625 0.90042
21.625 73.875 0.68482
21.625 74.125 0.6338
21.625 74.375 0.25662
21.625 74.625 0.75254
21.625 74.875 1.3534
21.625 75.125 1.4628
21.625 75.375 1.3226
21.625 75.625 1.1637
21.625 75.875 0.92573
21.625 76.125 0.93135
21.625 76.375 0.78401
21.625 76.625 0.65541
21.625 76.875 0.83769
21.625 77.125 1.0118
21.625 77.375 0.98285
21.625 77.625 0.59462
21.625 77.875 1.0101
21.625 78.125 1.0297
21.625 78.375 0.5347
21.625 78.625 0.54038
21.625 78.875 0.54305
21.625 79.125 0.3587
21.625 79.375 0.76116
21.625 79.625 1.1771
21.625 79.875 1.2196
21.625 80.125 1.3012
21.625 80.375 1.4472
21.625 80.625 1.544
21.625 80.875 1.3219
21.625 81.125 0.4825
21.625 81.375 1.4447
21.625 81.625 1.46
21.625 81.875 1.6173
21.625 82.125 1.1375
21.625 82.375 0.91964
21.625 82.625 1.2335
21.625 82.875 0.98213
21.625 83.125 0.99886
21.625 83.375 1.0242
21.625 83.625 1.0187
21.625 83.875 0.87129
21.625 84.125 0.93594
21.625 84.375 1.1474
21.625 84.625 0.99135
21.625 84.875 1.6108
21.625 85.125 1.692
21.625 85.375 1.919
21.625 85.625 1.9302
21.625 85.875 1.5475
21.625 86.125 1.7342
21.625 86.375 1.4541
21.625 86.625 1.5144
21.625 86.875 1.4106
21.625 87.125 1.5676
21.625 87.375 1.7193
21.875 69.375 -0.0074997
21.875 69.625 0.42664
21.875 69.875 0.54668
21.875 70.125 0.27039
21.875 70.375 1.1506
21.875 70.625 1.6735
21.875 70.875 0.95113
21.875 71.125 0.035801
21.875 71.375 1.176
21.875 71.625 1.8273
21.875 71.875 1.0895
21.875 72.125 0.94754
21.875 72.625 -0.017964
21.875 72.875 0.95541
21.875 73.125 1.0328
21.875 73.375 0.94843
21.875 73.625 0.8887
21.875 73.875 0.42237
21.875 74.125 -0.30339
21.875 74.375 -0.12635
21.875 74.625 0.47249
21.875 74.875 0.93265
21.875 75.125 1.0769
21.875 75.375 1.2625
21.875 75.625 1.225
21.875 75.875 0.98784
21.875 76.125 0.94835
21.875 76.375 1.0295
21.875 76.625 0.93323
21.875 76.875 0.91063
21.875 77.125 1.0865
21.875 77.375 1.1837
21.875 77.625 0.95621
21.875 77.875 0.6844
21.875 78.125 1.1179
21.875 78.375 1.1904
21.875 78.625 0.88385
21.875 78.875 0.95413
21.875 79.125 0.68835
21.875 79.375 0.85262
21.875 79.625 1.1551
21.875 79.875 1.2569
21.875 80.125 1.3898
21.875 80.375 1.549
21.875 80.625 1.4872
21.875 80.875 1.5209
21.875 81.125 0.94314
21.875 81.375 1.2009
21.875 81.625 1.4415
21.875 81.875 1.1394
21.875 82.125 1.37
21.875 82.375 1.3152
21.875 82.625 0.81524
21.875 82.875 1.0829
21.875 83.125 1.2129
21.875 83.375 1.2439
21.875 83.625 1.013
21.875 83.875 1.4143
21.875 84.125 1.2471
21.875 84.375 1.1274
21.875 84.625 0.95362
21.875 84.875 1.7089
21.875 85.125 1.7542
21.875 85.375 1.9107
21.875 85.625 1.7847
21.875 85.875 1.6118
21.875 86.125 1.7908
21.875 86.375 1.5131
21.875 86.625 1.4519
21.875 86.875 1.4364
21.875 87.125 1.5641
21.875 87.375 1.6104
21.875 87.625 1.3251
21.875 87.875 1.2901
21.875 88.375 1.1292
21.875 88.625 1.1866
21.875 88.875 1.1908
22.125 69.125 0.13772
22.125 69.375 -0.21898
22.125 69.625 0.01673
22.125 69.875 0.34726
22.125 70.125 0.18015
22.125 70.375 0.5017
22.125 70.625 0.88988
22.125 70.875 1.2195
22.125 71.125 0.015534
22.125 71.375 1.151
22.125 71.625 1.5922
22.125 71.875 0.29017
22.125 72.125 0.98953
22.125 72.625 1.3721
22.125 72.875 0.84818
22.125 73.125 0.49596
22.125 73.375 0.92944
22.125 73.625 0.92967
22.125 73.875 0.59986
22.125 74.125 0.51388
22.125 74.375 0.018172
22.125 74.625 -0.072477
22.125 74.875 0.91761
22.125 75.125 1.1152
22.125 75.375 0.84908
22.125 75.625 0.74611
22.125 75.875 0.79356
22.125 76.125 0.64613
22.125 76.375 0.93977
22.125 76.625 0.81659
22.125 76.875 0.71637
22.125 77.125 0.90038
22.125 77.375 0.94238
22.125 77.625 0.71118
22.125 77.875 1.0206
22.125 78.125 1.1398
22.125 78.375 1.0576
22.125 78.625 1.3353
22.125 78.875 1.1572
22.125 79.125 1.0529
22.125 79.375 0.94757
22.125 79.625 1.0908
22.125 79.875 1.3422
22.125 80.125 1.438
22.125 80.375 1.4809
22.125 80.625 1.5454
22.125 80.875 1.4594
22.125 81.125 1.0302
22.125 81.375 1.612
22.125 81.625 1.1694
22.125 81.875 1.166
22.125 82.125 1.2447
22.125 82.375 1.0744
22.125 82.625 0.82395
22.125 82.875 0.78792
22.125 83.125 1.0913
22.125 83.375 1.2243
22.125 83.625 0.94784
22.125 83.875 1.2882
22.125 84.125 1.2759
22.125 84.375 0.86403
22.125 84.625 1.8026
22.125 84.875 1.7825
22.125 85.125 1.7439
22.125 85.375 1.9185
22.125 85.625 1.9003
22.125 85.875 1.8521
22.125 86.125 1.8906
22.125 86.375 1.5952
22.125 86.625 1.3998
22.125 86.875 1.4949
22.125 87.125 1.4869
22.125 87.375 1.2552
22.125 87.625 1.3027
22.125 87.875 1.1855
22.125 88.125 1.0371
22.125 88.375 1.083
22.125 92.875 1.5904
22.375 69.125 0.9385
22.375 69.875 0.74237
22.375 70.125 0.57114
22.375 70.375 -0.27074
22.375 70.625 1.0076
22.375 70.875 1.0577
22.375 71.125 1.2588
22.375 71.375 0.81184
22.375 71.625 0.12541
22.375 71.875 1.1944
22.375 72.125 1.7237
22.375 72.625 1.6057
22.375 72.875 0.70264
22.375 73.125 0.91411
22.375 73.375 0.93112
22.375 73.625 1.2213
22.375 73.875 0.94303
22.375 74.125 0.43278
22.375 74.375 0.30536
22.375 74.625 0.27661
22.375 74.875 0.41491
22.375 75.125 0.64518
22.375 75.375 0.60814
22.375 75.625 0.44135
22.375 75.875 0.8467
22.375 76.125 0.71571
22.375 76.375 0.5513
22.375 76.625 0.94312
22.375 76.875 0.8057
22.375 77.125 0.83644
22.375 77.375 0.80111
22.375 77.625 0.79216
22.375 77.875 1.2978
22.375 78.125 1.3138
22.375 78.375 1.2883
22.375 78.625 1.1778
22.375 78.875 1.2901
22.375 79.125 1.3506
22.375 79.375 1.3711
22.375 79.625 1.172
22.375 79.875 1.4088
22.375 80.125 1.4132
22.375 80.375 1.4985
22.375 80.625 1.4512
22.375 80.875 1.447
22.375 81.125 1.4551
22.375 81.375 1.7146
22.375 81.625 1.3471
22.375 81.875 1.3837
22.375 82.125 1.2629
22.375 82.375 1.0639
22.375 82.625 0.64413
22.375 82.875 0.27162
22.375 83.125 0.48226
22.375 83.375 0.40554
22.375 83.625 0.15958
22.375 83.875 1.0343
22.375 84.125 1.0608
22.375 84.375 1.3372
22.375 84.625 1.5892
22.375 84.875 1.7286
22.375 85.125 1.6465
22.375 85.375 1.6483
22.375 85.625 1.3162
22.375 85.875 1.2114
22.375 86.125 1.2404
22.375 86.375 1.404
22.375 86.625 1.3911
22.375 86.875 1.4574
22.375 87.125 1.5341
22.375 87.375 0.91865
22.375 87.625 1.0032
22.375 87.875 1.269
22.375 88.125 1.1499
22.375 88.375 1.096
22.375 88.625 1.1118
22.375 88.875 1.1215
22.375 92.875 2.0478
22.625 70.375 0.94758
22.625 70.625 1.4617
22.625 70.875 0.89425
22.625 71.125 0.78897
22.625 71.375 0.67622
22.625 71.625 0.68158
22.625 71.875 0.48268
22.625 72.125 1.1991
22.625 72.375 1.8874
22.625 72.625 1.99
22.625 72.875 0.86418
22.625 73.125 0.94499
22.625 73.375 1.3249
22.625 73.625 0.73823
22.625 73.875 0.57362
22.625 74.125 0.68991
22.625 74.375 0.5744
22.625 74.625 0.66171
22.625 74.875 0.55208
22.625 75.125 0.67652
22.625 75.375 0.68085
22.625 75.625 0.44712
22.625 75.875 0.80395
22.625 76.125 0.67125
22.625 76.375 0.55394
22.625 76.625 0.86101
22.625 76.875 0.99302
22.625 77.125 0.9357
22.625 77.375 0.71101
22.625 77.625 0.76198
22.625 77.875 1.3027
22.625 78.125 1.4009
22.625 78.375 1.3608
22.625 78.625 1.4637
22.625 78.875 1.3095
22.625 79.125 1.3339
22.625 79.375 1.3584
22.625 79.625 1.2956
22.625 79.875 1.227
22.625 80.125 1.3307
22.625 80.375 1.2372
22.625 80.625 1.2671
22.625 80.875 1.3346
22.625 81.125 1.7995
22.625 81.375 1.7537
22.625 81.625 1.3029
22.625 81.875 1.3296
22.625 82.125 1.0582
22.625 82.375 0.92419
22.625 82.625 0.64704
22.625 82.875 0.40087
22.625 83.125 0.16669
22.625 83.375 0.88507
22.625 83.625 0.80073
22.625 83.875 0.41105
22.625 84.125 0.94345
22.625 84.375 1.1801
22.625 84.625 1.4811
22.625 84.875 1.5069
22.625 85.125 1.7983
22.625 85.375 1.7013
22.625 85.625 1.5459
22.625 85.875 1.3233
22.625 86.125 1.3095
22.625 86.375 1.259
22.625 86.625 1.1768
22.625 86.875 1.2464
22.625 87.125 1.2466
22.625 87.375 0.99971
22.625 87.625 1.0948
22.625 87.875 1.4069
22.625 88.125 1.5019
22.625 88.375 1.1939
22.625 88.625 1.2055
22.625 88.875 1.1577
22.625 92.625 0.87592
22.625 92.875 1.6205
22.875 69.375 1.2711
22.875 69.625 1.0837
22.875 69.875 0.94812
22.875 70.625 1.6932
22.875 70.875 1.2902
22.875 71.125 0.47251
22.875 71.375 0.56772
22.875 71.625 0.74179
22.875 71.875 0.6516
22.875 72.125 0.563
22.875 72.375 1.5724
22.875 72.625 1.638
22.875 72.875 1.1063
22.875 73.125 1.4298
22.875 73.375 1.2143
22.875 73.625 0.65251
22.875 73.875 0.11799
22.875 74.125 0.63833
22.875 74.375 0.63459
22.875 74.625 0.57674
22.875 74.875 0.66986
22.875 75.125 0.50933
22.875 75.375 0.86347
22.875 75.625 0.73568
22.875 75.875 0.76085
22.875 76.125 0.69592
22.875 76.375 0.56277
22.875 76.625 0.94681
22.875 76.875 0.87391
22.875 77.125 1.0635
22.875 77.375 0.372
22.875 77.625 0.92438
22.875 77.875 1.1155
22.875 78.125 1.1506
22.875 78.375 1.3173
22.875 78.625 1.3642
22.875 78.875 1.3641
22.875 79.125 1.3882
22.875 79.375 1.3083
22.875 79.625 1.3461
22.875 79.875 1.1875
22.875 80.125 1.3584
22.875 80.375 1.2538
22.875 80.625 1.27
22.875 80.875 1.4001
22.875 81.125 1.4124
22.875 81.375 1.1213
22.875 81.625 1.1536
22.875 81.875 0.97756
22.875 82.125 0.93483
22.875 82.375 0.595
22.875 82.625 0.65942
22.875 82.875 0.76436
22.875 83.125 0.0231
22.875 83.375 1.1173
22.875 83.625 1.4629
22.875 83.875 0.91281
22.875 84.125 0.56222
22.875 84.375 1.0528
22.875 84.625 1.577
22.875 84.875 1.651
22.875 85.125 1.8551
22.875 85.375 2.0611
22.875 85.625 1.6268
22.875 85.875 1.2146
22.875 86.125 1.3649
22.875 86.375 1.2911
22.875 86.625 1.2784
22.875 86.875 1.3302
22.875 87.125 1.2172
22.875 87.375 1.0872
22.875 87.625 1.0552
22.875 87.875 1.0746
22.875 88.125 1.3963
22.875 88.375 1.2533
22.875 88.625 1.2641
22.875 92.625 1.0023
22.875 92.875 1.3414
23.125 68.875 0.81242
23.125 69.125 0.86696
23.125 69.375 1.0722
23.125 69.625 1.098
23.125 69.875 1.1661
23.125 70.125 0.9957
23.125 70.875 0.6771
23.125 71.125 1.0775
23.125 71.375 0.96336
23.125 71.625 0.41344
23.125 71.875 0.75939
23.125 72.125 1.7101
23.125 72.375 1.1128
23.125 72.625 1.374
23.125 72.875 1.0002
23.125 73.125 0.82841
23.125 73.375 1.3125
23.125 73.625 1.1787
23.125 73.875 -0.14267
23.125 74.125 0.14887
23.125 74.375 0.23982
23.125 74.625 0.25716
23.125 74.875 0.72506
23.125 75.125 0.67177
23.125 75.375 0.28693
23.125 75.625 0.55811
23.125 75.875 0.77602
23.125 76.125 0.91032
23.125 76.375 1.0928
23.125 76.625 1.002
23.125 76.875 0.9362
23.125 77.125 0.95854
23.125 77.375 1.086
23.125 77.625 1.087
23.125 77.875 1.1246
23.125 78.125 1.0997
23.125 78.375 1.1835
23.125 78.625 1.0889
23.125 78.875 1.2831
23.125 79.125 1.4114
23.125 79.375 1.3319
23.125 79.625 1.2327
23.125 79.875 1.3915
23.125 80.125 1.3357
23.125 80.375 1.255
23.125 80.625 1.4355
23.125 80.875 1.637
23.125 81.125 1.5514
23.125 81.375 1.4271
23.125 81.625 1.2652
23.125 81.875 1.0937
23.125 82.125 0.90143
23.125 82.375 1.0437
23.125 82.625 0.98088
23.125 82.875 0.80136
23.125 83.125 0.95416
23.125 83.375 1.1832
23.125 83.625 1.5987
23.125 83.875 1.8835
23.125 84.125 1.1158
23.125 84.375 1.1707
23.125 84.625 1.0447
23.125 84.875 1.2691
23.125 85.125 1.4269
23.125 85.375 1.9267
23.125 85.625 1.5132
23.125 85.875 1.1251
23.125 86.125 1.2911
23.125 86.375 1.4022
23.125 86.625 1.3459
23.125 86.875 1.507
23.125 87.125 1.6696
23.125 87.375 1.0158
23.125 87.625 0.90355
23.125 87.875 0.72638
23.125 88.125 1.043
23.125 88.375 1.2443
23.125 88.625 1.274
23.125 91.625 0.8377
23.125 92.625 0.9327
23.125 92.875 0.93995
23.125 93.125 1.0948
23.375 68.875 0.80656
23.375 69.125 0.80793
23.375 69.375 0.94765
23.375 69.625 1.1636
23.375 69.875 1.1206
23.375 70.125 0.93917
23.375 70.375 1.2341
23.375 70.625 1.4422
23.375 70.875 1.5801
23.375 71.125 0.69703
23.375 71.375 0.35617
23.375 71.625 0.87849
23.375 71.875 1.5987
23.375 72.125 1.2221
23.375 72.375 1.114
23.375 72.625 1.0413
23.375 72.875 1.0803
23.375 73.125 1.0535
23.375 73.375 1.0465
23.375 73.625 0.74181
23.375 73.875 0.46878
23.375 74.125 0.29584
23.375 74.375 0.77286
23.375 74.625 0.70528
23.375 74.875 0.93468
23.375 75.125 0.88364
23.375 75.375 0.95358
23.375 75.625 0.52702
23.375 75.875 1.0095
23.375 76.125 1.3455
23.375 76.375 1.2687
23.375 76.625 1.014
23.375 76.875 0.8402
23.375 77.125 1.0463
23.375 77.375 1.1216
23.375 77.625 0.9251
23.375 77.875 1.1539
23.375 78.125 1.196
23.375 78.375 1.1687
23.375 78.625 1.1484
23.375 78.875 1.3514
23.375 79.125 1.3937
23.375 79.375 1.4061
23.375 79.625 1.5183
23.375 79.875 1.442
23.375 80.125 1.3811
23.375 80.375 1.7821
23.375 80.625 1.9173
23.375 80.875 1.5574
23.375 81.125 1.4632
23.375 81.375 1.2423
23.375 81.625 1.3567
23.375 81.875 1.3757
23.375 82.125 1.4067
23.375 82.375 1.3188
23.375 82.625 1.1254
23.375 82.875 0.96537
23.375 83.125 1.0309
23.375 83.375 1.3198
23.375 83.625 1.3785
23.375 83.875 1.6228
23.375 84.125 0.73857
23.375 84.375 1.2063
23.375 84.625 0.78512
23.375 84.875 1.2309
23.375 85.125 1.5439
23.375 85.375 1.8069
23.375 85.625 1.6525
23.375 85.875 1.3348
23.375 86.125 1.1281
23.375 86.375 1.4412
23.375 86.625 1.4111
23.375 86.875 1.5205
23.375 87.125 1.4571
23.375 87.375 1.2624
23.375 87.625 0.83721
23.375 87.875 0.4547
23.375 88.125 0.54957
23.375 88.375 0.97452
23.375 88.625 1.0845
23.375 91.375 0.81701
23.375 91.625 0.90124
23.375 92.625 0.82794
23.375 92.875 0.69483
23.375 93.125 -0.045434
23.625 68.625 0.70987
23.625 68.875 0.72086
23.625 69.125 0.68146
23.625 69.375 0.85541
23.625 69.625 1.0054
23.625 69.875 0.62491
23.625 70.125 0.36326
23.625 70.375 0.79284
23.625 70.625 1.3819
23.625 70.875 1.5852
23.625 71.125 0.88956
23.625 71.375 1.2827
23.625 71.625 0.58858
23.625 71.875 0.53759
23.625 72.125 0.665
23.625 72.375 0.69484
23.625 72.625 1.0226
23.625 72.875 0.88382
23.625 73.125 0.73375
23.625 73.375 0.75857
23.625 73.625 0.7286
23.625 73.875 1.0061
23.625 74.125 1.6149
23.625 74.375 1.4569
23.625 74.625 0.99586
23.625 74.875 1.0554
23.625 75.125 0.66983
23.625 75.375 1.3179
23.625 75.625 1.3122
23.625 75.875 1.4
23.625 76.125 1.4108
23.625 76.375 1.3297
23.625 76.625 1.0644
23.625 76.875 0.4235
23.625 77.125 1.0972
23.625 77.375 0.95904
23.625 77.625 1.0006
23.625 77.875 1.0714
23.625 78.125 1.1589
23.625 78.375 1.2014
23.625 78.625 1.3129
23.625 78.875 1.3219
23.625 79.125 1.384
23.625 79.375 1.3785
23.625 79.625 1.4813
23.625 79.875 1.6716
23.625 80.125 1.5768
23.625 80.375 1.6593
23.625 80.625 1.7379
23.625 80.875 1.6599
23.625 81.125 1.4518
23.625 81.375 1.453
23.625 81.625 1.6619
23.625 81.875 1.6315
23.625 82.125 1.4689
23.625 82.375 1.6177
23.625 82.625 1.4346
23.625 82.875 1.3101
23.625 83.125 1.2316
23.625 83.375 1.3122
23.625 83.625 1.3605
23.625 83.875 1.3038
23.625 84.125 1.2863
23.625 84.375 1.3879
23.625 84.625 1.5066
23.625 84.875 1.3559
23.625 85.125 1.3095
23.625 85.375 1.6834
23.625 85.625 1.4009
23.625 85.875 1.7248
23.625 86.125 0.16529
23.625 86.375 1.4388
23.625 86.625 1.5918
23.625 86.875 1.3392
23.625 87.125 1.373
23.625 87.375 0.41622
23.625 87.625 1.4108
23.625 87.875 0.30712
23.625 88.125 0.52156
23.625 88.375 0.73602
23.625 91.375 0.46623
23.625 91.625 0.92016
23.625 91.875 1.1794
23.625 92.375 0.99839
23.625 92.625 0.9085
23.625 92.875 0.66754
23.625 93.125 -0.46362
23.875 68.875 -0.49937
23.875 69.125 -0.41094
23.875 69.375 0.040232
23.875 69.625 0.059337
23.875 69.875 0.70029
23.875 70.125 0.29934
23.875 70.375 0.33671
23.875 70.625 0.42591
23.875 70.875 0.64365
23.875 71.125 0.50597
23.875 71.375 1.2853
23.875 71.625 1.7284
23.875 71.875 1.0019
23.875 72.125 0.8937
23.875 72.375 1.0063
23.875 72.625 0.89721
23.875 72.875 0.82585
23.875 73.125 0.7859
23.875 73.375 0.97141
23.875 73.625 1.2146
23.875 73.875 1.4978
23.875 74.125 1.2796
23.875 74.375 1.4747
23.875 74.625 1.3249
23.875 74.875 1.4536
23.875 75.125 1.2323
23.875 75.375 1.4262
23.875 75.625 1.3125
23.875 75.875 1.3886
23.875 76.125 1.4339
23.875 76.375 1.3291
23.875 76.625 1.1832
23.875 76.875 1.3296
23.875 77.125 1.4158
23.875 77.375 1.1166
23.875 77.625 1.1149
23.875 77.875 1.1941
23.875 78.125 1.2523
23.875 78.375 1.2035
23.875 78.625 1.2479
23.875 78.875 1.4407
23.875 79.125 1.5268
23.875 79.375 1.4391
23.875 79.625 1.5324
23.875 79.875 1.638
23.875 80.125 1.6646
23.875 80.375 1.6337
23.875 80.625 1.6669
23.875 80.875 1.4369
23.875 81.125 1.2627
23.875 81.375 1.4241
23.875 81.625 1.4685
23.875 81.875 1.5652
23.875 82.125 1.5355
23.875 82.375 1.7537
23.875 82.625 1.293
23.875 82.875 1.3069
23.875 83.125 1.0975
23.875 83.375 0.98724
23.875 83.625 1.1368
23.875 83.875 1.2928
23.875 84.125 1.2743
23.875 84.375 1.0838
23.875 84.625 0.90194
23.875 84.875 0.94646
23.875 85.125 0.53903
23.875 85.375 1.169
23.875 85.625 1.6829
23.875 85.875 1.1521
23.875 86.125 1.1686
23.875 86.375 1.7592
23.875 86.625 1.5008
23.875 86.875 1.2881
23.875 87.125 1.3934
23.875 87.375 1.0431
23.875 87.625 1.0677
23.875 87.875 0.88067
23.875 88.125 0.7391
23.875 88.375 0.38804
23.875 91.375 0.70076
23.875 91.625 0.83654
23.875 91.875 1.0265
23.875 92.125 1.1025
23.875 92.375 1.0458
23.875 92.625 0.91028
23.875 92.875 0.15449
23.875 93.125 -0.93965
23.875 93.375 -0.70427
24.125 68.875 0.52886
24.125 69.125 -0.51176
24.125 69.375 0.55215
24.125 69.625 0.72262
24.125 69.875 0.37931
24.125 70.125 0.2589
24.125 70.375 0.11504
24.125 70.625 -0.17826
24.125 70.875 -0.18823
24.125 71.125 -0.16667
24.125 71.375 0.18306
24.125 71.625 0.47804
24.125 71.875 0.72129
24.125 72.125 1.0526
24.125 72.375 1.0267
24.125 72.625 1.2158
24.125 72.875 0.98127
24.125 73.125 0.83848
24.125 73.375 0.7424
24.125 73.625 1.4436
24.125 73.875 1.3018
24.125 74.125 1.0817
24.125 74.375 1.1723
24.125 74.625 1.6147
24.125 74.875 1.2441
24.125 75.125 0.69217
24.125 75.375 1.3194
24.125 75.625 1.3072
24.125 75.875 1.283
24.125 76.125 1.2833
24.125 76.375 1.3915
24.125 76.625 1.4607
24.125 76.875 1.3739
24.125 77.125 1.289
24.125 77.375 1.2177
24.125 77.625 1.1033
24.125 77.875 1.2869
24.125 78.125 1.2605
24.125 78.375 1.3169
24.125 78.625 1.334
24.125 78.875 1.5517
24.125 79.125 1.4668
24.125 79.375 1.7081
24.125 79.625 1.5691
24.125 79.875 1.9544
24.125 80.125 2.0203
24.125 80.375 1.6925
24.125 80.625 1.7642
24.125 80.875 1.5223
24.125 81.125 1.0553
24.125 81.375 1.4156
24.125 81.625 1.4245
24.125 81.875 1.4459
24.125 82.125 1.6014
24.125 82.375 1.6741
24.125 82.625 1.3598
24.125 82.875 1.1784
24.125 83.125 1.1291
24.125 83.375 0.20811
24.125 83.625 0.444
24.125 83.875 1.16
24.125 84.125 1.3478
24.125 84.375 1.1131
24.125 84.625 0.82767
24.125 84.875 0.56242
24.125 85.125 0.40346
24.125 85.375 0.92662
24.125 85.625 1.0661
24.125 85.875 1.1706
24.125 86.125 1.4251
24.125 86.375 1.3976
24.125 86.625 1.2797
24.125 86.875 1.2459
24.125 87.125 1.0203
24.125 87.375 1.2647
24.125 87.625 0.93161
24.125 87.875 0.9432
24.125 88.125 0.76924
24.125 88.375 0.6978
24.125 91.875 1.0121
24.125 92.125 1.0451
24.125 92.375 1.0896
24.125 92.625 0.93899
24.125 92.875 0.34606
24.125 93.125 -1.2255
24.125 93.375 -0.21644
24.125 93.625 -0.25407
24.125 93.875 -0.30233
24.125 94.125 -0.36156
24.375 71.375 -0.15757
24.375 71.625 0.33168
24.375 71.875 0.29358
24.375 72.125 0.71064
24.375 72.375 0.61235
24.375 72.625 1.1267
24.375 72.875 0.78582
24.375 73.125 0.7558
24.375 73.375 0.6434
24.375 73.625 0.42257
24.375 73.875 0.44603
24.375 74.125 0.47674
24.375 74.375 1.1945
24.375 74.625 1.0509
24.375 74.875 0.89951
24.375 75.125 0.87965
24.375 75.375 1.1693
24.375 75.625 1.2667
24.375 75.875 1.3993
24.375 76.125 0.79824
24.375 76.375 1.2606
24.375 76.625 1.3345
24.375 76.875 1.3465
24.375 77.125 1.2787
24.375 77.375 1.2935
24.375 77.625 1.2861
24.375 77.875 1.398
24.375 78.125 1.5694
24.375 78.375 1.5915
24.375 78.625 1.3409
24.375 78.875 1.5591
24.375 79.125 1.6284
24.375 79.375 1.7199
24.375 79.625 1.9341
24.375 79.875 1.8818
24.375 80.125 1.8875
24.375 80.375 1.78
24.375 80.625 1.7394
24.375 80.875 1.6441
24.375 81.125 1.3884
24.375 81.375 1.4429
24.375 81.625 1.5627
24.375 81.875 1.4169
24.375 82.125 1.4785
24.375 82.375 1.6036
24.375 82.625 1.6053
24.375 82.875 1.4116
24.375 83.125 1.3422
24.375 83.375 1.3385
24.375 83.625 0.70353
24.375 83.875 1.3927
24.375 84.125 1.5004
24.375 84.375 1.947
24.375 84.625 1.1839
24.375 84.875 1.0548
24.375 85.125 1.1958
24.375 85.375 1.1698
24.375 85.625 0.96263
24.375 85.875 0.72524
24.375 86.125 0.8999
24.375 86.375 0.44123
24.375 86.625 1.2986
24.375 86.875 1.0693
24.375 87.125 0.83512
24.375 87.375 0.23506
24.375 87.625 0.60151
24.375 87.875 0.58489
24.375 88.125 0.61848
24.375 92.375 0.9308
24.375 92.625 0.75394
24.375 92.875 -0.24343
24.375 93.125 -1.1959
24.375 93.375 -0.4633
24.375 93.625 -0.41926
24.375 93.875 -0.24891
24.375 94.125 0.02377
24.625 71.125 -0.94158
24.625 71.375 -0.065483
24.625 71.625 -0.066957
24.625 71.875 -0.29255
24.625 72.125 -0.32944
24.625 72.375 0.26347
24.625 72.625 0.4557
24.625 72.875 0.36133
24.625 73.125 0.57812
24.625 73.375 0.73917
24.625 73.625 0.39693
24.625 73.875 0.3045
24.625 74.125 0.55104
24.625 74.375 0.94647
24.625 74.625 1.1595
24.625 74.875 0.74708
24.625 75.125 0.6124
24.625 75.375 0.95536
24.625 75.625 1.1247
24.625 75.875 1.3492
24.625 76.125 1.0523
24.625 76.375 1.2578
24.625 76.625 1.1929
24.625 76.875 1.2971
24.625 77.125 1.3422
24.625 77.375 1.3679
24.625 77.625 1.3087
24.625 77.875 1.4917
24.625 78.125 1.8757
24.625 78.375 1.7031
24.625 78.625 1.5631
24.625 78.875 1.6401
24.625 79.125 1.7245
24.625 79.375 1.848
24.625 79.625 1.9832
24.625 79.875 1.9093
24.625 80.125 1.9828
24.625 80.375 2.2096
24.625 80.625 2.269
24.625 80.875 1.284
24.625 81.125 1.1985
24.625 81.375 1.87
24.625 81.625 1.8195
24.625 81.875 1.7922
24.625 82.125 1.2547
24.625 82.375 1.4494
24.625 82.625 1.7527
24.625 82.875 1.7856
24.625 83.125 1.6156
24.625 83.375 1.2152
24.625 83.625 1.4015
24.625 83.875 1.1597
24.625 84.125 1.9019
24.625 84.375 1.6779
24.625 84.625 0.63836
24.625 84.875 1.1111
24.625 85.125 0.97814
24.625 85.375 1.2554
24.625 85.625 -0.14655
24.625 85.875 0.84877
24.625 86.125 0.62804
24.625 86.375 1.2488
24.625 86.625 1.6651
24.625 86.875 1.2844
24.625 87.125 -0.095654
24.625 87.375 -0.19721
24.625 87.625 0.47476
24.625 87.875 0.59932
24.625 92.375 0.2566
24.625 92.625 0.51594
24.625 92.875 0.23629
24.625 93.125 -0.26241
24.625 93.375 0.033902
24.625 93.625 -0.40966
24.625 93.875 -0.27704
24.625 94.125 0.18496
24.625 94.375 0.16802
24.875 71.125 -0.22003
24.875 71.375 -0.73469
24.875 71.625 -0.92289
24.875 71.875 -1.2135
24.875 72.125 -0.55075
24.875 72.375 -0.40658
24.875 72.625 -0.47199
24.875 72.875 -0.66583
24.875 73.125 -0.67389
24.875 73.375 0.35434
24.875 73.625 0.27688
24.875 73.875 0.63631
24.875 74.125 0.74432
24.875 74.375 0.73523
24.875 74.625 1.0138
24.875 74.875 0.6523
24.875 75.125 0.51038
24.875 75.375 0.49401
24.875 75.625 0.70043
24.875 75.875 1.1503
24.875 76.125 0.89658
24.875 76.375 1.2566
24.875 76.625 1.3867
24.875 76.875 1.3376
24.875 77.125 1.417
24.875 77.375 1.7406
24.875 77.625 1.3696
24.875 77.875 1.3116
24.875 78.125 2.1539
24.875 78.375 1.5637
24.875 78.625 1.4345
24.875 78.875 2.3048
24.875 79.125 2.1801
24.875 79.375 1.8114
24.875 79.625 1.7101
24.875 79.875 1.7282
24.875 80.125 2.1573
24.875 80.375 2.2636
24.875 80.625 2.2746
24.875 80.875 1.6694
24.875 81.125 1.6193
24.875 81.375 1.5989
24.875 81.625 2.3974
24.875 81.875 2.1923
24.875 82.125 1.0048
24.875 82.375 0.69402
24.875 82.625 2.216
24.875 82.875 0.88448
24.875 83.125 1.0345
24.875 83.375 1.059
24.875 83.625 1.3648
24.875 83.875 1.1882
24.875 84.125 1.3173
24.875 84.375 0.47346
24.875 84.625 0.12913
24.875 84.875 0.80186
24.875 85.125 1.0549
24.875 85.375 0.75263
24.875 85.625 1.2952
24.875 85.875 1.1919
24.875 86.125 0.7324
24.875 86.375 1.1646
24.875 86.625 1.4661
24.875 86.875 0.33986
24.875 87.125 0.56005
24.875 87.375 0.29505
24.875 87.625 0.79171
24.875 87.875 0.72232
24.875 88.125 0.50568
24.875 92.625 0.25742
24.875 92.875 0.14776
24.875 93.125 1.0197
24.875 93.375 -0.18886
24.875 93.625 0.17853
24.875 93.875 0.72742
24.875 94.125 0.15945
24.875 94.375 0.34891
25.125 71.125 -0.28679
25.125 71.375 -0.94927
25.125 71.625 -1.2993
25.125 71.875 -1.3089
25.125 72.125 -0.72875
25.125 72.375 0.31547
25.125 72.625 0.034358
25.125 72.875 -0.66542
25.125 73.125 -0.56262
25.125 73.375 0.12901
25.125 73.625 0.48862
25.125 73.875 0.061539
25.125 74.125 0.33996
25.125 74.375 0.49599
25.125 74.625 0.89335
25.125 74.875 1.065
25.125 75.125 0.76457
25.125 75.375 1.3376
25.125 75.625 1.1534
25.125 75.875 0.57336
25.125 76.125 0.76108
25.125 76.375 1.0139
25.125 76.625 1.3019
25.125 76.875 1.3355
25.125 77.125 1.4024
25.125 77.375 1.3006
25.125 77.625 1.4471
25.125 77.875 1.4843
25.125 78.125 2.265
25.125 78.375 1.6701
25.125 78.625 1.4804
25.125 78.875 1.8358
25.125 79.125 2.2259
25.125 79.375 2.4614
25.125 79.625 1.8316
25.125 79.875 2.5718
25.125 80.125 2.487
25.125 80.375 2.206
25.125 80.625 2.3673
25.125 80.875 2.0877
25.125 81.125 0.98479
25.125 81.375 1.5992
25.125 81.625 0.66076
25.125 81.875 1.3693
25.125 82.125 1.3861
25.125 82.375 1.8921
25.125 82.625 1.9338
25.125 82.875 1.3548
25.125 83.125 0.86554
25.125 83.375 0.99295
25.125 83.625 1.5913
25.125 83.875 1.3888
25.125 84.125 1.4132
25.125 84.375 0.7611
25.125 84.625 0.49921
25.125 84.875 0.68941
25.125 85.125 1.2566
25.125 85.375 0.68086
25.125 85.625 1.8097
25.125 85.875 1.7107
25.125 86.125 1.159
25.125 86.375 1.5728
25.125 86.625 1.3724
25.125 86.875 0.87132
25.125 87.125 0.86023
25.125 87.375 0.75576
25.125 87.625 0.71723
25.125 87.875 0.8111
25.125 88.125 0.56315
25.125 88.375 0.46183
25.125 92.375 0.44168
25.125 92.625 0.38823
25.125 92.875 0.36551
25.125 93.125 0.6547
25.125 93.375 0.10891
25.125 93.625 0.15049
25.125 93.875 0.69569
25.125 94.125 0.81922
25.125 94.375 0.87301
25.375 70.875 0.072183
25.375 71.125 -0.41211
25.375 71.375 -0.76966
25.375 71.625 -1.1046
25.375 71.875 -1.3946
25.375 72.125 -0.18978
25.375 72.375 0.35085
25.375 72.625 0.0038886
25.375 72.875 -0.30651
25.375 73.125 -0.16831
25.375 73.375 0.1119
25.375 73.625 0.57663
25.375 73.875 0.33036
25.375 74.125 0.31044
25.375 74.375 0.31671
25.375 74.625 0.66896
25.375 74.875 0.70998
25.375 75.125 0.73023
25.375 75.375 1.307
25.375 75.625 1.7955
25.375 75.875 1.0918
25.375 76.125 1.1066
25.375 76.375 1.2666
25.375 76.625 1.1161
25.375 76.875 1.1305
25.375 77.125 1.9247
25.375 77.375 1.7219
25.375 77.625 1.582
25.375 77.875 1.7259
25.375 78.125 2.2693
25.375 78.375 2.2739
25.375 78.625 1.1506
25.375 78.875 0.69108
25.375 79.125 2.2755
25.375 79.375 2.6134
25.375 79.625 2.5142
25.375 79.875 2.5142
25.375 80.125 2.4619
25.375 80.375 2.6759
25.375 80.625 2.4642
25.375 80.875 0.46198
25.375 81.125 0.68472
25.375 81.375 2.3724
25.375 81.625 2.1875
25.375 81.875 0.61975
25.375 82.125 0.11459
25.375 82.375 0.31125
25.375 82.625 0.56784
25.375 82.875 0.93296
25.375 83.125 1.0161
25.375 83.375 1.9204
25.375 83.625 1.6223
25.375 83.875 1.7835
25.375 84.125 1.571
25.375 84.375 1.1782
25.375 84.625 1.0843
25.375 84.875 1.4627
25.375 85.125 1.0569
25.375 85.375 0.33807
25.375 85.625 1.2715
25.375 85.875 1.8771
25.375 86.125 1.7355
25.375 86.375 1.6369
25.375 86.625 1.2736
25.375 86.875 1.2142
25.375 87.125 0.85739
25.375 87.375 0.69807
25.375 87.625 0.92509
25.375 87.875 0.82928
25.375 88.125 0.64467
25.375 88.375 0.38174
25.375 88.625 0.46667
25.375 90.125 0.57508
25.375 90.375 0.68957
25.375 90.625 0.72331
25.375 90.875 0.65571
25.375 91.125 0.71893
25.375 91.375 1.1178
25.375 91.625 0.72216
25.375 91.875 0.6819
25.375 92.125 0.16481
25.375 92.375 0.5674
25.375 92.625 0.37644
25.375 92.875 0.55947
25.375 93.125 0.3793
25.375 93.375 0.26886
25.375 93.625 1.1152
25.375 93.875 0.74669
25.375 94.125 1.0791
25.375 94.375 1.5551
25.625 70.875 0.037839
25.625 71.125 -0.80426
25.625 71.375 -0.88142
25.625 71.625 -0.99709
25.625 71.875 -0.53534
25.625 72.125 -0.0079639
25.625 72.375 0.028486
25.625 72.625 -0.43144
25.625 72.875 -0.28151
25.625 73.125 -0.18482
25.625 73.375 -0.15382
25.625 73.625 0.24158
25.625 73.875 0.85723
25.625 74.125 1.0853
25.625 74.375 0.41466
25.625 74.625 0.64684
25.625 74.875 1.3739
25.625 75.125 0.76681
25.625 75.375 1.007
25.625 75.625 1.8828
25.625 75.875 1.3616
25.625 76.125 1.3292
25.625 76.375 1.263
25.625 76.625 1.0685
25.625 76.875 1.3157
25.625 77.125 1.9883
25.625 77.375 1.9251
25.625 77.625 1.596
25.625 77.875 1.3153
25.625 78.125 1.6078
25.625 78.375 1.6417
25.625 78.625 1.5149
25.625 78.875 1.2795
25.625 79.125 2.6271
25.625 79.375 2.1259
25.625 79.625 2.256
25.625 79.875 2.18
25.625 80.125 2.1492
25.625 80.375 2.6527
25.625 80.625 0.40766
25.625 80.875 -0.1366
25.625 81.125 2.3789
25.625 81.375 2.1509
25.625 81.625 1.2617
25.625 81.875 1.3189
25.625 82.125 0.084972
25.625 82.375 1.4394
25.625 82.625 0.57686
25.625 82.875 0.86829
25.625 83.125 1.1661
25.625 83.375 1.8637
25.625 83.625 1.8125
25.625 83.875 1.2285
25.625 84.125 0.57729
25.625 84.375 0.51937
25.625 84.625 1.4748
25.625 84.875 0.95899
25.625 85.125 0.76002
25.625 85.375 0.7531
25.625 85.625 1.0905
25.625 85.875 1.0455
25.625 86.125 1.0008
25.625 86.375 1.1041
25.625 86.625 1.0872
25.625 86.875 1.0623
25.625 87.125 0.93821
25.625 87.375 0.67502
25.625 87.625 0.72012
25.625 87.875 0.75505
25.625 88.125 0.51287
25.625 90.125 0.85104
25.625 90.375 0.75104
25.625 90.625 0.67365
25.625 90.875 0.96109
25.625 91.125 1.1763
25.625 91.375 1.2751
25.625 91.625 1.1466
25.625 91.875 0.62868
25.625 92.125 0.64436
25.625 92.375 0.95116
25.625 92.625 -0.0036657
25.625 92.875 0.50653
25.625 93.125 0.22047
25.625 93.375 0.51431
25.625 93.625 1.0468
25.625 93.875 1.4802
25.625 94.125 1.7355
25.625 94.375 1.7412
25.625 94.625 2.0657
25.625 94.875 1.8324
25.875 70.375 0.15103
25.875 70.625 0.078218
25.875 70.875 -0.065898
25.875 71.125 -0.11356
25.875 71.375 -0.88299
25.875 71.625 -0.74103
25.875 71.875 -0.2238
25.875 72.125 -0.025724
25.875 72.375 0.0059424
25.875 72.625 -0.47442
25.875 72.875 -0.41731
25.875 73.125 -0.18932
25.875 73.375 -0.044586
25.875 73.625 0.31004
25.875 73.875 0.5714
25.875 74.125 0.87038
25.875 74.375 0.85742
25.875 74.625 1.194
25.875 74.875 0.976
25.875 75.125 0.32634
25.875 75.375 0.12092
25.875 75.625 0.79726
25.875 75.875 1.1198
25.875 76.125 1.024
25.875 76.375 1.4519
25.875 76.625 1.1634
25.875 76.875 1.3213
25.875 77.125 1.8142
25.875 77.375 1.8173
25.875 77.625 1.6398
25.875 77.875 1.2599
25.875 78.125 1.7731
25.875 78.375 2.1384
25.875 78.625 2.1236
25.875 78.875 1.7208
25.875 79.125 2.0943
25.875 79.375 1.8568
25.875 79.625 1.6096
25.875 79.875 2.1935
25.875 80.125 1.9489
25.875 80.375 1.7296
25.875 80.625 0.35681
25.875 80.875 -0.67724
25.875 81.125 -0.52005
25.875 81.375 2.153
25.875 81.625 1.4232
25.875 81.875 1.6507
25.875 82.125 -0.017365
25.875 82.375 1.0349
25.875 82.625 1.136
25.875 82.875 1.9411
25.875 83.125 0.60959
25.875 83.375 0.49104
25.875 83.625 1.5646
25.875 83.875 0.34169
25.875 84.125 1.6665
25.875 84.375 0.33685
25.875 84.625 1.1518
25.875 84.875 0.18973
25.875 85.125 1.0832
25.875 85.375 0.74009
25.875 85.625 0.91612
25.875 85.875 1.0651
25.875 86.125 0.95177
25.875 86.375 1.077
25.875 86.625 1.2727
25.875 86.875 0.9872
25.875 87.125 0.66457
25.875 87.375 0.66299
25.875 87.625 0.36563
25.875 87.875 0.75521
25.875 90.125 0.51397
25.875 90.375 0.47898
25.875 90.625 0.72703
25.875 90.875 0.86004
25.875 91.125 1.1624
25.875 91.375 1.3012
25.875 91.625 0.62155
25.875 91.875 0.36739
25.875 92.125 0.54761
25.875 92.375 0.7105
25.875 92.625 0.34796
25.875 92.875 0.47549
25.875 93.125 -0.2067
25.875 93.375 -0.13463
25.875 93.625 0.45909
25.875 93.875 1.7316
25.875 94.125 1.7502
25.875 94.375 1.63
25.875 94.625 1.6941
25.875 94.875 1.5431
26.125 70.375 0.087371
26.125 70.625 -0.20567
26.125 70.875 -0.42253
26.125 71.125 -0.98749
26.125 71.375 -0.77398
26.125 71.625 -0.23634
26.125 71.875 -0.076547
26.125 72.125 0.2023
26.125 72.375 -0.21952
26.125 72.625 -0.46026
26.125 72.875 -0.5514
26.125 73.125 -0.52331
26.125 73.375 -0.20014
26.125 73.625 0.76412
26.125 73.875 0.87826
26.125 74.125 0.28046
26.125 74.375 0.67287
26.125 74.625 0.36805
26.125 74.875 0.71635
26.125 75.125 1.1251
26.125 75.375 0.51801
26.125 75.625 0.54752
26.125 75.875 0.43793
26.125 76.125 0.53527
26.125 76.375 1.2643
26.125 76.625 1.3906
26.125 76.875 1.2065
26.125 77.125 1.7016
26.125 77.375 1.5077
26.125 77.625 1.5559
26.125 77.875 1.358
26.125 78.125 1.7944
26.125 78.375 2.5581
26.125 78.625 2.3586
26.125 78.875 2.3488
26.125 79.125 2.3913
26.125 79.375 1.9979
26.125 79.625 0.99118
26.125 79.875 0.87354
26.125 80.125 2.0393
26.125 80.375 1.7301
26.125 80.625 -0.6163
26.125 80.875 1.964
26.125 81.125 1.7219
26.125 81.375 0.072895
26.125 81.625 1.8194
26.125 81.875 1.679
26.125 82.125 0.93848
26.125 82.375 0.42261
26.125 82.625 1.3835
26.125 82.875 1.6641
26.125 83.125 0.52511
26.125 83.375 0.011713
26.125 83.625 -0.10058
26.125 83.875 1.1882
26.125 84.125 1.5824
26.125 84.375 0.52742
26.125 84.625 0.88527
26.125 84.875 0.22551
26.125 85.125 1.6129
26.125 85.375 0.036757
26.125 85.625 1.2044
26.125 85.875 1.8752
26.125 86.125 1.0247
26.125 86.375 0.67064
26.125 86.625 0.83269
26.125 86.875 0.92135
26.125 87.125 0.77973
26.125 87.375 0.72855
26.125 87.625 0.87504
26.125 87.875 0.84215
26.125 88.125 0.68097
26.125 89.375 0.55054
26.125 89.875 0.48834
26.125 90.125 0.47431
26.125 90.375 0.45379
26.125 90.625 -0.070232
26.125 90.875 0.10596
26.125 91.125 0.38042
26.125 91.375 0.79175
26.125 91.625 0.087202
26.125 91.875 0.12418
26.125 92.125 0.57332
26.125 92.375 1.11
26.125 92.625 1.191
26.125 92.875 0.33323
26.125 93.125 -0.2062
26.125 93.375 0.31611
26.125 93.625 1.1727
26.125 93.875 1.8481
26.125 94.125 1.838
26.125 94.375 1.6118
26.125 94.625 1.4964
26.125 94.875 1.3145
26.375 70.375 -0.55201
26.375 70.625 -0.49153
26.375 70.875 -0.33879
26.375 71.125 -0.60786
26.375 71.375 -0.88132
26.375 71.625 -0.28439
26.375 71.875 -0.029048
26.375 72.125 0.11994
26.375 72.375 -0.25637
26.375 72.625 -0.75864
26.375 72.875 -0.22925
26.375 73.125 -0.90495
26.375 73.375 -0.62105
26.375 73.625 0.53311
26.375 73.875 0.83267
26.375 74.125 0.39045
26.375 74.375 1.2828
26.375 74.625 -1.153
26.375 74.875 0.05453
26.375 75.125 0.67933
26.375 75.375 0.9625
26.375 75.625 0.59899
26.375 75.875 0.86418
26.375 76.125 1.1215
26.375 76.375 1.1334
26.375 76.625 1.3545
26.375 76.875 1.3055
26.375 77.125 1.5167
26.375 77.375 1.8308
26.375 77.625 1.5813
26.375 77.875 1.0478
26.375 78.125 1.6393
26.375 78.375 1.6056
26.375 78.625 2.1563
26.375 78.875 2.3871
26.375 79.125 2.4692
26.375 79.375 0.15122
26.375 79.625 -0.1481
26.375 79.875 2.1548
26.375 80.125 2.175
26.375 80.375 1.5603
26.375 80.625 0.93444
26.375 80.875 1.659
26.375 81.125 0.94015
26.375 81.375 -1.0444
26.375 81.625 -0.8503
26.375 81.875 0.46441
26.375 82.125 0.64142
26.375 82.375 1.3412
26.375 82.625 0.97646
26.375 82.875 1.5839
26.375 83.125 1.162
26.375 83.375 0.11551
26.375 83.625 0.87977
26.375 83.875 1.1972
26.375 84.125 1.3867
26.375 84.375 1.1258
26.375 84.625 0.7139
26.375 84.875 0.16604
26.375 85.125 0.632
26.375 85.375 0.46896
26.375 85.625 0.38634
26.375 85.875 1.1533
26.375 86.125 1.036
26.375 86.375 0.29238
26.375 86.625 0.55948
26.375 86.875 0.8271
26.375 87.125 0.77233
26.375 87.625 0.71403
26.375 87.875 0.70286
26.375 88.125 0.59529
26.375 88.375 0.60146
26.375 88.875 0.55604
26.375 89.375 0.53069
26.375 89.625 0.48002
26.375 89.875 0.42162
26.375 90.125 0.42052
26.375 90.375 0.48583
26.375 90.625 0.46117
26.375 90.875 0.11324
26.375 91.125 -0.0036841
26.375 91.375 0.38473
26.375 91.625 0.12011
26.375 91.875 0.22586
26.375 92.125 0.77999
26.375 92.375 0.93293
26.375 92.625 0.89483
26.375 92.875 0.96093
26.375 93.125 0.20939
26.375 93.375 0.32738
26.375 93.625 1.0405
26.375 93.875 1.6043
26.375 94.125 1.6251
26.375 94.375 1.3657
26.375 94.625 1.2527
26.375 94.875 0.85718
26.625 69.875 -0.51108
26.625 70.125 -0.35972
26.625 70.375 -0.50763
26.625 70.625 -0.37917
26.625 70.875 -0.38119
26.625 71.125 -0.40568
26.625 71.375 -0.33813
26.625 71.625 -0.55627
26.625 71.875 -0.57576
26.625 72.125 -0.25014
26.625 72.375 -0.63649
26.625 72.625 -0.74282
26.625 72.875 -0.84307
26.625 73.125 -0.25054
26.625 73.375 -0.55592
26.625 73.625 0.37391
26.625 73.875 0.62072
26.625 74.125 0.33432
26.625 74.375 0.86068
26.625 74.625 0.18525
26.625 74.875 0.31937
26.625 75.125 0.2759
26.625 75.375 1.113
26.625 75.625 1.0579
26.625 75.875 0.75666
26.625 76.125 1.4117
26.625 76.375 1.3132
26.625 76.625 0.91958
26.625 76.875 1.296
26.625 77.125 1.7673
26.625 77.375 1.917
26.625 77.625 1.7421
26.625 77.875 0.49034
26.625 78.125 1.4903
26.625 78.375 2.2139
26.625 78.625 2.3292
26.625 78.875 1.9308
26.625 79.125 0.37773
26.625 79.375 1.7392
26.625 79.625 2.3247
26.625 79.875 1.8487
26.625 80.125 0.42886
26.625 80.375 2.1772
26.625 80.625 1.6616
26.625 80.875 1.7243
26.625 81.125 1.7312
26.625 81.375 1.1386
26.625 81.625 0.95241
26.625 81.875 1.9846
26.625 82.125 1.269
26.625 82.375 2.1349
26.625 82.625 -0.55575
26.625 82.875 1.5879
26.625 83.125 1.5793
26.625 83.375 0.10991
26.625 83.625 0.011206
26.625 83.875 0.46127
26.625 84.125 1.7174
26.625 84.375 1.2155
26.625 84.625 0.94981
26.625 84.875 0.17187
26.625 85.125 0.9782
26.625 85.375 0.48408
26.625 85.625 0.37803
26.625 86.125 0.95608
26.625 88.375 0.36981
26.625 88.625 0.67317
26.625 88.875 0.57974
26.625 89.125 0.55333
26.625 89.375 0.56807
26.625 89.625 0.62272
26.625 89.875 0.45282
26.625 90.125 0.26071
26.625 90.375 0.06671
26.625 90.625 0.25815
26.625 90.875 0.027852
26.625 91.125 0.27302
26.625 91.375 0.8777
26.625 91.625 -0.28911
26.625 91.875 0.22408
26.625 92.125 1.0445
26.625 92.375 0.51857
26.625 92.625 0.53776
26.625 92.875 0.68345
26.625 93.125 0.7876
26.625 93.375 0.21788
26.625 93.625 0.78101
26.625 93.875 1.1007
26.625 94.125 0.45984
26.625 94.375 0.44337
26.625 94.625 0.74982
26.625 94.875 0.89825
26.625 95.125 1.1648
26.875 69.625 -0.39888
26.875 69.875 -0.41027
26.875 70.125 -0.34303
26.875 70.375 -0.34215
26.875 70.625 -0.36169
26.875 70.875 -0.49655
26.875 71.125 -0.40648
26.875 71.375 -0.29634
26.875 71.625 0.13634
26.875 71.875 0.0015838
26.875 72.125 0.48229
26.875 72.375 0.41013
26.875 72.625 0.21344
26.875 72.875 0.78407
26.875 73.125 0.78648
26.875 73.375 0.71718
26.875 73.625 0.91955
26.875 73.875 0.8198
26.875 74.125 0.40382
26.875 74.375 0.98658
26.875 74.625 0.99368
26.875 74.875 1.023
26.875 75.125 0.51985
26.875 75.375 0.78803
26.875 75.625 0.42639
26.875 75.875 0.89223
26.875 76.125 1.5788
26.875 76.375 1.3925
26.875 76.625 0.97652
26.875 76.875 1.474
26.875 77.125 1.6082
26.875 77.375 1.2105
26.875 77.625 1.5707
26.875 77.875 1.4097
26.875 78.125 1.4001
26.875 78.375 1.8552
26.875 78.625 2.0214
26.875 78.875 2.0094
26.875 79.125 2.5708
26.875 79.375 2.6759
26.875 79.625 2.3377
26.875 79.875 2.432
26.875 80.125 1.452
26.875 80.375 2.0392
26.875 80.625 2.1571
26.875 80.875 1.9002
26.875 81.125 1.8244
26.875 81.375 1.6952
26.875 81.625 0.85074
26.875 81.875 1.6562
26.875 82.125 1.8546
26.875 82.375 0.32653
26.875 82.625 0.50694
26.875 82.875 1.2824
26.875 83.125 1.3055
26.875 83.375 -0.023507
26.875 83.625 -0.40909
26.875 83.875 0.4894
26.875 84.125 1.5663
26.875 84.375 1.3181
26.875 84.625 1.2503
26.875 84.875 0.96728
26.875 88.375 0.82075
26.875 88.625 0.66709
26.875 88.875 0.74141
26.875 92.375 0.47043
26.875 92.625 0.6501
26.875 92.875 0.73742
26.875 93.125 0.67451
26.875 93.375 0.1158
26.875 93.625 0.060476
26.875 93.875 -0.14058
26.875 94.125 -0.14201
26.875 94.375 0.78138
26.875 94.625 0.81824
26.875 94.875 0.71407
26.875 95.125 0.67907
26.875 95.375 0.95378
26.875 95.625 0.69087
27.125 69.875 -0.25355
27.125 70.125 -0.15269
27.125 70.375 -0.056922
27.125 70.625 -0.64531
27.125 70.875 -1.7698
27.125 71.125 -0.13386
27.125 71.375 -0.42695
27.125 71.625 -0.31582
27.125 71.875 0.22042
27.125 72.125 0.13894
27.125 72.375 0.12987
27.125 72.625 0.14632
27.125 72.875 0.71228
27.125 73.125 0.92544
27.125 73.375 0.81335
27.125 73.625 0.89626
27.125 73.875 1.1189
27.125 74.125 0.98835
27.125 74.375 0.64188
27.125 74.625 0.98841
27.125 74.875 0.45634
27.125 75.125 0.4239
27.125 75.375 0.65012
27.125 75.625 1.4222
27.125 75.875 1.2055
27.125 76.125 1.1387
27.125 76.375 1.3888
27.125 76.625 1.4476
27.125 76.875 1.6589
27.125 77.125 1.529
27.125 77.375 1.0037
27.125 77.625 1.6042
27.125 77.875 0.87781
27.125 78.125 2.0109
27.125 78.375 1.6073
27.125 78.625 0.13706
27.125 78.875 1.3602
27.125 79.125 2.2831
27.125 79.375 1.3916
27.125 79.625 1.9921
27.125 79.875 2.3923
27.125 80.125 2.177
27.125 80.375 2.0947
27.125 80.625 1.5008
27.125 80.875 0.43608
27.125 81.125 1.8897
27.125 81.375 1.9174
27.125 81.625 1.7203
27.125 81.875 1.7471
27.125 82.125 1.6666
27.125 82.375 0.67705
27.125 82.625 1.6758
27.125 82.875 1.6124
27.125 83.125 1.2425
27.125 83.375 1.5579
27.125 83.625 1.5629
27.125 83.875 1.3051
27.125 84.125 0.70834
27.125 84.375 1.1742
27.125 84.625 1.125
27.125 88.125 0.99472
27.125 88.375 0.89212
27.125 88.625 0.83758
27.125 92.125 -0.062451
27.125 92.375 0.80516
27.125 92.625 0.81318
27.125 92.875 0.71277
27.125 93.125 -0.082255
27.125 93.375 0.17248
27.125 93.625 0.23456
27.125 93.875 0.76506
27.125 94.125 0.55237
27.125 94.375 0.48408
27.125 94.625 0.60576
27.125 94.875 0.63459
27.125 95.125 0.89221
27.125 95.375 1.0001
27.125 95.625 0.76032
27.125 95.875 0.23806
27.375 70.125 -0.072965
27.375 70.375 -0.08798
27.375 70.625 -1.2151
27.375 70.875 -0.42552
27.375 71.125 -0.21929
27.375 71.375 -0.36861
27.375 71.625 -0.48152
27.375 71.875 0.088168
27.375 72.125 -0.24993
27.375 72.375 0.065138
27.375 72.625 -0.1427
27.375 72.875 0.15698
27.375 73.125 0.58431
27.375 73.375 0.60949
27.375 73.625 0.79663
27.375 73.875 0.77143
27.375 74.125 0.79622
27.375 74.375 0.48487
27.375 74.625 0.82795
27.375 74.875 0.85552
27.375 75.125 0.70689
27.375 75.375 0.33202
27.375 75.625 1.3276
27.375 75.875 1.3565
27.375 76.125 0.7523
27.375 76.375 0.96364
27.375 76.625 1.0211
27.375 76.875 1.5419
27.375 77.125 1.2191
27.375 77.375 -0.62663
27.375 77.625 0.62716
27.375 77.875 1.4141
27.375 78.125 1.7883
27.375 78.375 0.9335
27.375 78.625 1.6709
27.375 78.875 2.4447
27.375 79.125 2.4724
27.375 79.375 0.51362
27.375 79.625 0.6036
27.375 79.875 2.552
27.375 80.125 1.4812
27.375 80.375 1.1551
27.375 80.625 0.20852
27.375 80.875 -0.27905
27.375 81.125 1.7496
27.375 81.375 1.76
27.375 81.625 0.5698
27.375 81.875 1.5764
27.375 82.125 1.7812
27.375 82.375 1.3674
27.375 82.625 1.7289
27.375 82.875 1.3022
27.375 83.125 1.2586
27.375 83.625 1.4573
27.375 84.125 1.2232
27.375 84.375 1.7841
27.375 88.125 1.0842
27.375 88.375 0.83206
27.375 88.625 0.76094
27.375 92.125 -0.66709
27.375 92.375 1.0242
27.375 92.625 -0.23337
27.375 92.875 0.60989
27.375 93.125 -2.8814
27.375 93.375 -1.8759
27.375 93.625 0.88968
27.375 93.875 0.96329
27.375 94.125 0.98218
27.375 94.375 0.77434
27.375 94.625 0.73843
27.375 94.875 0.52516
27.375 95.125 0.75151
27.375 95.375 0.76064
27.375 95.625 0.062723
27.375 95.875 -0.090538
27.375 96.125 -0.71076
27.375 96.375 -0.58595
27.375 96.625 -0.25672
27.375 96.875 -0.49817
27.625 70.125 -0.054211
27.625 70.375 -0.12323
27.625 70.625 -0.19059
27.625 70.875 -0.27384
27.625 71.125 -0.42412
27.625 71.375 -0.38152
27.625 71.625 -0.35968
27.625 71.875 0.087869
27.625 72.125 0.26333
27.625 72.375 0.15934
27.625 72.625 0.00042976
27.625 72.875 0.066707
27.625 73.125 -0.07831
27.625 73.375 0.37179
27.625 73.625 1.5015
27.625 73.875 0.96963
27.625 74.125 1.1538
27.625 74.375 0.92299
27.625 74.625 1.0249
27.625 74.875 0.95259
27.625 75.125 0.40931
27.625 75.375 0.88229
27.625 75.625 1.1903
27.625 75.875 0.58729
27.625 76.125 0.541
27.625 76.375 0.75696
27.625 76.625 1.7324
27.625 76.875 1.8488
27.625 77.125 -0.16384
27.625 77.375 -0.38414
27.625 77.625 -0.88637
27.625 77.875 0.69244
27.625 78.125 2.118
27.625 78.375 1.861
27.625 78.625 0.52702
27.625 78.875 2.3938
27.625 79.125 2.068
27.625 79.375 0.65074
27.625 79.625 0.88891
27.625 79.875 2.5967
27.625 80.125 2.6193
27.625 80.375 1.3466
27.625 80.625 0.78407
27.625 80.875 1.1002
27.625 81.125 1.9112
27.625 81.375 2.0598
27.625 81.625 1.7103
27.625 81.875 1.6124
27.625 82.125 1.5713
27.625 82.375 1.4423
27.625 82.625 1.6607
27.625 88.375 0.86909
27.625 88.625 0.84293
27.625 91.625 -0.048405
27.625 91.875 -0.96158
27.625 92.125 0.30906
27.625 92.375 0.81631
27.625 92.625 1.1577
27.625 92.875 0.52836
27.625 93.125 -0.74561
27.625 93.375 -0.36706
27.625 93.625 0.26672
27.625 93.875 -0.8979
27.625 94.125 0.11329
27.625 94.375 0.64428
27.625 94.625 0.51902
27.625 94.875 -0.053384
27.625 95.125 -0.076735
27.625 95.375 0.10202
27.625 95.625 -0.30849
27.625 95.875 -0.49158
27.625 96.125 -1.6882
27.625 96.375 -0.88646
27.625 96.625 -0.95061
27.625 96.875 -0.89979
27.875 70.375 -0.051251
27.875 71.875 -0.13557
27.875 72.125 -0.039834
27.875 72.375 -0.23343
27.875 72.625 0.20063
27.875 72.875 -0.07271
27.875 73.125 0.11188
27.875 73.375 0.69587
27.875 73.625 1.9586
27.875 73.875 1.8456
27.875 74.125 0.97696
27.875 74.375 0.84196
27.875 74.625 0.9051
27.875 74.875 0.61529
27.875 75.125 0.56685
27.875 75.375 0.99296
27.875 75.625 0.90638
27.875 75.875 -0.21603
27.875 76.125 -0.040239
27.875 76.375 1.1971
27.875 76.625 0.87655
27.875 76.875 1.055
27.875 77.125 1.1897
27.875 77.375 -0.010887
27.875 77.625 -1.2455
27.875 77.875 0.79739
27.875 78.125 1.9815
27.875 78.375 2.2501
27.875 78.625 2.0688
27.875 78.875 1.8585
27.875 79.125 0.96455
27.875 79.375 2.1348
27.875 79.625 2.1114
27.875 79.875 2.2194
27.875 80.125 2.4442
27.875 80.375 2.0843
27.875 80.625 1.0752
27.875 80.875 0.82331
27.875 81.125 2.0737
27.875 81.375 2.0071
27.875 81.625 1.9626
27.875 88.375 0.90026
27.875 88.625 0.80641
27.875 92.875 0.46713
27.875 93.125 -0.56835
27.875 93.375 -2.6765
27.875 93.625 -1.161
27.875 93.875 -3.7414
27.875 94.125 -1.1313
27.875 94.375 0.22928
27.875 94.625 0.34773
27.875 94.875 0.61789
27.875 95.125 0.5969
27.875 95.375 -0.77498
27.875 95.625 -0.75966
27.875 95.875 -2.0604
27.875 96.125 -1.2721
27.875 96.375 -1.5999
27.875 96.625 -1.1746
27.875 96.875 -0.58382
27.875 97.125 -0.71605
28.125 72.125 -0.55552
28.125 72.375 -0.33873
28.125 72.625 -0.019006
28.125 72.875 0.71935
28.125 73.125 1.5725
28.125 73.375 1.5851
28.125 73.625 1.5848
28.125 73.875 0.97002
28.125 74.125 0.32249
28.125 74.375 0.41409
28.125 74.625 0.91898
28.125 74.875 0.97804
28.125 75.125 0.63649
28.125 75.375 0.88576
28.125 75.625 0.98469
28.125 75.875 0.31692
28.125 76.125 0.48694
28.125 76.375 0.716
28.125 76.625 1.6248
28.125 76.875 2.0484
28.125 77.125 1.2043
28.125 77.375 1.1392
28.125 77.625 0.79786
28.125 77.875 1.5175
28.125 78.125 1.9634
28.125 78.375 2.2127
28.125 78.625 1.8262
28.125 78.875 2.3802
28.125 79.125 2.2418
28.125 79.375 1.7349
28.125 79.625 2.0599
28.125 79.875 2.013
28.125 80.125 2.175
28.125 80.375 1.9865
28.125 80.625 1.9638
28.125 80.875 1.8167
28.125 81.125 1.546
28.125 81.375 2.0137
28.125 92.875 0.50612
28.125 93.125 -0.57481
28.125 93.375 -1.1322
28.125 93.625 -1.3526
28.125 93.875 -3.1804
28.125 94.125 -1.0533
28.125 94.375 0.0091698
28.125 94.625 -0.38127
28.125 94.875 0.52299
28.125 95.125 0.36658
28.125 95.375 -0.20277
28.125 95.625 -1.1619
28.125 95.875 -2.1399
28.125 96.125 -1.3938
28.125 96.375 -1.0262
28.125 96.625 -0.77654
28.125 96.875 -0.64359
28.125 97.125 -0.21383
28.375 72.375 -0.64888
28.375 72.625 -0.7591
28.375 72.875 -0.32697
28.375 73.125 0.8349
28.375 73.375 0.39436
28.375 73.625 0.20585
28.375 73.875 0.37724
28.375 74.125 0.24777
28.375 74.375 0.20758
28.375 74.625 0.66112
28.375 74.875 0.37108
28.375 75.125 0.35869
28.375 75.375 0.99338
28.375 75.625 1.0588
28.375 75.875 1.3409
28.375 76.125 0.50933
28.375 76.375 0.74624
28.375 76.625 0.77623
28.375 76.875 1.5398
28.375 77.125 0.84876
28.375 77.375 0.43376
28.375 77.625 0.89869
28.375 77.875 1.3427
28.375 78.125 2.3371
28.375 78.375 2.0403
28.375 78.625 1.6877
28.375 78.875 0.80831
28.375 79.125 2.0289
28.375 79.375 1.8538
28.375 79.625 0.8928
28.375 79.875 1.602
28.375 80.125 1.7799
28.375 80.375 1.783
28.375 80.625 1.7776
28.375 80.875 1.8446
28.375 81.125 1.9059
28.375 93.375 -0.70425
28.375 93.625 -0.32243
28.375 93.875 0.64373
28.375 94.125 0.58196
28.375 94.375 0.59823
28.375 94.625 0.62147
28.375 94.875 0.55651
28.375 95.125 0.44701
28.375 95.375 0.39204
28.375 95.625 0.0074779
28.375 95.875 -0.51707
28.375 96.125 -2.824
28.375 96.625 -0.78901
28.625 72.375 -0.3463
28.625 72.625 -0.29972
28.625 72.875 -0.26343
28.625 73.125 0.18796
28.625 73.375 0.65617
28.625 73.625 0.42048
28.625 73.875 -0.068343
28.625 74.125 -0.15738
28.625 74.375 0.064837
28.625 74.625 0.25241
28.625 74.875 0.17624
28.625 75.125 0.2756
28.625 75.375 -0.25918
28.625 75.625 0.10559
28.625 75.875 0.15998
28.625 76.125 -0.12597
28.625 76.375 0.38126
28.625 76.625 0.84955
28.625 76.875 1.116
28.625 77.125 -0.26858
28.625 77.375 0.62101
28.625 77.625 0.5345
28.625 77.875 0.3916
28.625 78.125 2.1648
28.625 78.375 1.8942
28.625 78.625 0.82438
28.625 78.875 1.5654
28.625 79.125 1.673
28.625 79.375 1.3433
28.625 79.625 1.5144
28.625 79.875 1.4605
28.625 80.125 1.6896
28.625 80.375 2.2848
28.625 80.625 1.8046
28.625 93.625 0.74908
28.625 93.875 0.77144
28.625 94.125 0.84145
28.625 94.375 -2.2596
28.625 94.625 0.69587
28.625 94.875 0.61672
28.625 95.125 0.48571
28.625 95.375 -0.32284
28.625 95.625 -1.7746
28.625 95.875 -0.74312
28.625 96.125 -2.86
28.625 96.375 3.1615
28.875 72.875 -0.53056
28.875 73.125 0.056651
28.875 73.375 1.0401
28.875 73.625 0.75067
28.875 73.875 0.20016
28.875 74.125 -0.36942
28.875 74.375 -0.6298
28.875 74.625 -0.54355
28.875 74.875 -0.022213
28.875 75.125 -0.50799
28.875 75.375 0.11658
28.875 75.625 0.0779
28.875 75.875 0.26451
28.875 76.125 0.48929
28.875 76.375 0.0070723
28.875 76.625 -0.35579
28.875 76.875 0.24274
28.875 77.125 1.7222
28.875 77.375 1.7568
28.875 77.625 1.6951
28.875 77.875 2.0765
28.875 78.125 2.0404
28.875 78.375 1.8019
28.875 78.625 0.97371
28.875 78.875 1.2686
28.875 79.125 1.6227
28.875 79.375 1.4563
28.875 79.625 1.6258
28.875 79.875 1.4938
28.875 94.125 0.76291
28.875 94.375 0.7664
28.875 94.625 -0.40524
28.875 94.875 0.6893
28.875 95.125 0.7087
28.875 95.375 0.50988
28.875 95.625 -0.25868
28.875 95.875 -0.94098
28.875 96.125 -0.61337
28.875 96.375 3.165
29.125 73.125 -0.25877
29.125 73.375 1.9861
29.125 73.625 0.51013
29.125 73.875 0.39485
29.125 74.125 0.11026
29.125 74.375 -0.59645
29.125 74.625 -0.51981
29.125 74.875 -0.32862
29.125 75.125 -0.3293
29.125 75.375 0.49897
29.125 75.625 0.44248
29.125 75.875 -0.28966
29.125 76.125 -0.38835
29.125 76.375 -1.2027
29.125 76.625 0.24774
29.125 76.875 -0.043452
29.125 77.125 1.2337
29.125 77.375 1.715
29.125 77.625 1.8119
29.125 77.875 1.9844
29.125 78.125 1.9922
29.125 78.375 1.9181
29.125 78.625 1.7942
29.125 78.875 1.4759
29.125 79.125 1.4693
29.125 79.375 1.5594
29.125 79.625 1.6165
29.125 79.875 1.6847
29.125 80.125 1.6985
29.125 94.375 0.82627
29.125 94.625 0.75837
29.125 94.875 0.74098
29.125 95.625 -0.72765
29.125 95.875 -0.028015
29.125 96.125 2.4431
29.375 73.375 0.029215
29.375 73.625 0.32002
29.375 73.875 0.54841
29.375 74.125 0.20034
29.375 74.375 -0.38296
29.375 74.625 -0.3897
29.375 74.875 -0.0098923
29.375 75.125 0.0083948
29.375 75.375 -0.40995
29.375 75.625 -0.021772
29.375 75.875 -1.3025
29.375 76.125 0.32781
29.375 76.375 -1.0017
29.375 76.625 0.76382
29.375 76.875 -1.4204
29.375 77.125 -0.73771
29.375 77.375 1.4666
29.375 77.625 1.8435
29.375 77.875 1.936
29.375 78.125 1.7593
29.375 78.375 1.8358
29.375 78.625 1.1484
29.375 78.875 1.2241
29.375 79.125 1.5989
29.375 79.375 2.1289
29.375 79.625 0.90138
29.375 79.875 1.5734
29.375 80.125 1.3713
29.375 96.125 2.4925
29.625 73.375 0.3046
29.625 73.625 0.48688
29.625 73.875 0.38133
29.625 74.125 0.22908
29.625 74.375 -0.41127
29.625 74.625 -1.1677
29.625 74.875 -0.72295
29.625 75.125 -0.30648
29.625 75.375 -0.54163
29.625 75.625 1.5038
29.625 75.875 -0.072642
29.625 76.125 -0.61166
29.625 76.375 0.2012
29.625 76.625 0.57476
29.625 76.875 0.19114
29.625 77.125 0.3131
29.625 77.375 0.91422
29.625 77.625 1.3284
29.625 77.875 1.2974
29.625 78.125 1.592
29.625 78.375 1.2693
29.625 78.625 -0.38083
29.625 78.875 0.63145
29.625 79.125 1.6972
29.625 79.375 1.8007
29.625 79.625 0.81974
29.625 79.875 1.4271
29.625 80.125 1.363
29.875 73.625 0.77152
29.875 73.875 0.012074
29.875 74.125 0.2839
29.875 74.375 -1.3977
29.875 74.625 -1.5759
29.875 74.875 -1.4929
29.875 75.125 -0.71994
29.875 75.375 -0.26487
29.875 75.625 0.073424
29.875 75.875 -0.0030055
29.875 76.125 0.13626
29.875 76.375 0.23656
29.875 76.625 0.66638
29.875 76.875 -1.0061
29.875 77.125 0.45754
29.875 77.375 1.0048
29.875 77.625 1.1211
29.875 77.875 1.3787
29.875 78.125 0.62412
29.875 78.375 1.5051
29.875 78.625 1.1908
29.875 78.875 1.5293
29.875 79.125 1.1748
29.875 79.375 1.2082
29.875 79.625 1.463
29.875 79.875 1.287
29.875 80.125 1.3245
29.875 80.375 1.244
30.125 74.125 -1.1053
30.125 74.375 -1.5156
30.125 74.625 -1.2692
30.125 74.875 -1.1625
30.125 75.125 -0.051211
30.125 75.375 0.2592
30.125 75.625 0.050665
30.125 75.875 -0.9832
30.125 76.125 0.33071
30.125 76.375 0.036089
30.125 76.625 0.14184
30.125 76.875 0.67226
30.125 77.125 0.47119
30.125 77.375 0.23419
30.125 77.625 1.0079
30.125 77.875 1.0457
30.125 78.125 1.7492
30.125 78.375 2.1254
30.125 78.625 1.7848
30.125 78.875 1.9815
30.125 79.125 1.9337
30.125 79.375 1.8459
30.125 79.625 1.3975
30.125 79.875 1.1176
30.125 80.125 1.0685
30.125 80.375 1.1676
30.125 80.625 1.1879
30.375 74.125 -1.052
30.375 74.375 -0.91057
30.375 74.625 -0.32523
30.375 74.875 -0.1194
30.375 75.125 0.38091
30.375 75.375 0.69927
30.375 75.625 0.25903
30.375 75.875 -0.8204
30.375 76.125 -0.67632
30.375 76.375 -0.26135
30.375 76.625 -1.1517
30.375 76.875 -0.15392
30.375 77.125 1.4008
30.375 77.375 1.2585
30.375 77.625 1.4179
30.375 77.875 1.3582
30.375 78.125 1.1653
30.375 78.375 0.7948
30.375 78.625 1.8432
30.375 78.875 1.7623
30.375 79.125 1.7518
30.375 79.375 1.5765
30.375 79.625 1.4513
30.375 79.875 0.95961
30.375 80.125 1.1716
30.375 80.375 0.90529
30.375 80.625 1.1474
30.625 74.375 -0.47498
30.625 74.625 -0.47203
30.625 74.875 -0.50412
30.625 75.125 -0.027896
30.625 75.375 0.45693
30.625 75.625 0.4389
30.625 75.875 -0.78749
30.625 76.125 -1.0704
30.625 76.375 -1.3924
30.625 76.625 1.2251
30.625 76.875 1.2733
30.625 77.125 1.2899
30.625 77.375 1.4131
30.625 77.625 1.3556
30.625 77.875 1.5781
30.625 78.125 1.6148
30.625 78.375 0.73919
30.625 78.625 1.458
30.625 78.875 1.6426
30.625 79.125 1.7477
30.625 79.375 1.2145
30.625 79.625 1.616
30.625 79.875 1.5338
30.625 80.125 0.89269
30.875 74.625 -0.89315
30.875 74.875 -0.18103
30.875 75.125 0.85959
30.875 75.375 -0.61957
30.875 75.625 0.2689
30.875 75.875 -0.65571
30.875 76.125 -0.29392
30.875 76.375 0.4766
30.875 76.625 1.5467
30.875 76.875 0.77606
30.875 77.125 1.6455
30.875 77.375 0.80998
30.875 77.625 1.7623
30.875 77.875 1.5031
30.875 78.125 1.334
30.875 78.375 1.0066
30.875 78.625 1.1408
30.875 78.875 1.4906
30.875 79.125 0.59894
30.875 79.375 1.0468
30.875 79.625 0.62784
30.875 79.875 1.5262
31.125 74.875 -0.79215
31.125 75.125 0.58198
31.125 75.375 -1.1525
31.125 75.625 -1.1074
31.125 75.875 0.24394
31.125 76.125 1.28
31.125 76.375 0.65945
31.125 76.625 0.65222
31.125 76.875 1.2102
31.125 77.125 1.5303
31.125 77.375 1.2868
31.125 77.625 1.5879
31.125 77.875 1.2977
31.125 78.125 0.13854
31.125 78.375 0.40565
31.125 78.625 0.32265
31.125 78.875 1.19
31.125 79.125 1.3833
31.375 74.875 -1.0996
31.375 75.125 -0.43079
31.375 75.375 -1.3035
31.375 75.625 0.14365
31.375 75.875 0.94017
31.375 76.125 0.49855
31.375 76.375 0.63488
31.375 76.625 0.70621
31.375 76.875 1.1599
31.375 77.125 1.5783
31.375 77.375 1.9297
31.375 77.625 2.132
31.375 77.875 0.65649
31.375 78.125 -0.15105
31.375 78.375 -0.19051
31.375 78.625 0.21458
31.625 74.875 -0.016306
31.625 75.125 0.72042
31.625 75.375 0.64939
31.625 75.625 0.94337
31.625 75.875 1.0756
31.625 76.125 0.65715
31.625 76.375 1.2327
31.625 76.625 1.0669
31.625 76.875 -1.7827
31.625 77.125 -0.2937
31.625 77.375 2.0589
31.625 77.625 1.855
31.625 77.875 1.0574
31.625 78.125 0.0512
31.625 78.375 -0.69613
31.625 78.625 -0.0060287
31.875 74.875 1.011
31.875 75.125 0.95561
31.875 75.375 -0.65869
31.875 75.625 0.95619
31.875 75.875 0.93342
31.875 76.125 0.93422
31.875 76.375 0.76031
31.875 76.625 0.97773
31.875 76.875 0.44159
31.875 77.125 0.6161
31.875 77.375 1.1612
31.875 77.625 1.1547
31.875 77.875 -0.0038648
31.875 78.125 0.060768
31.875 78.375 -0.14572
31.875 78.625 -0.25103
32.125 75.375 1.1417
32.125 75.625 0.99355
32.125 75.875 1.0006
32.125 76.125 1.1829
32.125 76.375 0.75764
32.125 76.625 0.39633
32.125 76.875 0.031629
32.125 77.125 0.69362
32.125 77.375 -0.047176
32.125 77.625 0.20186
32.125 77.875 0.0089296
32.125 78.125 -0.3604
32.125 78.375 -0.29614
32.375 75.375 1.0942
32.375 75.625 1.0488
32.375 75.875 1.0024
32.375 76.125 0.27127
32.375 76.375 0.27058
32.375 76.625 -0.82085
32.375 76.875 -0.67283
32.375 77.125 0.28135
32.375 77.375 -0.0113
32.375 77.625 -0.46816
32.375 77.875 -0.33847
32.375 78.125 -0.58932
32.375 78.375 -0.45592
32.625 74.875 0.76976
32.625 75.125 0.095626
32.625 75.375 0.27948
32.625 75.625 0.52621
32.625 75.875 0.57829
32.625 76.125 0.63318
32.625 76.375 -0.28255
32.625 76.625 -1.1074
32.625 76.875 -0.62744
32.625 77.125 0.0052016
32.625 77.375 -0.23058
32.625 77.625 -0.35735
32.625 77.875 -0.22277
32.625 78.125 -0.75018
32.625 78.375 -0.54394
32.625 78.625 -0.67499
32.625 78.875 -0.69462
32.625 79.125 -0.74669
32.625 79.375 -0.4023
32.875 74.375 0.84673
32.875 74.625 0.6988
32.875 74.875 0.40764
32.875 75.125 -0.020279
32.875 75.375 -0.35562
32.875 75.625 -0.18711
32.875 75.875 -0.039249
32.875 76.125 0.19779
32.875 76.375 0.44335
32.875 76.625 -0.21366
32.875 76.875 -0.49669
32.875 77.125 -0.5297
32.875 77.375 -0.39939
32.875 77.625 -0.53331
32.875 77.875 -0.51248
32.875 78.125 0.10932
32.875 78.375 -0.55937
32.875 78.625 -0.71631
32.875 78.875 -0.66083
32.875 79.125 -0.68847
32.875 79.375 -0.62199
33.125 73.875 0.55662
33.125 74.125 0.52431
33.125 74.375 0.82969
33.125 74.625 0.92463
33.125 74.875 0.55303
33.125 75.125 -0.36841
33.125 75.375 -0.75655
33.125 75.625 -1.0374
33.125 75.875 -0.54184
33.125 76.125 -0.075221
33.125 76.375 -0.85521
33.125 76.625 -0.56391
33.125 76.875 -0.52744
33.125 77.125 -1.1601
33.125 77.375 -0.83855
33.125 77.625 -0.68223
33.125 77.875 -0.6283
33.125 78.125 -0.46834
33.125 78.375 -0.57058
33.125 78.625 -0.6847
33.125 78.875 -0.74349
33.125 79.125 -0.74547
33.375 73.875 0.47273
33.375 74.125 0.5316
33.375 74.375 0.037644
33.375 74.625 -0.64163
33.375 74.875 -0.81884
33.375 75.125 -0.91948
33.375 75.375 -0.28577
33.375 75.625 -2.5937
33.375 75.875 -0.62624
33.375 76.125 -0.35278
33.375 76.375 -0.37652
33.375 76.625 -0.66092
33.375 76.875 -0.90278
33.375 77.125 -0.83883
33.375 77.375 -0.89668
33.375 77.625 -0.93391
33.375 77.875 -0.94258
33.375 78.125 -0.81415
33.375 78.375 -0.80559
33.375 78.625 -0.79911
33.375 78.875 -0.84785
33.625 73.875 0.71326
33.625 74.125 0.43127
33.625 74.375 -1.0753
33.625 74.625 -1.0744
33.625 74.875 -0.70312
33.625 75.125 -0.6842
33.625 75.375 -0.62788
33.625 75.625 -0.62903
33.625 75.875 -0.76177
33.625 76.125 -1.1037
33.625 76.375 -0.40407
33.625 76.625 -1.0925
33.625 76.875 -0.82021
33.625 77.125 -0.85567
33.625 77.375 -0.85821
33.625 77.625 -0.83156
33.625 77.875 -1.3578
33.625 78.125 -0.88648
33.625 78.375 -0.88864
33.625 78.625 -0.74117
33.625 78.875 -0.86434
33.875 73.875 0.10603
33.875 74.125 -0.3619
33.875 74.375 -1.0797
33.875 74.625 -0.48052
33.875 74.875 -0.478
33.875 75.125 -0.019738
33.875 75.375 -0.24654
33.875 75.625 -1.0337
33.875 75.875 -0.92921
33.875 76.125 -1.2403
33.875 76.375 -1.1202
33.875 76.625 -1.0706
33.875 76.875 -1.0255
33.875 77.125 -1.0468
33.875 77.375 -0.9736
33.875 77.625 -0.89138
33.875 77.875 -0.87525
33.875 78.125 -0.91916
33.875 78.375 -0.92967
33.875 78.625 -0.88413
33.875 78.875 -0.8506
34.125 73.625 -1.258
34.125 73.875 -0.98869
34.125 74.125 -0.37042
34.125 74.375 -0.87595
34.125 74.625 -0.83223
34.125 74.875 -1.2163
34.125 75.125 -0.29556
34.125 75.375 -0.98602
34.125 75.625 -1.8383
34.125 75.875 -1.4693
34.125 76.125 -1.475
34.125 76.375 -1.0437
34.125 76.625 -1.116
34.125 76.875 -1.0373
34.125 77.125 -1.0636
34.125 77.375 -1.0149
34.125 77.625 -1.056
34.125 77.875 -0.91883
34.125 78.125 -0.94274
34.125 78.375 -1.4505
34.125 78.625 -0.88136
34.125 78.875 -0.8824
34.125 79.125 -0.81968
34.125 79.375 -0.68461
34.375 73.625 -0.80254
34.375 73.875 -1.2467
34.375 74.125 -1.493
34.375 74.375 -1.1243
34.375 74.625 -0.96188
34.375 74.875 -0.81469
34.375 75.125 -0.82122
34.375 75.375 -1.4959
34.375 75.625 -2.5837
34.375 75.875 -2.2835
34.375 76.125 -1.3427
34.375 76.375 -0.98136
34.375 76.625 -1.3306
34.375 76.875 -1.9405
34.375 77.125 -1.1754
34.375 77.375 -1.0997
34.375 77.625 -1.0638
34.375 77.875 -1.0452
34.375 78.125 -0.87381
34.375 78.375 -0.88846
34.375 78.625 -0.90522
34.375 78.875 -0.9168
34.375 79.125 -0.88173
34.375 79.375 -0.85328
34.625 73.875 -1.5012
34.625 74.125 -1.1765
34.625 74.375 -1.297
34.625 74.625 -1.0276
34.625 74.875 -1.1917
34.625 75.125 -0.80853
34.625 75.375 -1.7146
34.625 75.625 -1.6723
34.625 75.875 -1.3913
34.625 76.125 -1.2089
34.625 76.375 -0.96624
34.625 76.625 -1.0866
34.625 76.875 -1.2277
34.625 77.125 -1.0703
34.625 77.375 -1.0255
34.625 77.625 -1.4776
34.625 77.875 -2.8623
34.625 78.125 -0.97268
34.625 78.375 -0.97556
34.625 78.625 -0.91514
34.625 78.875 -0.72343
34.625 79.125 -0.72793
34.625 79.375 -0.77042
34.625 79.625 -0.82299
34.875 74.125 -1.1325
34.875 74.375 -0.96198
34.875 74.625 -0.67904
34.875 74.875 -0.60208
34.875 75.125 -1.2817
34.875 75.375 -1.8109
34.875 75.625 -1.5967
34.875 75.875 -1.3267
34.875 76.125 -1.203
34.875 76.375 -0.88999
34.875 76.625 -1.0848
34.875 76.875 -1.0874
34.875 77.125 -1.077
34.875 77.375 -1.0103
34.875 77.625 -1.2875
34.875 77.875 -3.0042
34.875 78.125 -1.0172
34.875 78.375 -1.1119
34.875 78.625 -0.99955
34.875 78.875 -0.72948
34.875 79.125 -0.72856
34.875 79.375 -0.71522
34.875 79.625 -0.79933
34.875 79.875 -0.85286
35.125 74.375 -1.1105
35.125 74.625 -1.1546
35.125 74.875 -1.0798
35.125 75.125 -1.6514
35.125 75.375 -2.8314
35.125 75.625 -1.5538
35.125 75.875 -1.1985
35.125 76.125 -1.0985
35.125 76.375 -0.87642
35.125 76.625 -1.0368
35.125 76.875 -1.0901
35.125 77.125 -1.0583
35.125 77.375 -1.1365
35.125 77.625 -1.2879
35.125 77.875 -1.2786
35.125 78.125 -1.1735
35.125 78.375 -1.2189
35.125 78.625 -0.86515
35.125 78.875 -0.83614
35.125 79.125 -0.79399
35.125 79.375 -0.81829
35.125 79.625 -0.8587
35.125 79.875 -0.89869
35.375 73.875 -1.1109
35.375 74.125 -1.5001
35.375 74.375 -1.4451
35.375 74.625 -0.77934
35.375 74.875 -1.1936
35.375 75.125 -1.6305
35.375 75.375 -1.7638
35.375 75.625 -1.5305
35.375 75.875 -2.3426
35.375 76.125 -1.2147
35.375 76.375 -1.0592
35.375 76.625 -1.2218
35.375 76.875 -2.8752
35.375 77.125 -1.2463
35.375 77.375 -2.8236
35.375 77.625 -1.2734
35.375 77.875 -1.2128
35.375 78.125 -1.1614
35.375 78.375 -1.1792
35.375 78.625 -0.88417
35.375 78.875 -0.85771
35.375 79.125 -0.84386
35.375 79.375 -0.86435
35.375 79.625 -0.92369
35.375 79.875 -0.87405
35.375 80.125 -0.99308
35.625 73.375 -0.91068
35.625 73.625 -0.78609
35.625 73.875 -1.1596
35.625 74.125 -1.1928
35.625 74.375 -1.0829
35.625 74.625 -1.1929
35.625 74.875 -0.33459
35.625 75.125 -1.8968
35.625 75.375 -1.4376
35.625 75.625 -2.0962
35.625 75.875 -1.2164
35.625 76.125 -1.1726
35.625 76.375 -1.3741
35.625 76.625 -3.137
35.625 76.875 -3.178
35.625 77.125 -0.79717
35.625 78.375 -0.89246
35.625 78.625 -0.82012
35.625 78.875 -0.92657
35.625 79.125 -0.90039
35.625 79.375 -0.87472
35.625 79.625 -0.91125
35.625 79.875 -0.45029
35.625 80.125 -0.45396
35.875 73.125 0.76756
35.875 73.375 -0.68727
35.875 73.625 -0.96283
35.875 73.875 -1.5774
35.875 74.125 -1.0775
35.875 74.375 -1.3808
35.875 74.625 -0.8274
35.875 74.875 -0.8533
35.875 75.125 -0.81135
35.875 75.375 -1.7463
35.875 75.625 -2.0089
35.875 75.875 -2.2862
35.875 76.125 -1.4529
35.875 76.375 -0.089432
35.875 76.625 -0.13006
35.875 79.375 0.19667
36.125 72.625 0.49914
36.125 72.875 0.21363
36.125 73.125 -0.33236
36.125 73.375 -0.56547
36.125 73.625 -0.51607
36.125 73.875 -0.96197
36.125 74.125 -0.82289
36.125 74.375 -0.9621
36.125 74.625 0.30046
36.125 74.875 -1.4847
36.125 75.125 -1.4928
36.125 75.375 -2.2422
36.125 75.625 -1.3992
36.125 75.875 -0.38032
36.125 76.125 -0.27885
36.125 76.375 -0.024204
36.125 76.625 -0.059743
36.375 73.125 0.48597
36.375 73.375 0.13
36.375 73.625 -0.0013181
36.375 73.875 -0.36435
36.375 74.125 -0.98858
36.375 74.375 -0.77025
36.375 74.625 -0.65923
36.375 74.875 -1.2757
36.375 75.125 -1.2448
36.375 75.375 -2.629
36.375 75.625 -1.6424
36.375 75.875 -0.48857
36.375 76.125 -0.12678
36.625 73.375 0.1357
36.625 73.625 0.1655
36.625 73.875 -0.79888
36.625 74.125 -0.72944
36.625 74.375 -1.4558
36.625 74.625 -0.84457
36.625 74.875 -1.7324
36.625 75.125 -1.3286
36.625 75.375 -1.5554
36.625 75.625 -1.2376
36.875 73.875 0.16865
36.875 74.375 -0.19515
36.875 74.625 -1.0122
36.875 74.875 -1.0504
36.875 75.125 -1.4174
36.875 75.375 -2.2959
