8.125 77.375 1.1012
8.375 77.125 -0.15791
8.375 77.375 1.23
8.375 77.625 1.7438
8.375 77.875 1.6869
8.625 76.875 -0.27582
8.625 77.125 1.0366
8.625 77.375 1.2232
8.625 77.625 0.5132
8.625 77.875 2.0217
8.875 76.875 -0.20819
8.875 77.125 1.3327
8.875 77.375 0.42908
8.875 77.625 0.50227
8.875 77.875 -0.33731
9.125 76.625 1.4137
9.125 76.875 0.84917
9.125 77.125 0.82944
9.125 77.375 0.52566
9.125 77.625 1.125
9.125 77.875 -0.76657
9.125 78.125 1.3833
NaN NaN NaN
9.375 76.625 1.0155
9.375 76.875 0.95194
9.375 77.125 0.54235
9.375 77.375 0.72391
9.375 77.625 0.3028
9.375 77.875 0.065395
9.375 78.125 1.1191
9.375 78.375 0.98921
9.375 78.625 0.91971
NaN NaN NaN
9.625 76.375 1.0491
9.625 76.625 0.99377
9.625 76.875 1.2603
9.625 77.125 0.75431
9.625 77.375 0.44141
9.625 77.625 -0.55643
9.625 77.875 0.82753
9.625 78.125 0.15139
9.625 78.375 0.35671
9.625 78.625 0.81021
9.875 76.625 0.59388
9.875 76.875 0.67196
9.875 77.125 0.18866
9.875 77.375 -0.15746
9.875 77.625 0.4847
9.875 77.875 0.41891
9.875 78.125 -0.29115
9.875 78.375 0.61809
9.875 78.625 1.3474
9.875 78.875 0.86191
10.125 76.375 -0.20967
10.125 76.625 1.3079
10.125 76.875 1.8349
10.125 77.125 -0.16358
10.125 77.375 -1.2302
10.125 77.625 0.90292
10.125 77.875 0.58565
10.125 78.125 0.35228
10.125 78.375 0.70725
10.125 78.625 -0.30105
10.125 78.875 0.26866
10.125 79.125 0.69101
10.375 76.375 -0.21742
10.375 76.625 -0.055474
10.375 76.875 1.4601
10.375 77.125 0.83699
10.375 77.375 0.53604
10.375 77.625 0.84261
10.375 77.875 -0.421
10.375 78.125 0.23777
10.375 78.375 0.44886
10.375 78.625 -0.064626
10.375 78.875 0.23169
10.375 79.125 0.66153
NaN NaN NaN
NaN NaN NaN
10.625 76.125 0.38144
10.625 76.375 0.6319
10.625 76.625 -0.0007522
10.625 76.875 0.90218
10.625 77.125 -0.49495
10.625 77.375 -0.18023
10.625 77.625 0.74497
10.625 77.875 0.21786
10.625 78.125 -0.40462
10.625 78.375 -0.46636
10.625 78.625 0.38485
10.625 78.875 0.44968
10.625 79.125 1.8974
10.625 79.375 1.6458
10.625 79.625 1.4632
10.875 76.125 0.7708
10.875 76.375 1.1668
10.875 76.625 0.45114
10.875 76.875 0.026463
10.875 77.125 0.4597
10.875 77.375 0.59403
10.875 77.625 -0.58803
10.875 77.875 -0.4487
10.875 78.125 -0.95282
10.875 78.375 0.58799
10.875 78.625 1.5164
10.875 78.875 1.1554
10.875 79.125 0.94139
10.875 79.375 0.77145
10.875 79.625 1.3509
11.125 76.125 -0.33891
11.125 76.375 0.89382
11.125 76.625 2.2525
11.125 76.875 -1.0881
11.125 77.125 0.4803
11.125 77.375 0.012756
11.125 77.625 0.45752
11.125 77.875 0.90462
11.125 78.125 -0.76659
11.125 78.375 1.0785
11.125 78.625 0.68608
11.125 78.875 0.91233
11.125 79.125 1.2436
11.125 79.375 1.3586
11.125 79.625 0.99495
11.375 75.875 -0.11664
11.375 76.125 -0.23376
11.375 76.375 0.44104
11.375 76.625 0.83065
11.375 76.875 1.7529
11.375 77.125 0.038565
11.375 77.375 -0.30075
11.375 77.625 0.43101
11.375 77.875 0.68308
11.375 78.125 1.1979
11.375 78.375 0.41061
11.375 78.625 -0.52152
11.375 78.875 0.2728
11.375 79.125 -0.18254
11.375 79.375 0.8374
11.375 79.625 0.83527
11.625 75.875 0.12831
11.625 76.125 1.2782
11.625 76.375 -0.58574
11.625 76.625 1.1034
11.625 76.875 -0.75006
11.625 77.125 0.0056393
11.625 77.375 1.0112
11.625 77.625 0.39939
11.625 77.875 0.092557
11.625 78.125 0.23211
11.625 78.375 0.2236
11.625 78.625 0.90853
11.625 78.875 0.25214
11.625 79.125 1.174
11.625 79.375 1.1232
NaN NaN NaN
NaN NaN NaN
11.875 75.875 -0.65466
11.875 76.125 0.16022
11.875 76.375 0.26841
11.875 76.625 0.6116
11.875 76.875 -1.699
11.875 77.125 1.3354
11.875 77.375 1.1836
11.875 77.625 0.76263
11.875 77.875 0.11409
11.875 78.125 1.1041
11.875 78.375 1.0088
11.875 78.625 0.58
11.875 78.875 0.21135
11.875 79.125 1.5828
11.875 79.375 0.35161
11.875 79.625 0.52821
12.125 75.375 -1.0335
12.125 75.625 0.53462
12.125 75.875 1.0243
12.125 76.125 0.36764
12.125 76.375 -0.059991
12.125 76.625 0.0086948
12.125 76.875 -0.64847
12.125 77.125 1.3698
12.125 77.375 0.86847
12.125 77.625 0.53789
12.125 77.875 -0.89026
12.125 78.125 1.2069
12.125 78.375 1.4768
12.125 78.625 0.2933
12.125 78.875 -0.51627
12.125 79.125 0.7333
12.125 79.375 0.62022
12.125 79.625 0.42543
12.375 75.125 0.21264
12.375 75.375 -0.013265
12.375 75.625 0.23265
12.375 75.875 0.98577
12.375 76.125 1.312
12.375 76.375 0.89548
12.375 76.625 1.4119
12.375 76.875 -0.65316
12.375 77.125 -1.3177
12.375 77.375 0.27729
12.375 77.625 0.36286
12.375 77.875 0.65214
12.375 78.125 0.74404
12.375 78.375 0.78628
12.375 78.625 0.42736
12.375 78.875 -0.11904
12.375 79.125 0.48509
12.375 79.375 0.19345
12.375 79.625 0.2696
12.375 79.875 0.33093
12.625 75.125 -0.018868
12.625 75.375 0.076646
12.625 75.625 -0.27012
12.625 75.875 0.49336
12.625 76.125 0.95875
12.625 76.375 1.7774
12.625 76.625 1.4208
12.625 76.875 0.93959
12.625 77.125 -0.49571
12.625 77.375 0.5916
12.625 77.625 0.91233
12.625 77.875 0.054637
12.625 78.125 0.82613
12.625 78.375 1.0839
12.625 78.625 0.80829
12.625 78.875 1.2953
12.625 79.125 1.1246
12.625 79.375 -0.28746
12.625 79.625 -0.23886
12.625 79.875 -1.2628
12.875 75.125 0.40594
12.875 75.375 0.89182
12.875 75.625 -1.6777
12.875 75.875 -0.029908
12.875 76.125 0.51265
12.875 76.375 2.2327
12.875 76.625 1.6268
12.875 76.875 0.52161
12.875 77.125 0.52553
12.875 77.375 0.66492
12.875 77.625 1.3188
12.875 77.875 1.2525
12.875 78.125 1.3712
12.875 78.375 1.0698
12.875 78.625 1.1862
12.875 78.875 0.66188
12.875 79.125 0.82367
12.875 79.375 0.7373
12.875 79.625 0.59057
12.875 79.875 0.10255
NaN NaN NaN
13.125 75.125 -0.052856
13.125 75.375 0.096577
13.125 75.625 0.95198
13.125 75.875 0.52008
13.125 76.125 1.2937
13.125 76.375 1.6896
13.125 76.625 1.8861
13.125 76.875 0.98594
13.125 77.125 0.53905
13.125 77.375 0.57667
13.125 77.625 1.6611
13.125 77.875 0.52078
13.125 78.125 0.93351
13.125 78.375 1.1973
13.125 78.625 1.1376
13.125 78.875 0.69928
13.125 79.125 0.9446
13.125 79.375 0.60856
13.125 79.625 0.9822
13.125 79.875 1.0469
13.125 80.125 0.98716
NaN NaN NaN
13.375 75.125 0.074434
13.375 75.375 -0.25726
13.375 75.625 -0.15728
13.375 75.875 0.51895
13.375 76.125 1.5674
13.375 76.375 1.0024
13.375 76.625 0.98571
13.375 76.875 1.4021
13.375 77.125 1.0968
13.375 77.375 0.26857
13.375 77.625 0.56054
13.375 77.875 1.0596
13.375 78.125 0.0045619
13.375 78.375 0.52804
13.375 78.625 1.475
13.375 78.875 1.678
13.375 79.125 0.46763
13.375 79.375 -0.16892
13.375 79.625 1.2182
13.375 79.875 0.92104
13.375 80.125 0.93664
13.625 74.875 -1.2274
13.625 75.125 0.40195
13.625 75.375 0.31521
13.625 75.625 0.3091
13.625 75.875 0.56704
13.625 76.125 0.81312
13.625 76.375 0.056923
13.625 76.625 0.30715
13.625 76.875 0.25587
13.625 77.125 0.80752
13.625 77.375 -0.045672
13.625 77.625 1.2876
13.625 77.875 1.3977
13.625 78.125 0.60183
13.625 78.375 0.75068
13.625 78.625 0.32851
13.625 78.875 1.7307
13.625 79.125 1.9705
13.625 79.375 1.241
13.625 79.625 -0.031359
13.625 79.875 0.6136
13.625 80.125 0.92776
13.875 74.875 0.20168
13.875 75.125 1.129
13.875 75.375 0.70613
13.875 75.625 0.55457
13.875 75.875 0.73907
13.875 76.125 0.65228
13.875 76.375 0.50164
13.875 76.625 1.0581
13.875 76.875 -0.28434
13.875 77.125 0.42676
13.875 77.375 1.6238
13.875 77.625 1.5606
13.875 77.875 1.0574
13.875 78.125 -0.13305
13.875 78.375 1.6804
13.875 78.625 0.72913
13.875 78.875 1.516
13.875 79.125 1.3957
13.875 79.375 0.40153
13.875 79.625 -1.5508
13.875 79.875 0.16615
14.125 74.625 0.4958
14.125 74.875 0.64975
14.125 75.125 0.90261
14.125 75.375 1.3428
14.125 75.625 0.22921
14.125 75.875 0.87601
14.125 76.125 1.3972
14.125 76.375 1.7201
14.125 76.625 1.2993
14.125 76.875 1.8634
14.125 77.125 0.51796
14.125 77.375 0.97711
14.125 77.625 0.64553
14.125 77.875 0.59083
14.125 78.125 -0.093785
14.125 78.375 1.1609
14.125 78.625 0.74345
14.125 78.875 0.8804
14.125 79.125 1.3309
14.125 79.375 0.53027
14.125 79.625 0.48285
14.125 79.875 0.69408
14.375 74.625 -0.35914
14.375 74.875 1.2182
14.375 75.125 1.0354
14.375 75.375 0.98641
14.375 75.625 1.1968
14.375 75.875 1.3136
14.375 76.125 1.5947
14.375 76.375 1.9612
14.375 76.625 1.8985
14.375 76.875 1.6057
14.375 77.125 1.7775
14.375 77.375 1.3554
14.375 77.625 1.1217
14.375 77.875 0.46087
14.375 78.125 0.2298
14.375 78.375 1.7554
14.375 78.625 0.913
14.375 78.875 1.5436
14.375 79.125 1.5352
14.375 79.375 1.7165
14.375 79.625 1.3317
14.375 79.875 1.5937
NaN NaN NaN
14.625 74.625 -1.1176
14.625 74.875 0.46935
14.625 75.125 0.61725
14.625 75.375 0.96378
14.625 75.625 0.99703
14.625 75.875 1.0053
14.625 76.125 1.4222
14.625 76.375 1.5964
14.625 76.625 1.5944
14.625 76.875 2.1074
14.625 77.125 2.1127
14.625 77.375 1.0726
14.625 77.625 1.0243
14.625 77.875 1.6139
14.625 78.125 1.1549
14.625 78.375 1.4541
14.625 78.625 1.1424
14.625 78.875 2.0326
14.625 79.125 1.6788
14.625 79.375 1.6092
14.625 79.625 0.86015
14.625 79.875 1.2305
14.875 74.375 0.49532
14.875 74.625 -0.39378
14.875 74.875 0.022017
14.875 75.125 0.4178
14.875 75.375 -0.49623
14.875 75.625 1.0935
14.875 75.875 0.88217
14.875 76.125 0.73336
14.875 76.375 -0.23481
14.875 76.625 1.2886
14.875 76.875 2.0519
14.875 77.125 1.6264
14.875 77.375 0.10871
14.875 77.625 0.75345
14.875 77.875 0.6689
14.875 78.125 0.84287
14.875 78.375 1.5748
14.875 78.625 1.3912
14.875 78.875 1.6347
14.875 79.125 1.7293
14.875 79.375 0.71887
14.875 79.625 1.4347
14.875 79.875 1.2275
15.125 74.125 1.5843
15.125 74.375 0.96563
15.125 74.625 0.61464
15.125 74.875 0.58762
15.125 75.125 0.35041
15.125 75.375 0.86956
15.125 75.625 1.3789
15.125 75.875 1.2283
15.125 76.125 0.92359
15.125 76.375 0.12074
15.125 76.625 0.28984
15.125 76.875 1.3312
15.125 77.125 0.6678
15.125 77.375 0.16369
15.125 77.625 0.24589
15.125 77.875 -0.1025
15.125 78.125 0.60532
15.125 78.375 1.5804
15.125 78.625 1.6934
15.125 78.875 1.4803
15.125 79.125 1.1085
15.125 79.375 2.0645
15.125 79.625 2.3024
15.125 79.875 1.9786
15.375 73.875 -0.83741
15.375 74.125 0.47336
15.375 74.375 0.41979
15.375 74.625 0.5888
15.375 74.875 0.8116
15.375 75.125 1.4351
15.375 75.375 1.8378
15.375 75.625 1.5614
15.375 75.875 1.3273
15.375 76.125 0.95141
15.375 76.375 0.60196
15.375 76.625 0.67202
15.375 76.875 1.2723
15.375 77.125 0.79914
15.375 77.375 -0.03054
15.375 77.625 0.26349
15.375 77.875 -0.36839
15.375 78.125 0.45305
15.375 78.375 0.84067
15.375 78.625 1.6969
15.375 78.875 1.2042
15.375 79.125 1.3065
15.375 79.375 1.3132
15.375 79.625 0.95915
15.375 79.875 0.79456
15.625 73.875 -0.78869
15.625 74.125 -0.71729
15.625 74.375 -0.81097
15.625 74.625 1.2078
15.625 74.875 1.5895
15.625 75.125 1.4174
15.625 75.375 1.3508
15.625 75.625 1.3698
15.625 75.875 1.3535
15.625 76.125 1.6946
15.625 76.375 0.9182
15.625 76.625 0.87811
15.625 76.875 0.63957
15.625 77.125 0.61657
15.625 77.375 0.11558
15.625 77.625 0.58095
15.625 77.875 -0.56772
15.625 78.125 -0.16213
15.625 78.375 0.42138
15.625 78.625 0.008191
15.625 78.875 1.9356
15.625 79.125 0.92984
15.625 79.375 0.24785
15.625 79.625 0.58961
15.625 79.875 0.45183
15.625 80.125 -0.0021446
15.875 73.875 0.58998
15.875 74.125 -0.081861
15.875 74.375 -0.053242
15.875 74.625 1.5493
15.875 74.875 1.4753
15.875 75.125 1.2886
15.875 75.375 0.96646
15.875 75.625 1.3933
15.875 75.875 1.6625
15.875 76.125 0.88282
15.875 76.375 0.70553
15.875 76.625 0.7841
15.875 76.875 0.98438
15.875 77.125 0.3652
15.875 77.375 0.88709
15.875 77.625 -0.74432
15.875 77.875 1.5968
15.875 78.125 1.1375
15.875 78.375 1.9889
15.875 78.625 1.7042
15.875 78.875 0.75475
15.875 79.125 0.88089
15.875 79.375 1.3997
15.875 79.625 -0.82032
15.875 79.875 -0.26791
15.875 80.125 0.072933
15.875 80.375 -0.10661
NaN NaN NaN
15.875 80.875 -0.33795
16.125 73.625 1.6868
16.125 73.875 0.9516
16.125 74.125 0.85284
16.125 74.375 0.25071
16.125 74.625 1.508
16.125 74.875 1.5619
16.125 75.125 -0.336
16.125 75.375 -0.061445
16.125 75.625 0.61409
16.125 75.875 1.4791
16.125 76.125 0.19837
16.125 76.375 1.2975
16.125 76.625 0.63401
16.125 76.875 0.34062
16.125 77.125 0.5204
16.125 77.375 0.94731
16.125 77.625 0.049008
16.125 77.875 1.2421
16.125 78.125 1.4503
16.125 78.375 1.1945
16.125 78.625 1.0751
16.125 78.875 0.80396
16.125 79.125 0.58892
16.125 79.375 -0.52595
16.125 79.625 -1.02
16.125 79.875 0.27249
16.125 80.125 1.3291
16.125 80.375 1.024
16.125 80.625 0.32188
16.125 80.875 -0.010651
16.375 73.625 -0.1016
16.375 73.875 1.5819
16.375 74.125 0.70634
16.375 74.375 1.139
16.375 74.625 0.96478
16.375 74.875 1.8455
16.375 75.125 1.2728
16.375 75.375 0.45676
16.375 75.625 0.63011
16.375 75.875 1.5583
16.375 76.125 1.8973
16.375 76.375 1.5611
16.375 76.625 1.1745
16.375 76.875 0.97298
16.375 77.125 0.90055
16.375 77.375 0.99933
16.375 77.625 0.6781
16.375 77.875 1.0231
16.375 78.125 1.2364
16.375 78.375 1.433
16.375 78.625 1.0185
16.375 78.875 0.53451
16.375 79.125 0.62611
16.375 79.375 -0.08323
16.375 79.625 -0.43669
16.375 79.875 0.25232
16.375 80.125 0.59576
16.375 80.375 -0.10126
16.375 80.625 0.3314
16.375 80.875 0.48
16.375 81.125 0.24937
NaN NaN NaN
NaN NaN NaN
16.625 73.625 -0.16931
16.625 73.875 -0.32024
16.625 74.125 1.6504
16.625 74.375 -1.6039
16.625 74.625 1.3445
16.625 74.875 1.1775
16.625 75.125 1.1796
16.625 75.375 0.31375
16.625 75.625 0.45754
16.625 75.875 0.8519
16.625 76.125 1.0874
16.625 76.375 1.2177
16.625 76.625 -0.10152
16.625 76.875 0.49106
16.625 77.125 1.2697
16.625 77.375 1.7756
16.625 77.625 0.63912
16.625 77.875 1.6908
16.625 78.125 1.673
16.625 78.375 1.4852
16.625 78.625 1.1242
16.625 78.875 -0.0030035
16.625 79.125 -0.53132
16.625 79.375 -0.41868
16.625 79.625 -0.074977
16.625 79.875 -0.014403
16.625 80.125 0.67317
16.625 80.375 -0.45166
16.625 80.625 -0.36619
16.625 80.875 0.33746
16.625 81.125 -0.38564
16.625 81.375 -0.14516
16.625 81.625 0.54044
16.625 81.875 0.55087
16.625 82.125 0.25007
16.875 73.375 0.78975
16.875 73.625 -0.40856
16.875 73.875 -0.77296
16.875 74.125 -1.7691
16.875 74.375 0.69047
16.875 74.625 -1.0797
16.875 74.875 0.97276
16.875 75.125 1.2589
16.875 75.375 1.687
16.875 75.625 1.4284
16.875 75.875 0.86226
16.875 76.125 0.41059
16.875 76.375 0.67044
16.875 76.625 0.83754
16.875 76.875 0.43144
16.875 77.125 0.57895
16.875 77.375 0.84674
16.875 77.625 0.033009
16.875 77.875 0.20929
16.875 78.125 0.07383
16.875 78.375 -0.12016
16.875 78.625 0.20643
16.875 78.875 -0.95177
16.875 79.125 -0.76074
16.875 79.375 -0.63194
16.875 79.625 0.37558
16.875 79.875 0.15163
16.875 80.125 0.67554
16.875 80.375 0.39009
16.875 80.625 0.38276
16.875 80.875 0.5466
16.875 81.125 -0.10202
16.875 81.375 -0.47905
16.875 81.625 0.21319
16.875 81.875 -0.3026
16.875 82.125 -0.04236
17.125 73.375 0.63287
17.125 73.625 -0.16322
17.125 73.875 0.71446
17.125 74.125 0.30266
17.125 74.375 -0.7573
17.125 74.625 -1.3394
17.125 74.875 -1.0162
17.125 75.125 -1.2858
17.125 75.375 0.91848
17.125 75.625 1.3702
17.125 75.875 1.2711
17.125 76.125 0.7719
17.125 76.375 0.25773
17.125 76.625 0.39433
17.125 76.875 1.3628
17.125 77.125 0.56228
17.125 77.375 -0.11319
17.125 77.625 0.53789
17.125 77.875 0.7074
17.125 78.125 0.43487
17.125 78.375 0.55485
17.125 78.625 0.69038
17.125 78.875 1.4515
17.125 79.125 1.3611
17.125 79.375 0.25055
17.125 79.625 0.29794
17.125 79.875 0.38367
17.125 80.125 0.8639
17.125 80.375 0.79538
17.125 80.625 0.72676
17.125 80.875 0.66828
17.125 81.125 0.11624
17.125 81.375 0.24068
17.125 81.625 -0.56472
17.125 81.875 -0.6996
17.125 82.125 0.37129
17.125 82.375 0.54739
17.375 73.375 -0.16102
17.375 73.625 -0.91323
17.375 73.875 1.1328
17.375 74.125 -1.9562
17.375 74.375 -2.0373
17.375 74.625 -1.4199
17.375 74.875 -1.2152
17.375 75.125 -2.1424
17.375 75.375 -1.6266
17.375 75.625 0.34766
17.375 75.875 -1.0307
17.375 76.125 -0.16698
17.375 76.375 0.35601
17.375 76.625 0.016252
17.375 76.875 0.80743
17.375 77.125 1.1179
17.375 77.375 -0.32654
17.375 77.625 0.93668
17.375 77.875 0.13226
17.375 78.125 1.1108
17.375 78.375 0.5435
17.375 78.625 1.1891
17.375 78.875 2.0912
17.375 79.125 1.6533
17.375 79.375 1.0665
17.375 79.625 0.40019
17.375 79.875 1.1098
17.375 80.125 1.976
17.375 80.375 1.1601
17.375 80.625 0.34092
17.375 80.875 -0.10013
17.375 81.125 -0.50587
17.375 81.375 -0.041623
17.375 81.625 -0.73466
17.375 81.875 -0.60734
17.375 82.125 0.49804
17.375 82.375 0.53662
NaN NaN NaN
17.625 73.375 0.81161
17.625 73.625 -2.2769
17.625 73.875 0.72783
17.625 74.125 -1.7654
17.625 74.375 -2.0095
17.625 74.625 -1.2909
17.625 74.875 -0.15405
17.625 75.125 -0.17606
17.625 75.375 -0.75672
17.625 75.625 -0.16989
17.625 75.875 -1.0263
17.625 76.125 -0.38768
17.625 76.375 0.114
17.625 76.625 1.0079
17.625 76.875 1.0883
17.625 77.125 0.84497
17.625 77.375 0.13953
17.625 77.625 -0.38873
17.625 77.875 0.81015
17.625 78.125 1.1976
17.625 78.375 1.1057
17.625 78.625 0.7505
17.625 78.875 0.81562
17.625 79.125 0.80572
17.625 79.375 0.68776
17.625 79.625 1.5224
17.625 79.875 1.6701
17.625 80.125 1.8885
17.625 80.375 1.265
17.625 80.625 0.23517
17.625 80.875 -0.0016452
17.625 81.125 -0.14112
17.625 81.375 -0.04551
17.625 81.625 -0.53324
17.625 81.875 -0.47524
17.625 82.125 0.141
17.625 82.375 0.65582
17.625 82.625 0.88724
17.625 82.875 0.29419
17.625 83.125 0.66297
17.875 73.375 1.2941
17.875 73.625 -0.99659
17.875 73.875 0.59664
17.875 74.125 2.0702
17.875 74.375 1.1668
17.875 74.625 0.065277
17.875 74.875 1.3287
17.875 75.125 -1.2931
17.875 75.375 -1.6702
17.875 75.625 -0.88655
17.875 75.875 -1.075
17.875 76.125 -0.17196
17.875 76.375 0.33155
17.875 76.625 0.73368
17.875 76.875 0.61328
17.875 77.125 1.3784
17.875 77.375 0.79113
17.875 77.625 1.5835
17.875 77.875 1.1993
17.875 78.125 1.6679
17.875 78.375 1.1344
17.875 78.625 1.2132
17.875 78.875 0.87456
17.875 79.125 0.76086
17.875 79.375 0.12015
17.875 79.625 1.3463
17.875 79.875 1.7504
17.875 80.125 0.36741
17.875 80.375 -0.67157
17.875 80.625 0.28643
17.875 80.875 0.50228
17.875 81.125 0.24945
17.875 81.375 1.0219
17.875 81.625 0.22823
17.875 81.875 -0.52903
17.875 82.125 -0.57858
17.875 82.375 -0.26704
17.875 82.625 1.2432
17.875 82.875 1.2951
17.875 83.125 0.47922
17.875 83.375 0.4233
NaN NaN NaN
18.125 73.375 -0.72885
18.125 73.625 1.4788
18.125 73.875 1.1509
18.125 74.125 2.0111
18.125 74.375 1.4469
18.125 74.625 1.5115
18.125 74.875 1.6006
18.125 75.125 -0.71234
18.125 75.375 -0.13533
18.125 75.625 0.066759
18.125 75.875 0.77636
18.125 76.125 0.67567
18.125 76.375 0.54198
18.125 76.625 0.28356
18.125 76.875 1.0837
18.125 77.125 1.6419
18.125 77.375 0.71775
18.125 77.625 1.4272
18.125 77.875 1.3534
18.125 78.125 1.7092
18.125 78.375 1.1953
18.125 78.625 1.007
18.125 78.875 1.5597
18.125 79.125 0.68696
18.125 79.375 0.10292
18.125 79.625 1.652
18.125 79.875 1.381
18.125 80.125 0.63457
18.125 80.375 -0.72533
18.125 80.625 -0.68445
18.125 80.875 -0.11154
18.125 81.125 -0.15478
18.125 81.375 1.0506
18.125 81.625 1.2831
18.125 81.875 0.92337
18.125 82.125 0.28366
18.125 82.375 -0.050479
18.125 82.625 0.90171
18.125 82.875 1.152
18.125 83.125 1.4395
18.125 83.375 0.80335
18.125 83.625 1.2346
18.375 73.125 -0.049227
18.375 73.375 -0.25285
18.375 73.625 1.9581
18.375 73.875 1.6947
18.375 74.125 1.9122
18.375 74.375 1.7254
18.375 74.625 0.95026
18.375 74.875 -0.51144
18.375 75.125 0.46424
18.375 75.375 2.0377
18.375 75.625 1.6163
18.375 75.875 -0.19169
18.375 76.125 0.44777
18.375 76.375 0.61674
18.375 76.625 0.25052
18.375 76.875 1.0547
18.375 77.125 0.57966
18.375 77.375 0.25328
18.375 77.625 0.38214
18.375 77.875 0.74323
18.375 78.125 1.2906
18.375 78.375 1.2054
18.375 78.625 -0.083774
18.375 78.875 -0.60675
18.375 79.125 0.86637
18.375 79.375 0.28443
18.375 79.625 0.48659
18.375 79.875 0.44928
18.375 80.125 0.089425
18.375 80.375 0.75695
18.375 80.625 0.67489
18.375 80.875 -0.812
18.375 81.125 0.078186
18.375 81.375 1.0583
18.375 81.625 1.382
18.375 81.875 1.1536
18.375 82.125 1.6379
18.375 82.375 1.8126
18.375 82.625 0.72249
18.375 82.875 -1.5767
18.375 83.125 1.4046
18.375 83.375 0.52444
18.375 83.625 0.77151
18.375 83.875 0.5802
18.625 73.125 1.4744
18.625 73.375 1.4461
18.625 73.625 1.7392
18.625 73.875 1.969
18.625 74.125 1.5589
18.625 74.375 1.0627
18.625 74.625 0.29096
18.625 74.875 -0.19942
18.625 75.125 0.35564
18.625 75.375 0.64161
18.625 75.625 0.36947
18.625 75.875 0.20348
18.625 76.125 -0.57672
18.625 76.375 -0.51746
18.625 76.625 1.1715
18.625 76.875 0.89366
18.625 77.125 0.74559
18.625 77.375 -0.48122
18.625 77.625 0.22129
18.625 77.875 0.045092
18.625 78.125 -0.3167
18.625 78.375 0.61212
18.625 78.625 -1.2123
18.625 78.875 -0.40063
18.625 79.125 -0.77559
18.625 79.375 -0.33894
18.625 79.625 -1.1431
18.625 79.875 -0.40871
18.625 80.125 0.13914
18.625 80.375 1.449
18.625 80.625 1.5323
18.625 80.875 -0.36762
18.625 81.125 -0.67304
18.625 81.375 1.0199
18.625 81.625 1.5349
18.625 81.875 1.2163
18.625 82.125 1.4661
18.625 82.375 1.6482
18.625 82.625 2.1841
18.625 82.875 1.5407
18.625 83.125 -0.87729
18.625 83.375 -0.10602
18.625 83.625 0.38092
18.625 83.875 0.20664
18.625 84.125 0.11473
18.875 73.125 1.4045
18.875 73.375 1.5268
18.875 73.625 1.8235
18.875 73.875 1.8823
18.875 74.125 -1.5762
18.875 74.375 1.3643
18.875 74.625 1.2071
18.875 74.875 0.82432
18.875 75.125 -0.65565
18.875 75.375 -0.11375
18.875 75.625 -0.23201
18.875 75.875 -1.2952
18.875 76.125 0.61415
18.875 76.375 -0.008103
18.875 76.625 0.88099
18.875 76.875 1.3424
18.875 77.125 1.1121
18.875 77.375 -0.21204
18.875 77.625 1.4869
18.875 77.875 1.0825
18.875 78.125 0.47988
18.875 78.375 -2.0144
18.875 78.625 0.13687
18.875 78.875 0.58504
18.875 79.125 0.11974
18.875 79.375 0.11427
18.875 79.625 -1.3331
18.875 79.875 -0.49158
18.875 80.125 -0.38272
18.875 80.375 1.3688
18.875 80.625 1.6116
18.875 80.875 0.98619
18.875 81.125 0.55003
18.875 81.375 1.7869
18.875 81.625 0.8775
18.875 81.875 1.8025
18.875 82.125 1.2326
18.875 82.375 1.3962
18.875 82.625 1.041
18.875 82.875 1.2631
18.875 83.125 -0.23202
18.875 83.375 0.32816
18.875 83.625 0.76238
18.875 83.875 0.74903
18.875 84.125 0.26046
18.875 84.375 -0.11259
19.125 73.125 1.52
19.125 73.375 1.309
19.125 73.625 1.0515
19.125 73.875 1.3861
19.125 74.125 0.9032
19.125 74.375 1.8338
19.125 74.625 1.3305
19.125 74.875 0.83256
19.125 75.125 0.4157
19.125 75.375 0.19782
19.125 75.625 -0.27999
19.125 75.875 -1.0135
19.125 76.125 0.096273
19.125 76.375 0.022451
19.125 76.625 0.30099
19.125 76.875 -0.31446
19.125 77.125 0.74645
19.125 77.375 0.043834
19.125 77.625 0.52773
19.125 77.875 -0.47141
19.125 78.125 -1.1895
19.125 78.375 -0.71066
19.125 78.625 -0.054253
19.125 78.875 1.0499
19.125 79.125 0.91625
19.125 79.375 0.011033
19.125 79.625 0.17016
19.125 79.875 -0.5198
19.125 80.125 -0.76231
19.125 80.375 0.57774
19.125 80.625 1.4949
19.125 80.875 1.2554
19.125 81.125 0.8497
19.125 81.375 0.56071
19.125 81.625 0.80099
19.125 81.875 -0.29176
19.125 82.125 1.04
19.125 82.375 1.1051
19.125 82.625 -0.087277
19.125 82.875 0.60969
19.125 83.125 -0.23355
19.125 83.375 -0.33402
19.125 83.625 -0.4286
19.125 83.875 0.018675
19.125 84.125 0.45215
19.125 84.375 0.3072
19.125 84.625 0.52263
19.375 72.875 0.88995
19.375 73.125 -0.67142
19.375 73.375 1.1152
19.375 73.625 1.1393
19.375 73.875 1.3977
19.375 74.125 2.0028
19.375 74.375 2.1055
19.375 74.625 0.89972
19.375 74.875 0.3802
19.375 75.125 0.8954
19.375 75.375 0.0024347
19.375 75.625 -1.5782
19.375 75.875 -1.6734
19.375 76.125 -0.077962
19.375 76.375 -0.90615
19.375 76.625 -1.1755
19.375 76.875 -1.6093
19.375 77.125 -0.87428
19.375 77.375 -1.4132
19.375 77.625 -0.23396
19.375 77.875 -0.052112
19.375 78.125 0.33528
19.375 78.375 -0.073606
19.375 78.625 0.084933
19.375 78.875 0.85447
19.375 79.125 0.70792
19.375 79.375 0.61967
19.375 79.625 -0.11283
19.375 79.875 -0.041481
19.375 80.125 0.24019
19.375 80.375 0.73695
19.375 80.625 0.99287
19.375 80.875 0.96865
19.375 81.125 0.22229
19.375 81.375 0.0050407
19.375 81.625 -0.023322
19.375 81.875 0.74811
19.375 82.125 0.88395
19.375 82.375 0.082356
19.375 82.625 -0.16942
19.375 82.875 0.63032
19.375 83.125 -0.22663
19.375 83.375 -0.7869
19.375 83.625 -0.68455
19.375 83.875 -0.67562
19.375 84.125 0.39532
19.375 84.375 0.64602
19.375 84.625 0.48771
19.375 84.875 0.59974
19.625 72.875 1.238
19.625 73.125 1.8635
19.625 73.375 1.3949
19.625 73.625 1.468
19.625 73.875 1.9358
19.625 74.125 0.87241
19.625 74.375 0.9354
19.625 74.625 0.31167
19.625 74.875 -0.42856
19.625 75.125 0.22644
19.625 75.375 -0.7789
19.625 75.625 -1.1536
19.625 75.875 -0.49131
19.625 76.125 -0.39227
19.625 76.375 -0.75361
19.625 76.625 -1.3602
19.625 76.875 -2.0956
19.625 77.125 -1.7362
19.625 77.375 -0.82417
19.625 77.625 -0.69863
19.625 77.875 -0.60672
19.625 78.125 -0.30972
19.625 78.375 -0.27396
19.625 78.625 0.71159
19.625 78.875 0.51861
19.625 79.125 -0.095169
19.625 79.375 -0.79252
19.625 79.625 -0.51283
19.625 79.875 -0.34015
19.625 80.125 -0.3336
19.625 80.375 -0.052794
19.625 80.625 0.53215
19.625 80.875 0.89978
19.625 81.125 0.85139
19.625 81.375 -0.42911
19.625 81.625 0.0045341
19.625 81.875 0.85753
19.625 82.125 0.50495
19.625 82.375 0.40172
19.625 82.625 0.14963
19.625 82.875 0.32962
19.625 83.125 0.081666
19.625 83.375 1.441
19.625 83.625 1.0101
19.625 83.875 0.67381
19.625 84.125 0.53713
19.625 84.375 0.38734
19.625 84.625 0.86232
19.625 84.875 0.33167
19.625 85.125 -0.80173
19.625 85.375 -0.057821
19.875 72.875 1.6406
19.875 73.125 1.8061
19.875 73.375 1.6221
19.875 73.625 2.2247
19.875 73.875 2.1713
19.875 74.125 1.0291
19.875 74.375 1.1712
19.875 74.625 0.92962
19.875 74.875 0.72703
19.875 75.125 -0.40291
19.875 75.375 -0.92108
19.875 75.625 0.0064871
19.875 75.875 0.68673
19.875 76.125 0.54708
19.875 76.375 0.2813
19.875 76.625 -1.0736
19.875 76.875 -0.92651
19.875 77.125 -0.78748
19.875 77.375 -0.57216
19.875 77.625 -0.1738
19.875 77.875 -0.92629
19.875 78.125 -1.2079
19.875 78.375 -0.83023
19.875 78.625 0.0077967
19.875 78.875 0.1106
19.875 79.125 0.16581
19.875 79.375 -0.67019
19.875 79.625 -0.47094
19.875 79.875 -0.13898
19.875 80.125 -0.56371
19.875 80.375 -0.61919
19.875 80.625 0.39644
19.875 80.875 0.81739
19.875 81.125 1.4127
19.875 81.375 -1.7151
19.875 81.625 0.10821
19.875 81.875 1.3792
19.875 82.125 0.24545
19.875 82.375 0.096329
19.875 82.625 -0.013793
19.875 82.875 -0.26757
19.875 83.125 0.505
19.875 83.375 1.1045
19.875 83.625 1.0647
19.875 83.875 0.67288
19.875 84.125 0.59497
19.875 84.375 0.3995
19.875 84.625 0.91602
19.875 84.875 0.46788
19.875 85.125 -0.14962
19.875 85.375 0.10432
NaN NaN NaN
NaN NaN NaN
NaN NaN NaN
20.125 72.875 1.6448
20.125 73.125 1.8291
20.125 73.375 0.69268
20.125 73.625 2.3132
20.125 73.875 2.21
20.125 74.125 2.3057
20.125 74.375 1.8691
20.125 74.625 0.89393
20.125 74.875 0.23976
20.125 75.125 -0.36845
20.125 75.375 -0.18692
20.125 75.625 -0.84895
20.125 75.875 -0.74723
20.125 76.125 0.025384
20.125 76.375 0.36734
20.125 76.625 -0.088429
20.125 76.875 -0.37662
20.125 77.125 -0.46569
20.125 77.375 0.078921
20.125 77.625 0.5006
20.125 77.875 -1.3402
20.125 78.125 -1.4144
20.125 78.375 -0.9163
20.125 78.625 -0.44972
20.125 78.875 -0.38505
20.125 79.125 -0.51041
20.125 79.375 -0.7494
20.125 79.625 0.064066
20.125 79.875 0.33258
20.125 80.125 0.1505
20.125 80.375 -0.4903
20.125 80.625 0.38814
20.125 80.875 0.32201
20.125 81.125 -0.26894
20.125 81.375 0.15265
20.125 81.625 0.55945
20.125 81.875 1.5595
20.125 82.125 1.0083
20.125 82.375 -0.47889
20.125 82.625 -0.35766
20.125 82.875 -0.50531
20.125 83.125 0.8707
20.125 83.375 0.5962
20.125 83.625 0.62284
20.125 83.875 1.6133
20.125 84.125 1.6709
20.125 84.375 0.16857
20.125 84.625 1.0037
20.125 84.875 0.84236
20.125 85.125 1.4927
20.125 85.375 0.72343
20.125 85.625 0.68679
20.125 85.875 -0.31559
20.125 86.125 0.13095
NaN NaN NaN
20.375 73.125 1.992
20.375 73.375 1.6258
20.375 73.625 1.6541
20.375 73.875 0.17997
20.375 74.125 0.99755
20.375 74.375 0.77518
20.375 74.625 -0.40064
20.375 74.875 -0.015861
20.375 75.125 1.8647
20.375 75.375 2.153
20.375 75.625 0.53667
20.375 75.875 -0.26765
20.375 76.125 -0.36035
20.375 76.375 -0.46976
20.375 76.625 -0.65634
20.375 76.875 -1.2057
20.375 77.125 -0.85017
20.375 77.375 -0.2876
20.375 77.625 0.39827
20.375 77.875 -2.0087
20.375 78.125 -1.0138
20.375 78.375 -0.69769
20.375 78.625 -0.94518
20.375 78.875 -0.70864
20.375 79.125 -0.28092
20.375 79.375 0.37849
20.375 79.625 0.25492
20.375 79.875 0.87115
20.375 80.125 0.65385
20.375 80.375 -0.35951
20.375 80.625 0.23136
20.375 80.875 0.5945
20.375 81.125 0.21697
20.375 81.375 0.20856
20.375 81.625 0.72596
20.375 81.875 1.4088
20.375 82.125 1.5538
20.375 82.375 1.2256
20.375 82.625 0.74971
20.375 82.875 0.60465
20.375 83.125 0.76304
20.375 83.375 1.4623
20.375 83.625 1.5303
20.375 83.875 1.0781
20.375 84.125 1.2392
20.375 84.375 -1.3399
20.375 84.625 0.1997
20.375 84.875 0.29286
20.375 85.125 0.50726
20.375 85.375 0.17869
20.375 85.625 1.5852
20.375 85.875 0.90908
20.375 86.125 0.9681
20.375 86.375 0.66525
NaN NaN NaN
20.625 73.125 1.4685
20.625 73.375 1.1355
20.625 73.625 1.5149
20.625 73.875 2.1853
20.625 74.125 2.1875
20.625 74.375 1.5112
20.625 74.625 1.6635
20.625 74.875 1.2128
20.625 75.125 1.4617
20.625 75.375 1.4218
20.625 75.625 0.092955
20.625 75.875 -0.89617
20.625 76.125 -0.083878
20.625 76.375 -0.30836
20.625 76.625 -0.87169
20.625 76.875 -0.97124
20.625 77.125 -0.80431
20.625 77.375 -0.79417
20.625 77.625 -0.51407
20.625 77.875 -0.28121
20.625 78.125 0.08746
20.625 78.375 -0.29953
20.625 78.625 -0.32967
20.625 78.875 -0.62064
20.625 79.125 -0.24275
20.625 79.375 -0.55725
20.625 79.625 0.38086
20.625 79.875 0.81034
20.625 80.125 0.95185
20.625 80.375 -0.02874
20.625 80.625 0.70859
20.625 80.875 1.2281
20.625 81.125 0.67123
20.625 81.375 0.4418
20.625 81.625 0.76604
20.625 81.875 1.7999
20.625 82.125 1.8513
20.625 82.375 1.0987
20.625 82.625 0.55463
20.625 82.875 0.98528
20.625 83.125 1.0936
20.625 83.375 1.8201
20.625 83.625 1.7746
20.625 83.875 0.70259
20.625 84.125 0.3894
20.625 84.375 0.19189
20.625 84.625 0.69846
20.625 84.875 0.39617
20.625 85.125 1.2139
20.625 85.375 1.6485
20.625 85.625 -0.63882
20.625 85.875 0.98485
20.625 86.125 1.2428
20.625 86.375 1.654
20.625 86.625 1.4042
NaN NaN NaN
20.875 70.625 1.5524
20.875 70.875 1.3261
20.875 71.125 1.1008
20.875 71.375 1.9885
20.875 72.875 1.4988
20.875 73.125 1.8404
20.875 73.375 1.3176
20.875 73.625 1.69
20.875 73.875 2.0892
20.875 74.125 2.1036
20.875 74.375 2.1483
20.875 74.625 1.6845
20.875 74.875 0.21777
20.875 75.125 0.26297
20.875 75.375 -0.69057
20.875 75.625 -1.3301
20.875 75.875 -0.64458
20.875 76.125 0.0054526
20.875 76.375 -0.83901
20.875 76.625 -0.44985
20.875 76.875 -0.34682
20.875 77.125 -0.76637
20.875 77.375 -1.1305
20.875 77.625 -0.58642
20.875 77.875 0.38967
20.875 78.125 0.50149
20.875 78.375 0.20279
20.875 78.625 -1.1107
20.875 78.875 -0.12304
20.875 79.125 -0.75084
20.875 79.375 -1.311
20.875 79.625 -0.22455
20.875 79.875 0.12157
20.875 80.125 0.50355
20.875 80.375 -0.63206
20.875 80.625 0.51774
20.875 80.875 1.0922
20.875 81.125 0.92278
20.875 81.375 -0.25267
20.875 81.625 1.6409
20.875 81.875 0.61438
20.875 82.125 0.91915
20.875 82.375 1.3477
20.875 82.625 0.43681
20.875 82.875 0.74871
20.875 83.125 1.5315
20.875 83.375 1.1693
20.875 83.625 1.8591
20.875 83.875 1.1579
20.875 84.125 0.23741
20.875 84.375 1.6559
20.875 84.625 1.1116
20.875 84.875 1.01
20.875 85.125 1.8756
20.875 85.375 1.2841
20.875 85.625 1.0275
20.875 85.875 1.7492
20.875 86.125 1.6119
20.875 86.375 0.95189
20.875 86.625 1.1596
21.125 70.375 1.0945
21.125 70.625 1.0882
21.125 70.875 0.33196
21.125 71.125 1.7891
21.125 71.375 1.6998
NaN NaN NaN
NaN NaN NaN
21.125 72.875 -0.75636
21.125 73.125 -0.36912
21.125 73.375 2.1007
21.125 73.625 -0.78595
21.125 73.875 0.48342
21.125 74.125 0.42483
21.125 74.375 0.26491
21.125 74.625 0.29463
21.125 74.875 0.64962
21.125 75.125 -0.036322
21.125 75.375 0.99005
21.125 75.625 0.76309
21.125 75.875 0.801
21.125 76.125 1.4675
21.125 76.375 -0.43402
21.125 76.625 -0.80768
21.125 76.875 -0.99368
21.125 77.125 -1.0211
21.125 77.375 -0.6564
21.125 77.625 -0.68322
21.125 77.875 -0.11155
21.125 78.125 -0.43027
21.125 78.375 -0.43175
21.125 78.625 -1.0576
21.125 78.875 0.23105
21.125 79.125 -0.3773
21.125 79.375 -1.0101
21.125 79.625 -0.20584
21.125 79.875 0.57071
21.125 80.125 0.35471
21.125 80.375 -0.56342
21.125 80.625 0.19079
21.125 80.875 0.78444
21.125 81.125 -0.48053
21.125 81.375 0.6932
21.125 81.625 -0.041723
21.125 81.875 0.25374
21.125 82.125 1.257
21.125 82.375 0.54575
21.125 82.625 0.67961
21.125 82.875 0.55104
21.125 83.125 0.72843
21.125 83.375 1.5563
21.125 83.625 1.9344
21.125 83.875 1.8948
21.125 84.125 0.83629
21.125 84.375 0.21099
21.125 84.625 1.3866
21.125 84.875 1.8494
21.125 85.125 1.7882
21.125 85.375 1.2587
21.125 85.625 1.6674
21.125 85.875 1.9772
21.125 86.125 0.97836
21.125 86.375 0.91892
21.125 86.625 1.0594
21.375 70.125 0.57124
21.375 70.375 0.25534
21.375 70.625 1.3117
21.375 70.875 1.0482
21.375 71.125 0.86256
21.375 71.375 0.99655
21.375 71.625 0.95551
21.375 71.875 1.3413
21.375 72.875 1.1512
21.375 73.125 1.9775
21.375 73.375 1.9843
21.375 73.625 0.92754
21.375 73.875 0.33624
21.375 74.125 -0.32845
21.375 74.375 -0.17352
21.375 74.625 0.45025
21.375 74.875 1.2599
21.375 75.125 0.96826
21.375 75.375 0.88878
21.375 75.625 0.87949
21.375 75.875 0.6921
21.375 76.125 1.3407
21.375 76.375 -0.60415
21.375 76.625 -1.1791
21.375 76.875 -0.98418
21.375 77.125 -0.84526
21.375 77.375 -0.51965
21.375 77.625 -0.63062
21.375 77.875 -0.39462
21.375 78.125 0.15239
21.375 78.375 1.0351
21.375 78.625 0.13645
21.375 78.875 -0.0057681
21.375 79.125 -0.42747
21.375 79.375 -0.67135
21.375 79.625 -1.0275
21.375 79.875 0.31872
21.375 80.125 -1.0254
21.375 80.375 -1.1123
21.375 80.625 -0.84766
21.375 80.875 -1.6082
21.375 81.125 -1.227
21.375 81.375 0.095951
21.375 81.625 0.72264
21.375 81.875 1.1957
21.375 82.125 0.75752
21.375 82.375 0.82234
21.375 82.625 0.36383
21.375 82.875 0.55821
21.375 83.125 1.0155
21.375 83.375 1.4045
21.375 83.625 1.4779
21.375 83.875 1.9335
21.375 84.125 1.4701
21.375 84.375 1.6408
21.375 84.625 1.7102
21.375 84.875 1.2528
21.375 85.125 1.4504
21.375 85.375 1.4517
21.375 85.625 1.5038
21.375 85.875 1.4074
21.375 86.125 1.5808
21.375 86.375 1.263
21.375 86.625 0.83239
21.375 86.875 0.61303
21.625 69.875 0.21879
21.625 70.125 -0.3892
21.625 70.375 0.81676
21.625 70.625 1.3118
21.625 70.875 0.96807
21.625 71.125 0.40307
21.625 71.375 1.3985
21.625 71.625 1.6028
21.625 71.875 1.0907
21.625 72.125 0.71898
21.625 72.875 1.1915
21.625 73.125 1.1897
21.625 73.375 0.82235
21.625 73.625 0.27068
21.625 73.875 -0.31262
21.625 74.125 -0.26549
21.625 74.375 -0.13276
21.625 74.625 0.74447
21.625 74.875 1.375
21.625 75.125 0.92145
21.625 75.375 1.0158
21.625 75.625 0.39987
21.625 75.875 0.049429
21.625 76.125 0.37666
21.625 76.375 -0.68903
21.625 76.625 -1.3871
21.625 76.875 -0.97826
21.625 77.125 -0.05517
21.625 77.375 0.099248
21.625 77.625 -1.046
21.625 77.875 0.10607
21.625 78.125 0.32626
21.625 78.375 0.94219
21.625 78.625 -0.22444
21.625 78.875 -0.51249
21.625 79.125 -1.2678
21.625 79.375 -0.62084
21.625 79.625 0.21193
21.625 79.875 0.0060431
21.625 80.125 -0.26624
21.625 80.375 0.27733
21.625 80.625 -1.3958
21.625 80.875 -1.5332
21.625 81.125 -1.5056
21.625 81.375 -1.1338
21.625 81.625 0.30233
21.625 81.875 0.99754
21.625 82.125 1.3223
21.625 82.375 0.26914
21.625 82.625 0.82072
21.625 82.875 0.53995
21.625 83.125 1.11
21.625 83.375 0.52463
21.625 83.625 1.4604
21.625 83.875 1.938
21.625 84.125 1.3118
21.625 84.375 1.8039
21.625 84.625 1.6689
21.625 84.875 1.8218
21.625 85.125 1.4473
21.625 85.375 1.7521
21.625 85.625 2.1806
21.625 85.875 1.7418
21.625 86.125 1.4137
21.625 86.375 1.417
21.625 86.625 0.3669
21.625 86.875 0.36594
21.625 87.125 0.5566
NaN NaN NaN
NaN NaN NaN
21.875 69.625 0.33675
21.875 69.875 0.41196
21.875 70.125 0.27259
21.875 70.375 1.1443
21.875 70.625 1.3735
21.875 70.875 0.14651
21.875 71.125 -0.57746
21.875 71.375 1.1545
21.875 71.625 1.6294
21.875 71.875 1.019
21.875 72.125 0.80855
NaN NaN NaN
21.875 72.875 -0.34402
21.875 73.125 0.30256
21.875 73.375 -0.1148
21.875 73.625 -0.45333
21.875 73.875 -0.60239
21.875 74.125 -1.0345
21.875 74.375 -0.53213
21.875 74.625 0.36929
21.875 74.875 0.27666
21.875 75.125 0.45498
21.875 75.375 0.3213
21.875 75.625 0.73767
21.875 75.875 0.33758
21.875 76.125 0.21562
21.875 76.375 -0.35598
21.875 76.625 -0.75278
21.875 76.875 -0.41932
21.875 77.125 0.045128
21.875 77.375 -0.14798
21.875 77.625 -0.68435
21.875 77.875 -0.66569
21.875 78.125 -0.45002
21.875 78.375 -0.18437
21.875 78.625 -0.12001
21.875 78.875 0.55296
21.875 79.125 -0.2095
21.875 79.375 -0.15988
21.875 79.625 0.64132
21.875 79.875 0.69166
21.875 80.125 1.2653
21.875 80.375 0.9868
21.875 80.625 0.6673
21.875 80.875 -1.4229
21.875 81.125 -1.8407
21.875 81.375 -0.83216
21.875 81.625 0.89764
21.875 81.875 -0.012314
21.875 82.125 2.184
21.875 82.375 1.5861
21.875 82.625 -0.60357
21.875 82.875 0.1621
21.875 83.125 0.60603
21.875 83.375 0.39866
21.875 83.625 0.35636
21.875 83.875 2.1945
21.875 84.125 2.098
21.875 84.375 1.9806
21.875 84.625 1.7145
21.875 84.875 1.8918
21.875 85.125 2.064
21.875 85.375 2.033
21.875 85.625 1.6839
21.875 85.875 1.9135
21.875 86.125 1.5556
21.875 86.375 1.6119
21.875 86.625 0.49644
21.875 86.875 0.47695
21.875 87.125 0.7331
21.875 87.375 0.84275
21.875 87.625 1.6738
21.875 87.875 1.5111
21.875 88.375 1.0504
NaN NaN NaN
NaN NaN NaN
22.125 69.125 1.064
22.125 69.375 0.92165
22.125 69.625 0.5946
22.125 69.875 0.33623
22.125 70.125 0.24188
22.125 70.375 0.65288
22.125 70.625 0.73835
22.125 70.875 1.0848
22.125 71.125 -0.85296
22.125 71.375 1.4322
22.125 71.625 1.4694
22.125 71.875 0.5961
22.125 72.125 0.44851
NaN NaN NaN
22.125 72.875 -0.15318
22.125 73.125 -0.70822
22.125 73.375 -0.022319
22.125 73.625 0.036146
22.125 73.875 0.048459
22.125 74.125 0.80759
22.125 74.375 -0.65645
22.125 74.625 -0.71828
22.125 74.875 0.052332
22.125 75.125 0.28809
22.125 75.375 -0.46034
22.125 75.625 0.33609
22.125 75.875 0.73923
22.125 76.125 -0.095501
22.125 76.375 -0.4647
22.125 76.625 -0.2671
22.125 76.875 -0.13474
22.125 77.125 0.073927
22.125 77.375 -0.22693
22.125 77.625 -0.82041
22.125 77.875 -0.47772
22.125 78.125 -0.6411
22.125 78.375 -0.94853
22.125 78.625 -0.44969
22.125 78.875 -0.16005
22.125 79.125 -0.12752
22.125 79.375 -0.73641
22.125 79.625 0.45483
22.125 79.875 1.1101
22.125 80.125 1.2557
22.125 80.375 1.4768
22.125 80.625 1.5782
22.125 80.875 -0.73795
22.125 81.125 -1.8879
22.125 81.375 1.5532
22.125 81.625 -0.49963
22.125 81.875 0.44492
22.125 82.125 1.0873
22.125 82.375 1.131
22.125 82.625 -0.87658
22.125 82.875 -0.76346
22.125 83.125 -0.47126
22.125 83.375 -0.11708
22.125 83.625 1.3075
22.125 83.875 1.1782
22.125 84.125 1.5845
22.125 84.375 1.071
22.125 84.625 1.6871
22.125 84.875 2.1227
22.125 85.125 2.026
22.125 85.375 1.9049
22.125 85.625 1.1432
22.125 85.875 1.2493
22.125 86.125 1.4171
22.125 86.375 1.2942
22.125 86.625 0.92911
22.125 86.875 0.97339
22.125 87.125 0.96992
22.125 87.375 0.5031
22.125 87.625 0.78479
22.125 87.875 1.227
22.125 88.125 1.3362
22.125 88.375 1.1707
NaN NaN NaN
22.375 69.125 0.86076
22.375 69.875 0.23565
22.375 70.125 0.40185
22.375 70.375 -0.22392
22.375 70.625 0.79393
22.375 70.875 1.1432
22.375 71.125 1.5899
22.375 71.375 1.2723
22.375 71.625 1.0084
22.375 71.875 1.1767
22.375 72.125 0.79561
NaN NaN NaN
22.375 72.875 -0.35284
22.375 73.125 -0.074773
22.375 73.375 -0.20561
22.375 73.625 0.62377
22.375 73.875 0.86688
22.375 74.125 0.23624
22.375 74.375 -0.12389
22.375 74.625 -0.33023
22.375 74.875 -0.09928
22.375 75.125 0.002538
22.375 75.375 0.19865
22.375 75.625 -0.074565
22.375 75.875 0.19709
22.375 76.125 0.61807
22.375 76.375 0.48999
22.375 76.625 1.0907
22.375 76.875 0.22405
22.375 77.125 0.085959
22.375 77.375 0.060664
22.375 77.625 -0.17375
22.375 77.875 0.41551
22.375 78.125 0.12062
22.375 78.375 -0.17422
22.375 78.625 -0.36141
22.375 78.875 0.21007
22.375 79.125 0.19395
22.375 79.375 0.48198
22.375 79.625 1.0794
22.375 79.875 0.90818
22.375 80.125 0.9565
22.375 80.375 1.4573
22.375 80.625 0.87339
22.375 80.875 0.43934
22.375 81.125 0.19298
22.375 81.375 1.557
22.375 81.625 0.08695
22.375 81.875 0.65141
22.375 82.125 -0.28106
22.375 82.375 0.24995
22.375 82.625 -1.1387
22.375 82.875 -1.2082
22.375 83.125 -1.367
22.375 83.375 -1.5618
22.375 83.625 -1.7854
22.375 83.875 0.42621
22.375 84.125 0.90713
22.375 84.375 1.4896
22.375 84.625 1.6331
22.375 84.875 1.798
22.375 85.125 1.3282
22.375 85.375 1.7804
22.375 85.625 1.426
22.375 85.875 1.3092
22.375 86.125 1.7155
22.375 86.375 0.91361
22.375 86.625 0.71705
22.375 86.875 0.87666
22.375 87.125 1.0276
22.375 87.375 0.15832
22.375 87.625 0.077934
22.375 87.875 1.1287
22.375 88.125 -0.83318
22.375 88.375 0.77563
22.375 88.625 0.77063
22.375 88.875 0.64138
NaN NaN NaN
22.625 70.375 0.89648
22.625 70.625 1.4705
22.625 70.875 1.3961
22.625 71.125 1.3528
22.625 71.375 1.4736
22.625 71.625 0.76831
22.625 71.875 0.22167
22.625 72.125 0.097746
22.625 72.375 0.76394
22.625 72.625 1.8287
22.625 72.875 -0.24405
22.625 73.125 -0.41373
22.625 73.375 0.59779
22.625 73.625 -0.56217
22.625 73.875 -0.50024
22.625 74.125 0.13238
22.625 74.375 0.57972
22.625 74.625 0.23054
22.625 74.875 0.11648
22.625 75.125 0.11586
22.625 75.375 0.29309
22.625 75.625 -0.099406
22.625 75.875 0.003482
22.625 76.125 0.33648
22.625 76.375 0.18576
22.625 76.625 0.95443
22.625 76.875 0.86126
22.625 77.125 0.62353
22.625 77.375 0.41025
22.625 77.625 0.30505
22.625 77.875 0.94212
22.625 78.125 0.79438
22.625 78.375 0.54104
22.625 78.625 0.63847
22.625 78.875 0.32334
22.625 79.125 0.47437
22.625 79.375 0.68131
22.625 79.625 0.81066
22.625 79.875 0.91591
22.625 80.125 0.85623
22.625 80.375 0.13408
22.625 80.625 -0.48153
22.625 80.875 -0.28227
22.625 81.125 1.1154
22.625 81.375 1.3119
22.625 81.625 0.96142
22.625 81.875 0.74873
22.625 82.125 -0.53568
22.625 82.375 -1.7119
22.625 82.625 -1.6512
22.625 82.875 -1.9772
22.625 83.125 -1.965
22.625 83.375 -0.80154
22.625 83.625 -0.19507
22.625 83.875 -1.7105
22.625 84.125 0.31225
22.625 84.375 0.88823
22.625 84.625 1.7192
22.625 84.875 1.9874
22.625 85.125 1.1122
22.625 85.375 0.95394
22.625 85.625 1.9755
22.625 85.875 1.9431
22.625 86.125 1.6891
22.625 86.375 1.04
22.625 86.625 0.65226
22.625 86.875 0.74255
22.625 87.125 0.97471
22.625 87.375 0.69036
22.625 87.625 0.72449
22.625 87.875 1.156
22.625 88.125 1.147
22.625 88.375 0.81727
22.625 88.625 0.64955
22.625 88.875 0.61697
22.625 92.625 -0.30924
22.625 92.875 1.4265
NaN NaN NaN
NaN NaN NaN
NaN NaN NaN
22.875 70.625 1.4654
22.875 70.875 1.3615
22.875 71.125 0.77728
22.875 71.375 0.019859
22.875 71.625 0.5066
22.875 71.875 0.26548
22.875 72.125 -0.36533
22.875 72.375 0.42097
22.875 72.625 1.1619
22.875 72.875 0.18928
22.875 73.125 0.7662
22.875 73.375 0.51145
22.875 73.625 -0.219
22.875 73.875 -0.30543
22.875 74.125 0.32225
22.875 74.375 0.0047783
22.875 74.625 -0.13254
22.875 74.875 0.9233
22.875 75.125 0.61304
22.875 75.375 0.15252
22.875 75.625 -0.19139
22.875 75.875 -0.42432
22.875 76.125 -0.456
22.875 76.375 -0.076942
22.875 76.625 0.38241
22.875 76.875 0.9374
22.875 77.125 1.0196
22.875 77.375 0.39576
22.875 77.625 0.61404
22.875 77.875 0.83375
22.875 78.125 1.194
22.875 78.375 0.78707
22.875 78.625 0.68064
22.875 78.875 0.69222
22.875 79.125 0.27975
22.875 79.375 -0.014586
22.875 79.625 -0.49805
22.875 79.875 0.92401
22.875 80.125 0.64458
22.875 80.375 0.55903
22.875 80.625 -0.10791
22.875 80.875 0.31054
22.875 81.125 1.0631
22.875 81.375 0.12939
22.875 81.625 -0.5609
22.875 81.875 -0.35413
22.875 82.125 -0.60068
22.875 82.375 -0.40005
22.875 82.625 -1.5183
22.875 82.875 -1.1879
22.875 83.125 -1.9673
22.875 83.375 -0.30539
22.875 83.625 1.0916
22.875 83.875 -0.31467
22.875 84.125 -0.6521
22.875 84.375 -0.018838
22.875 84.625 1.8491
22.875 84.875 1.7546
22.875 85.125 1.81
22.875 85.375 1.6824
22.875 85.625 1.1968
22.875 85.875 1.1803
22.875 86.125 0.58998
22.875 86.375 0.82503
22.875 86.625 1.4862
22.875 86.875 1.5308
22.875 87.125 1.3496
22.875 87.375 1.2773
22.875 87.625 0.70991
22.875 87.875 -1.1419
22.875 88.125 -0.053276
22.875 88.375 0.4592
22.875 88.625 0.70212
22.875 92.625 -0.11506
22.875 92.875 0.86579
23.125 68.875 0.4397
23.125 69.125 1.457
23.125 69.375 1.3314
23.125 69.625 1.1395
23.125 69.875 1.0286
23.125 70.125 0.96532
23.125 70.875 1.3779
23.125 71.125 1.1103
23.125 71.375 0.56923
23.125 71.625 1.279
23.125 71.875 0.0049686
23.125 72.125 0.59136
23.125 72.375 -0.030027
23.125 72.625 0.91383
23.125 72.875 0.27784
23.125 73.125 -0.17589
23.125 73.375 0.66673
23.125 73.625 0.45665
23.125 73.875 0.14106
23.125 74.125 -0.050158
23.125 74.375 -0.081593
23.125 74.625 0.59223
23.125 74.875 0.67671
23.125 75.125 0.70197
23.125 75.375 -0.23262
23.125 75.625 -0.26618
23.125 75.875 -0.17334
23.125 76.125 -0.45577
23.125 76.375 -0.024385
23.125 76.625 -0.50219
23.125 76.875 -0.25512
23.125 77.125 0.36499
23.125 77.375 0.73012
23.125 77.625 0.62324
23.125 77.875 0.78292
23.125 78.125 0.93518
23.125 78.375 0.77848
23.125 78.625 0.37023
23.125 78.875 0.23561
23.125 79.125 0.087996
23.125 79.375 0.3636
23.125 79.625 -0.78753
23.125 79.875 -0.028112
23.125 80.125 0.45996
23.125 80.375 0.5613
23.125 80.625 0.98232
23.125 80.875 1.3437
23.125 81.125 1.4816
23.125 81.375 0.90313
23.125 81.625 0.027891
23.125 81.875 0.0026646
23.125 82.125 -0.50189
23.125 82.375 0.31944
23.125 82.625 0.79921
23.125 82.875 -0.7693
23.125 83.125 -0.93505
23.125 83.375 2.0719
23.125 83.625 2.3547
23.125 83.875 2.2452
23.125 84.125 0.11405
23.125 84.375 0.059695
23.125 84.625 0.62715
23.125 84.875 1.6021
23.125 85.125 1.3348
23.125 85.375 1.7221
23.125 85.625 1.3383
23.125 85.875 -0.056822
23.125 86.125 0.27362
23.125 86.375 1.3372
23.125 86.625 1.4161
23.125 86.875 1.5763
23.125 87.125 1.3899
23.125 87.375 1.6859
23.125 87.625 1.0746
23.125 87.875 -1.1877
23.125 88.125 -1.6214
23.125 88.375 -0.80795
23.125 88.625 -0.098012
NaN NaN NaN
23.125 92.625 -0.18854
23.125 92.875 0.079831
NaN NaN NaN
23.375 68.875 0.96916
23.375 69.125 1.4101
23.375 69.375 1.5228
23.375 69.625 1.3671
23.375 69.875 1.1971
23.375 70.125 1.2032
23.375 70.375 1.3404
23.375 70.625 1.3229
23.375 70.875 1.3047
23.375 71.125 1.1285
23.375 71.375 0.31098
23.375 71.625 -0.5759
23.375 71.875 0.049422
23.375 72.125 -0.33116
23.375 72.375 0.24634
23.375 72.625 0.27194
23.375 72.875 0.61456
23.375 73.125 0.57362
23.375 73.375 0.47178
23.375 73.625 -0.01734
23.375 73.875 -0.31266
23.375 74.125 -0.21318
23.375 74.375 0.26483
23.375 74.625 1.1155
23.375 74.875 0.96744
23.375 75.125 0.59117
23.375 75.375 0.42325
23.375 75.625 -0.27957
23.375 75.875 -0.072374
23.375 76.125 0.62904
23.375 76.375 0.4398
23.375 76.625 -0.17279
23.375 76.875 -0.18282
23.375 77.125 -0.17239
23.375 77.375 0.28876
23.375 77.625 -0.7358
23.375 77.875 0.91444
23.375 78.125 0.57485
23.375 78.375 0.45504
23.375 78.625 0.29185
23.375 78.875 0.42753
23.375 79.125 0.058883
23.375 79.375 0.22638
23.375 79.625 0.84391
23.375 79.875 0.40012
23.375 80.125 -0.45084
23.375 80.375 0.52699
23.375 80.625 0.90313
23.375 80.875 1.2166
23.375 81.125 1.2118
23.375 81.375 0.81327
23.375 81.625 0.71129
23.375 81.875 0.2485
23.375 82.125 0.88386
23.375 82.375 1.7607
23.375 82.625 0.88853
23.375 82.875 0.29924
23.375 83.125 1.8051
23.375 83.375 2.2464
23.375 83.625 2.3188
23.375 83.875 1.4399
23.375 84.125 0.10922
23.375 84.375 0.52638
23.375 84.625 0.21828
23.375 84.875 0.48836
23.375 85.125 0.99718
23.375 85.375 1.3083
23.375 85.625 1.4587
23.375 85.875 -0.0099472
23.375 86.125 -0.13906
23.375 86.375 0.90528
23.375 86.625 0.871
23.375 86.875 0.99142
23.375 87.125 1.1025
23.375 87.375 0.61348
23.375 87.625 0.59163
23.375 87.875 -1.7195
23.375 88.125 -1.4775
23.375 88.375 -1.2086
23.375 88.625 -0.91393
23.375 91.375 -1.3677
23.375 91.625 -0.92774
23.375 92.625 -0.10056
23.375 92.875 -0.3016
23.375 93.125 -1.2031
23.625 68.625 0.88772
23.625 68.875 0.90422
23.625 69.125 1.2122
23.625 69.375 1.5543
23.625 69.625 1.5254
23.625 69.875 1.3813
23.625 70.125 1.4027
23.625 70.375 1.4434
23.625 70.625 1.1672
23.625 70.875 1.1457
23.625 71.125 1.1086
23.625 71.375 1.1502
23.625 71.625 -0.52064
23.625 71.875 -0.40855
23.625 72.125 -0.44647
23.625 72.375 -0.57405
23.625 72.625 0.27139
23.625 72.875 0.45794
23.625 73.125 0.33832
23.625 73.375 -0.084459
23.625 73.625 -0.02687
23.625 73.875 0.17617
23.625 74.125 0.80481
23.625 74.375 0.67092
23.625 74.625 0.92886
23.625 74.875 0.73459
23.625 75.125 -0.39653
23.625 75.375 0.77292
23.625 75.625 0.78689
23.625 75.875 1.0956
23.625 76.125 1.1545
23.625 76.375 1.0219
23.625 76.625 0.99446
23.625 76.875 0.63679
23.625 77.125 0.2297
23.625 77.375 0.12212
23.625 77.625 -0.58019
23.625 77.875 0.56573
23.625 78.125 0.33688
23.625 78.375 -0.082096
23.625 78.625 0.16017
23.625 78.875 0.34964
23.625 79.125 0.13462
23.625 79.375 0.43817
23.625 79.625 0.60176
23.625 79.875 1.6039
23.625 80.125 -0.1558
23.625 80.375 0.34719
23.625 80.625 1.0431
23.625 80.875 1.3493
23.625 81.125 0.56886
23.625 81.375 0.99082
23.625 81.625 1.2058
23.625 81.875 0.9631
23.625 82.125 1.0174
23.625 82.375 1.9623
23.625 82.625 2.129
23.625 82.875 2.0303
23.625 83.125 1.9403
23.625 83.375 1.7951
23.625 83.625 1.8298
23.625 83.875 0.6756
23.625 84.125 0.46469
23.625 84.375 0.77936
23.625 84.625 0.71515
23.625 84.875 0.72322
23.625 85.125 0.24976
23.625 85.375 0.93208
23.625 85.625 1.1478
23.625 85.875 1.7057
23.625 86.125 -1.6519
23.625 86.375 0.85831
23.625 86.625 1.2339
23.625 86.875 0.73635
23.625 87.125 0.56945
23.625 87.375 0.1855
23.625 87.625 -0.20772
23.625 87.875 -1.1239
23.625 88.125 -1.9047
23.625 88.375 -1.7021
23.625 91.375 -1.1021
23.625 91.625 -1.036
NaN NaN NaN
23.625 92.375 -0.59801
23.625 92.625 -0.15577
23.625 92.875 -0.64006
23.625 93.125 -1.467
23.875 68.875 0.89362
23.875 69.125 1.0763
23.875 69.375 1.48
23.875 69.625 1.5581
23.875 69.875 1.4406
23.875 70.125 1.3957
23.875 70.375 1.3826
23.875 70.625 1.1582
23.875 70.875 1.1671
23.875 71.125 0.9924
23.875 71.375 1.3341
23.875 71.625 1.1707
23.875 71.875 0.14379
23.875 72.125 0.21042
23.875 72.375 0.12728
23.875 72.625 0.18813
23.875 72.875 0.78184
23.875 73.125 0.54366
23.875 73.375 0.8422
23.875 73.625 0.36055
23.875 73.875 0.78307
23.875 74.125 0.62975
23.875 74.375 0.8402
23.875 74.625 0.79308
23.875 74.875 0.62765
23.875 75.125 0.70021
23.875 75.375 0.93675
23.875 75.625 1.0501
23.875 75.875 1.2975
23.875 76.125 1.5231
23.875 76.375 1.1842
23.875 76.625 1.2966
23.875 76.875 1.0984
23.875 77.125 0.90482
23.875 77.375 0.79048
23.875 77.625 0.19008
23.875 77.875 0.69121
23.875 78.125 0.54157
23.875 78.375 -0.019763
23.875 78.625 0.10318
23.875 78.875 0.55708
23.875 79.125 0.25133
23.875 79.375 0.82194
23.875 79.625 0.79787
23.875 79.875 0.53182
23.875 80.125 0.442
23.875 80.375 -0.20017
23.875 80.625 0.57505
23.875 80.875 0.85913
23.875 81.125 0.48762
23.875 81.375 1.0507
23.875 81.625 1.3516
23.875 81.875 1.1606
23.875 82.125 0.76426
23.875 82.375 1.6411
23.875 82.625 1.3552
23.875 82.875 1.0555
23.875 83.125 0.60449
23.875 83.375 -0.074985
23.875 83.625 0.47204
23.875 83.875 0.83443
23.875 84.125 0.80697
23.875 84.375 0.37778
23.875 84.625 0.021395
23.875 84.875 -0.56629
23.875 85.125 -1.2209
23.875 85.375 -0.57391
23.875 85.625 0.26028
23.875 85.875 0.83071
23.875 86.125 0.25499
23.875 86.375 1.084
23.875 86.625 1.0069
23.875 86.875 1.2942
23.875 87.125 0.79029
23.875 87.375 0.27748
23.875 87.625 -0.91931
23.875 87.875 -1.0246
23.875 88.125 -1.4472
23.875 88.375 -1.7555
23.875 91.375 -0.91011
23.875 91.625 -0.88139
23.875 91.875 0.47053
23.875 92.125 0.21228
23.875 92.375 -0.019305
23.875 92.625 -0.01061
23.875 92.875 -1.3509
23.875 93.125 -1.8094
23.875 93.375 -1.7208
24.125 68.875 0.91453
24.125 69.125 1.0597
24.125 69.375 1.3961
24.125 69.625 1.6976
24.125 69.875 1.4791
24.125 70.125 1.3878
24.125 70.375 1.3035
24.125 70.625 0.99405
24.125 70.875 0.83642
24.125 71.125 0.85924
24.125 71.375 0.80052
24.125 71.625 0.31639
24.125 71.875 0.14126
24.125 72.125 0.54385
24.125 72.375 0.3848
24.125 72.625 0.66527
24.125 72.875 0.70466
24.125 73.125 1.1719
24.125 73.375 1.0187
24.125 73.625 0.78374
24.125 73.875 0.85422
24.125 74.125 0.75279
24.125 74.375 0.76267
24.125 74.625 0.68946
24.125 74.875 0.1175
24.125 75.125 -0.50279
24.125 75.375 0.81399
24.125 75.625 1.0929
24.125 75.875 0.88899
24.125 76.125 0.91007
24.125 76.375 1.048
24.125 76.625 1.1282
24.125 76.875 1.3434
24.125 77.125 1.2861
24.125 77.375 1.3571
24.125 77.625 0.99274
24.125 77.875 0.87401
24.125 78.125 0.69107
24.125 78.375 0.7352
24.125 78.625 0.32512
24.125 78.875 -0.073568
24.125 79.125 0.167
24.125 79.375 0.6865
24.125 79.625 -0.34753
24.125 79.875 0.74099
24.125 80.125 0.045491
24.125 80.375 -0.25979
24.125 80.625 0.64215
24.125 80.875 0.83091
24.125 81.125 0.075629
24.125 81.375 0.80229
24.125 81.625 1.0318
24.125 81.875 0.88189
24.125 82.125 1.3167
24.125 82.375 1.3641
24.125 82.625 0.47238
24.125 82.875 -0.40479
24.125 83.125 0.25403
24.125 83.375 -1.2431
24.125 83.625 -0.97231
24.125 83.875 0.43605
24.125 84.125 0.73184
24.125 84.375 0.46902
24.125 84.625 -0.022108
24.125 84.875 -0.8655
24.125 85.125 -1.421
24.125 85.375 -0.54654
24.125 85.625 -0.9158
24.125 85.875 0.80143
24.125 86.125 -0.0099369
24.125 86.375 -0.63339
24.125 86.625 0.36799
24.125 86.875 0.38555
24.125 87.125 -0.04384
24.125 87.375 0.061421
24.125 87.625 -0.5681
24.125 87.875 -0.41632
24.125 88.125 -1.0642
24.125 88.375 -1.2963
24.125 91.875 0.75305
24.125 92.125 0.67208
24.125 92.375 0.28409
24.125 92.625 0.10163
24.125 92.875 -1.2583
24.125 93.125 -2.0411
24.125 93.375 -1.8097
24.125 93.625 -1.6489
24.125 93.875 -1.8337
NaN NaN NaN
24.375 71.375 0.5674
24.375 71.625 0.63884
24.375 71.875 0.57637
24.375 72.125 0.5964
24.375 72.375 -0.22713
24.375 72.625 0.4629
24.375 72.875 0.33191
24.375 73.125 0.67309
24.375 73.375 0.5357
24.375 73.625 0.54385
24.375 73.875 0.93325
24.375 74.125 0.66352
24.375 74.375 1.0132
24.375 74.625 1.1098
24.375 74.875 0.51623
24.375 75.125 0.3241
24.375 75.375 1.339
24.375 75.625 1.5953
24.375 75.875 0.82463
24.375 76.125 0.6431
24.375 76.375 1.1222
24.375 76.625 1.4934
24.375 76.875 1.5906
24.375 77.125 1.4606
24.375 77.375 1.5521
24.375 77.625 1.5936
24.375 77.875 1.6784
24.375 78.125 1.4633
24.375 78.375 1.6153
24.375 78.625 0.53543
24.375 78.875 1.1281
24.375 79.125 1.0144
24.375 79.375 0.80192
24.375 79.625 0.55104
24.375 79.875 0.51689
24.375 80.125 -0.11513
24.375 80.375 1.1868
24.375 80.625 1.1624
24.375 80.875 0.53507
24.375 81.125 0.45623
24.375 81.375 0.72059
24.375 81.625 1.1886
24.375 81.875 1.6984
24.375 82.125 1.3414
24.375 82.375 1.1277
24.375 82.625 0.88398
24.375 82.875 0.57292
24.375 83.125 0.26381
24.375 83.375 -0.050578
24.375 83.625 -0.41509
24.375 83.875 0.13639
24.375 84.125 0.31684
24.375 84.375 0.79534
24.375 84.625 0.0080809
24.375 84.875 -0.31267
24.375 85.125 0.84111
24.375 85.375 0.71041
24.375 85.625 0.096179
24.375 85.875 -1.1559
24.375 86.125 -0.78531
24.375 86.375 -0.36218
24.375 86.625 0.18544
24.375 86.875 -0.28533
24.375 87.125 -0.70075
24.375 87.375 -0.61638
24.375 87.625 -1.6889
24.375 87.875 -1.3296
24.375 88.125 -0.86856
24.375 92.375 -1.2577
24.375 92.625 -0.99911
24.375 92.875 -1.7678
24.375 93.125 -2.2256
24.375 93.375 -2.0706
24.375 93.625 -1.76
24.375 93.875 -1.5888
24.375 94.125 -1.1894
24.625 71.125 0.16478
24.625 71.375 0.67801
24.625 71.625 0.8154
24.625 71.875 0.42745
24.625 72.125 -0.1589
24.625 72.375 -0.18614
24.625 72.625 0.22626
24.625 72.875 0.32705
24.625 73.125 0.73244
24.625 73.375 0.84308
24.625 73.625 0.92426
24.625 73.875 0.99431
24.625 74.125 0.61188
24.625 74.375 0.96408
24.625 74.625 1.3988
24.625 74.875 1.1018
24.625 75.125 1.1458
24.625 75.375 1.4588
24.625 75.625 1.3399
24.625 75.875 0.77477
24.625 76.125 1.4013
24.625 76.375 1.3652
24.625 76.625 1.3842
24.625 76.875 1.5286
24.625 77.125 1.4836
24.625 77.375 1.601
24.625 77.625 1.2573
24.625 77.875 1.4103
24.625 78.125 1.2301
24.625 78.375 1.7248
24.625 78.625 1.248
24.625 78.875 1.2871
24.625 79.125 1.1869
24.625 79.375 1.037
24.625 79.625 0.82718
24.625 79.875 0.92591
24.625 80.125 1.0865
24.625 80.375 1.5441
24.625 80.625 1.7018
24.625 80.875 -0.7046
24.625 81.125 -0.77052
24.625 81.375 1.8397
24.625 81.625 1.9198
24.625 81.875 1.7722
24.625 82.125 -0.0078249
24.625 82.375 0.37084
24.625 82.625 0.79802
24.625 82.875 0.8477
24.625 83.125 0.048346
24.625 83.375 -0.37183
24.625 83.625 0.23227
24.625 83.875 -0.12173
24.625 84.125 0.52234
24.625 84.375 0.60289
24.625 84.625 -0.71592
24.625 84.875 -0.61707
24.625 85.125 -0.12231
24.625 85.375 0.29524
24.625 85.625 -1.2178
24.625 85.875 -1.5262
24.625 86.125 -0.36714
24.625 86.375 0.19027
24.625 86.625 0.45139
24.625 86.875 -0.22467
24.625 87.125 -0.94012
24.625 87.375 -1.2451
24.625 87.625 -1.3572
24.625 87.875 -1.1848
24.625 92.375 -0.67212
24.625 92.625 -0.98961
24.625 92.875 -1.5964
24.625 93.125 -1.1668
24.625 93.375 -0.73641
24.625 93.625 -1.749
24.625 93.875 -0.6743
24.625 94.125 -0.45773
NaN NaN NaN
24.875 71.125 0.12381
24.875 71.375 -0.15156
24.875 71.625 0.075138
24.875 71.875 -0.090585
24.875 72.125 -0.0015162
24.875 72.375 -0.30472
24.875 72.625 -0.21074
24.875 72.875 -0.15424
24.875 73.125 -0.41051
24.875 73.375 1.1351
24.875 73.625 1.3174
24.875 73.875 1.2767
24.875 74.125 1.0969
24.875 74.375 1.2872
24.875 74.625 1.0552
24.875 74.875 0.99396
24.875 75.125 1.2181
24.875 75.375 1.0865
24.875 75.625 0.55974
24.875 75.875 1.2031
24.875 76.125 1.1795
24.875 76.375 1.4337
24.875 76.625 1.5149
24.875 76.875 1.6024
24.875 77.125 1.7192
24.875 77.375 1.8926
24.875 77.625 1.4043
24.875 77.875 1.1793
24.875 78.125 1.5852
24.875 78.375 1.8506
24.875 78.625 1.2391
24.875 78.875 2.1615
24.875 79.125 1.716
24.875 79.375 1.3517
24.875 79.625 1.3301
24.875 79.875 1.4008
24.875 80.125 0.96143
24.875 80.375 1.317
24.875 80.625 1.8395
24.875 80.875 -0.15316
24.875 81.125 -0.68752
24.875 81.375 -0.37183
24.875 81.625 1.3058
24.875 81.875 0.57403
24.875 82.125 -0.65247
24.875 82.375 -0.72948
24.875 82.625 1.5132
24.875 82.875 -0.60542
24.875 83.125 -0.64631
24.875 83.375 -0.99613
24.875 83.625 0.10893
24.875 83.875 -0.52943
24.875 84.125 -0.55745
24.875 84.375 -1.6371
24.875 84.625 -1.6124
24.875 84.875 -0.55253
24.875 85.125 0.17071
24.875 85.375 -1.079
24.875 85.625 0.34523
24.875 85.875 0.38621
24.875 86.125 -0.7432
24.875 86.375 0.31282
24.875 86.625 0.14944
24.875 86.875 -0.21627
24.875 87.125 -1.3479
24.875 87.375 -0.41456
24.875 87.625 -0.51668
24.875 87.875 -0.26314
24.875 88.125 0.87009
24.875 92.625 -0.37897
24.875 92.875 0.044391
24.875 93.125 1.4836
24.875 93.375 -1.4043
24.875 93.625 -0.43295
24.875 93.875 0.15325
24.875 94.125 -0.11945
24.875 94.375 -0.068545
25.125 71.125 0.14855
25.125 71.375 -0.19953
25.125 71.625 -0.25026
25.125 71.875 -0.13895
25.125 72.125 0.19822
25.125 72.375 0.96113
25.125 72.625 0.66935
25.125 72.875 -0.26613
25.125 73.125 0.090186
25.125 73.375 1.3288
25.125 73.625 1.9161
25.125 73.875 0.82839
25.125 74.125 0.90465
25.125 74.375 1.1779
25.125 74.625 1.3443
25.125 74.875 1.2699
25.125 75.125 1.4074
25.125 75.375 1.0943
25.125 75.625 1.2792
25.125 75.875 0.84967
25.125 76.125 1.0653
25.125 76.375 1.338
25.125 76.625 1.5611
25.125 76.875 1.6079
25.125 77.125 1.6632
25.125 77.375 1.6605
25.125 77.625 1.8255
25.125 77.875 1.8006
25.125 78.125 1.963
25.125 78.375 1.5975
25.125 78.625 0.88357
25.125 78.875 0.82255
25.125 79.125 1.6932
25.125 79.375 1.9075
25.125 79.625 1.5924
25.125 79.875 1.8099
25.125 80.125 0.76459
25.125 80.375 1.4738
25.125 80.625 1.2852
25.125 80.875 0.48183
25.125 81.125 -0.9736
25.125 81.375 0.28771
25.125 81.625 -1.7441
25.125 81.875 -0.27071
25.125 82.125 0.40495
25.125 82.375 1.5043
25.125 82.625 1.1614
25.125 82.875 -0.56552
25.125 83.125 -1.2608
25.125 83.375 -1.2078
25.125 83.625 -0.30611
25.125 83.875 -0.70065
25.125 84.125 -0.41731
25.125 84.375 -1.1289
25.125 84.625 -0.90402
25.125 84.875 -0.8546
25.125 85.125 -0.17093
25.125 85.375 -0.23276
25.125 85.625 0.38393
25.125 85.875 0.56601
25.125 86.125 -0.51786
25.125 86.375 -0.089752
25.125 86.625 -0.16591
25.125 86.875 -0.8629
25.125 87.125 -0.75785
25.125 87.375 -0.59848
25.125 87.625 -0.38175
25.125 87.875 -0.22165
25.125 88.125 0.85562
25.125 88.375 0.90925
25.125 92.375 -0.76669
25.125 92.625 -0.45059
25.125 92.875 0.54603
25.125 93.125 1.5346
25.125 93.375 -0.33454
25.125 93.625 -0.22825
25.125 93.875 -0.10066
25.125 94.125 -0.15837
25.125 94.375 -0.068866
25.375 70.875 0.35048
25.375 71.125 0.25214
25.375 71.375 0.2661
25.375 71.625 0.41531
25.375 71.875 0.42492
25.375 72.125 0.55659
25.375 72.375 1.0727
25.375 72.625 0.86633
25.375 72.875 0.1841
25.375 73.125 0.61423
25.375 73.375 1.468
25.375 73.625 1.7694
25.375 73.875 1.0357
25.375 74.125 1.0995
25.375 74.375 1.1816
25.375 74.625 1.3279
25.375 74.875 1.4978
25.375 75.125 1.7479
25.375 75.375 1.8967
25.375 75.625 1.5987
25.375 75.875 1.193
25.375 76.125 1.5129
25.375 76.375 1.8929
25.375 76.625 1.8084
25.375 76.875 1.4862
25.375 77.125 1.759
25.375 77.375 1.8012
25.375 77.625 1.9855
25.375 77.875 1.8802
25.375 78.125 1.9437
25.375 78.375 1.938
25.375 78.625 -1.6416
25.375 78.875 -2.2004
25.375 79.125 0.83074
25.375 79.375 2.3104
25.375 79.625 1.8893
25.375 79.875 1.7556
25.375 80.125 1.5767
25.375 80.375 1.6835
25.375 80.625 1.2508
25.375 80.875 -1.3433
25.375 81.125 -0.94659
25.375 81.375 0.77385
25.375 81.625 0.59949
25.375 81.875 -2.092
25.375 82.125 -1.559
25.375 82.375 -1.5391
25.375 82.625 -1.3861
25.375 82.875 -1.2051
25.375 83.125 -1.4089
25.375 83.375 0.24569
25.375 83.625 0.44741
25.375 83.875 0.12324
25.375 84.125 -0.11238
25.375 84.375 -0.58425
25.375 84.625 -0.78987
25.375 84.875 -0.034415
25.375 85.125 -0.38133
25.375 85.375 -0.39964
25.375 85.625 0.31346
25.375 85.875 1.2816
25.375 86.125 1.9698
25.375 86.375 0.69641
25.375 86.625 -0.13806
25.375 86.875 -0.57125
25.375 87.125 -1.8739
25.375 87.375 -0.7
25.375 87.625 -0.020923
25.375 87.875 -0.20937
25.375 88.125 0.74409
25.375 88.375 0.46721
25.375 88.625 -0.51356
25.375 90.125 -0.20378
25.375 90.375 -0.59047
25.375 90.625 -0.22888
25.375 90.875 -0.36939
25.375 91.125 0.0559
25.375 91.375 0.095968
25.375 91.625 -0.92205
25.375 91.875 -0.9537
25.375 92.125 -1.2647
25.375 92.375 -1.4474
25.375 92.625 -1.4116
25.375 92.875 0.56798
25.375 93.125 -0.36382
25.375 93.375 -0.44893
25.375 93.625 0.26396
25.375 93.875 -0.068454
25.375 94.125 -0.10891
25.375 94.375 0.33483
25.625 70.875 -0.14627
25.625 71.125 0.27178
25.625 71.375 0.36605
25.625 71.625 0.75556
25.625 71.875 1.0401
25.625 72.125 0.7687
25.625 72.375 0.84043
25.625 72.625 -0.34761
25.625 72.875 -0.45597
25.625 73.125 0.48495
25.625 73.375 1.5065
25.625 73.625 1.585
25.625 73.875 1.1593
25.625 74.125 1.4264
25.625 74.375 1.0159
25.625 74.625 1.5307
25.625 74.875 1.6992
25.625 75.125 1.3646
25.625 75.375 1.7162
25.625 75.625 1.6929
25.625 75.875 1.642
25.625 76.125 1.8296
25.625 76.375 1.8564
25.625 76.625 1.7455
25.625 76.875 1.2587
25.625 77.125 1.4937
25.625 77.375 1.6728
25.625 77.625 1.9342
25.625 77.875 1.6635
25.625 78.125 1.6095
25.625 78.375 0.2602
25.625 78.625 -1.2321
25.625 78.875 -2.048
25.625 79.125 1.9504
25.625 79.375 2.1786
25.625 79.625 1.8838
25.625 79.875 1.4296
25.625 80.125 1.3027
25.625 80.375 1.2185
25.625 80.625 -1.5395
25.625 80.875 -1.8706
25.625 81.125 0.39519
25.625 81.375 0.51228
25.625 81.625 -0.60201
25.625 81.875 -0.29559
25.625 82.125 -1.4403
25.625 82.375 0.30042
25.625 82.625 -1.4218
25.625 82.875 -1.3772
25.625 83.125 -1.4299
25.625 83.375 -0.40972
25.625 83.625 0.53784
25.625 83.875 -0.43149
25.625 84.125 -1.6164
25.625 84.375 -1.6236
25.625 84.625 -0.1882
25.625 84.875 -0.49572
25.625 85.125 -1.0455
25.625 85.375 -0.93081
25.625 85.625 0.40211
25.625 85.875 0.067127
25.625 86.125 -1.1934
25.625 86.375 -1.2221
25.625 86.625 -1.956
25.625 86.875 -0.67702
25.625 87.125 -0.69464
25.625 87.375 -0.77499
25.625 87.625 -0.5615
25.625 87.875 -0.39597
25.625 88.125 -0.52171
25.625 90.125 1.3123
25.625 90.375 0.36436
25.625 90.625 -0.50978
25.625 90.875 0.11192
25.625 91.125 2.2567
25.625 91.375 1.3319
25.625 91.625 0.32229
25.625 91.875 -0.74575
25.625 92.125 -1.3068
25.625 92.375 -1.1067
25.625 92.625 -1.1745
25.625 92.875 -0.75549
25.625 93.125 -0.93099
25.625 93.375 -0.86046
25.625 93.625 -0.3405
25.625 93.875 0.5215
25.625 94.125 1.0905
25.625 94.375 1.1736
NaN NaN NaN
NaN NaN NaN
25.875 70.375 0.54378
25.875 70.625 0.264
25.875 70.875 0.11962
25.875 71.125 0.34172
25.875 71.375 0.49619
25.875 71.625 0.72405
25.875 71.875 1.3638
25.875 72.125 1.4263
25.875 72.375 0.95486
25.875 72.625 -0.84148
25.875 72.875 -0.81244
25.875 73.125 0.52594
25.875 73.375 1.6489
25.875 73.625 1.6276
25.875 73.875 1.4001
25.875 74.125 1.017
25.875 74.375 1.2225
25.875 74.625 1.5932
25.875 74.875 1.7523
25.875 75.125 1.0597
25.875 75.375 0.94809
25.875 75.625 1.3349
25.875 75.875 1.6534
25.875 76.125 1.6582
25.875 76.375 1.7798
25.875 76.625 1.4921
25.875 76.875 0.73556
25.875 77.125 0.89635
25.875 77.375 1.2058
25.875 77.625 1.8585
25.875 77.875 1.3251
25.875 78.125 1.7768
25.875 78.375 1.5651
25.875 78.625 1.3833
25.875 78.875 -0.44172
25.875 79.125 0.55939
25.875 79.375 -0.76289
25.875 79.625 -0.33686
25.875 79.875 0.68067
25.875 80.125 -0.042995
25.875 80.375 -0.451
25.875 80.625 -0.82613
25.875 80.875 -1.4835
25.875 81.125 -1.7351
25.875 81.375 1.3381
25.875 81.625 0.11139
25.875 81.875 0.62713
25.875 82.125 -2.0719
25.875 82.375 -0.87492
25.875 82.625 -0.96066
25.875 82.875 -0.099669
25.875 83.125 -1.2154
25.875 83.375 -1.6905
25.875 83.625 -0.028524
25.875 83.875 -0.98388
25.875 84.125 0.7053
25.875 84.375 -1.411
25.875 84.625 -0.83812
25.875 84.875 -0.9603
25.875 85.125 -0.57211
25.875 85.375 -0.49957
25.875 85.625 0.18035
25.875 85.875 -0.3056
25.875 86.125 -1.0957
25.875 86.375 -0.61381
25.875 86.625 -0.64349
25.875 86.875 -0.24947
25.875 87.125 -1.076
25.875 87.375 -0.87108
25.875 87.625 -0.94995
25.875 87.875 -1.3352
25.875 90.125 -1.1185
25.875 90.375 -1.069
25.875 90.625 -0.26373
25.875 90.875 -0.80786
25.875 91.125 -0.4786
25.875 91.375 -0.73007
25.875 91.625 -1.0659
25.875 91.875 -1.6108
25.875 92.125 -1.3743
25.875 92.375 -0.86495
25.875 92.625 -0.67943
25.875 92.875 -1.062
25.875 93.125 -1.7408
25.875 93.375 -1.8334
25.875 93.625 -1.0148
25.875 93.875 1.2381
25.875 94.125 1.247
25.875 94.375 1.2162
25.875 94.625 0.83956
25.875 94.875 0.40652
26.125 70.375 0.37054
26.125 70.625 -0.066041
26.125 70.875 -0.0030916
26.125 71.125 0.32004
26.125 71.375 0.58375
26.125 71.625 1.2333
26.125 71.875 1.2247
26.125 72.125 1.0994
26.125 72.375 0.92044
26.125 72.625 -0.13366
26.125 72.875 -0.1136
26.125 73.125 0.33525
26.125 73.375 1.2339
26.125 73.625 1.6524
26.125 73.875 1.4066
26.125 74.125 1.2875
26.125 74.375 1.5574
26.125 74.625 1.4617
26.125 74.875 1.5406
26.125 75.125 1.4009
26.125 75.375 0.94614
26.125 75.625 1.0764
26.125 75.875 1.347
26.125 76.125 1.5403
26.125 76.375 1.4915
26.125 76.625 1.415
26.125 76.875 1.0903
26.125 77.125 0.85869
26.125 77.375 0.93185
26.125 77.625 1.7414
26.125 77.875 2.1298
26.125 78.125 1.9277
26.125 78.375 2.1866
26.125 78.625 1.6607
26.125 78.875 1.0959
26.125 79.125 0.74302
26.125 79.375 1.4771
26.125 79.625 -1.7207
26.125 79.875 -1.3318
26.125 80.125 0.46836
26.125 80.375 -0.063936
26.125 80.625 -1.369
26.125 80.875 1.151
26.125 81.125 0.46555
26.125 81.375 -2.0413
26.125 81.625 0.46769
26.125 81.875 -0.56201
26.125 82.125 -1.723
26.125 82.375 -0.92494
26.125 82.625 -0.62158
26.125 82.875 -0.56565
26.125 83.125 -1.2379
26.125 83.375 -1.6667
26.125 83.625 -1.515
26.125 83.875 -0.11041
26.125 84.125 0.6012
26.125 84.375 -0.96797
26.125 84.625 -0.89249
26.125 84.875 -1.6528
26.125 85.125 -0.42102
26.125 85.375 -1.8684
26.125 85.625 -0.44518
26.125 85.875 1.6536
26.125 86.125 -0.76216
26.125 86.375 -1.4076
26.125 86.625 -0.43001
26.125 86.875 0.054482
26.125 87.125 -1.4005
26.125 87.375 -0.72135
26.125 87.625 -0.59175
26.125 87.875 -0.96129
26.125 88.125 -1.1272
26.125 89.375 -1.1757
26.125 89.875 -0.80575
26.125 90.125 -0.6889
26.125 90.375 -0.76948
26.125 90.625 -0.31661
26.125 90.875 -1.0336
26.125 91.125 -1.6131
26.125 91.375 -1.379
26.125 91.625 -1.4372
26.125 91.875 -1.643
26.125 92.125 -0.80529
26.125 92.375 -0.14392
26.125 92.625 0.33188
26.125 92.875 -1.0422
26.125 93.125 -1.6007
26.125 93.375 -0.37499
26.125 93.625 0.021697
26.125 93.875 1.9157
26.125 94.125 1.4634
26.125 94.375 0.80228
26.125 94.625 0.35082
26.125 94.875 0.15746
26.375 70.375 -0.44854
26.375 70.625 -0.35147
26.375 70.875 -0.50656
26.375 71.125 -0.36888
26.375 71.375 0.68876
26.375 71.625 1.7102
26.375 71.875 1.4676
26.375 72.125 1.22
26.375 72.375 0.76349
26.375 72.625 -0.14283
26.375 72.875 0.00042177
26.375 73.125 0.44442
26.375 73.375 0.9992
26.375 73.625 1.4767
26.375 73.875 1.5299
26.375 74.125 1.5795
26.375 74.375 1.7474
26.375 74.625 -0.28215
26.375 74.875 1.0876
26.375 75.125 1.1804
26.375 75.375 1.3103
26.375 75.625 1.2246
26.375 75.875 1.3155
26.375 76.125 1.2504
26.375 76.375 0.96643
26.375 76.625 1.5426
26.375 76.875 1.7281
26.375 77.125 1.908
26.375 77.375 1.9856
26.375 77.625 2.0109
26.375 77.875 1.2705
26.375 78.125 1.3783
26.375 78.375 0.61393
26.375 78.625 2.0599
26.375 78.875 1.7104
26.375 79.125 1.5847
26.375 79.375 -1.6543
26.375 79.625 -1.9309
26.375 79.875 1.1865
26.375 80.125 1.6399
26.375 80.375 -0.8208
26.375 80.625 -0.91105
26.375 80.875 0.41699
26.375 81.125 -0.80322
26.375 81.375 -2.1642
26.375 81.625 -1.8176
26.375 81.875 -1.0667
26.375 82.125 -1.3628
26.375 82.375 -0.93025
26.375 82.625 -1.012
26.375 82.875 -0.56382
26.375 83.125 -1.0925
26.375 83.375 -1.3597
26.375 83.625 -0.4543
26.375 83.875 -0.080655
26.375 84.125 -0.46449
26.375 84.375 -1.3446
26.375 84.625 -1.3766
26.375 84.875 -0.64802
26.375 85.125 -1.6231
26.375 85.375 -1.5956
26.375 85.625 -1.0373
26.375 85.875 -0.13883
26.375 86.125 -1.1069
26.375 86.375 -2.1379
26.375 86.625 -2.1134
26.375 86.875 -0.51222
26.375 87.125 -1.055
26.375 87.625 -1.8252
26.375 87.875 -1.5834
26.375 88.125 -0.71544
26.375 88.375 -0.89932
26.375 88.875 0.31307
26.375 89.375 -0.23293
26.375 89.625 -0.51492
26.375 89.875 -1.0327
26.375 90.125 -0.58772
26.375 90.375 -0.29878
26.375 90.625 -1.463
26.375 90.875 -0.78497
26.375 91.125 -1.6328
26.375 91.375 -1.0738
26.375 91.625 -1.7801
26.375 91.875 -1.5387
26.375 92.125 -0.3806
26.375 92.375 0.36537
26.375 92.625 0.61309
26.375 92.875 -0.70904
26.375 93.125 -0.79869
26.375 93.375 -0.77866
26.375 93.625 -0.44843
26.375 93.875 1.1849
26.375 94.125 1.3233
26.375 94.375 0.23292
26.375 94.625 0.040545
26.375 94.875 -0.06037
26.625 69.875 -0.55683
26.625 70.125 -0.59184
26.625 70.375 -0.60954
26.625 70.625 0.038897
26.625 70.875 -0.058793
26.625 71.125 -0.18743
26.625 71.375 1.6692
26.625 71.625 1.7644
26.625 71.875 1.6977
26.625 72.125 1.2212
26.625 72.375 0.18911
26.625 72.625 0.086753
26.625 72.875 0.31108
26.625 73.125 0.93099
26.625 73.375 0.84328
26.625 73.625 1.384
26.625 73.875 1.5411
26.625 74.125 1.6105
26.625 74.375 1.4393
26.625 74.625 0.83539
26.625 74.875 1.4102
26.625 75.125 0.91842
26.625 75.375 1.2127
26.625 75.625 1.1721
26.625 75.875 0.75734
26.625 76.125 1.6769
26.625 76.375 1.1546
26.625 76.625 1.151
26.625 76.875 1.3608
26.625 77.125 1.7401
26.625 77.375 1.9668
26.625 77.625 1.9584
26.625 77.875 -0.17565
26.625 78.125 1.871
26.625 78.375 2.0139
26.625 78.625 2.2253
26.625 78.875 0.67829
26.625 79.125 -1.313
26.625 79.375 -0.03097
26.625 79.625 0.85977
26.625 79.875 -0.35685
26.625 80.125 -1.6043
26.625 80.375 0.74405
26.625 80.625 -0.49447
26.625 80.875 0.52471
26.625 81.125 0.91855
26.625 81.375 -0.52078
26.625 81.625 -0.885
26.625 81.875 0.88941
26.625 82.125 -0.36082
26.625 82.375 -0.004451
26.625 82.625 -1.939
26.625 82.875 -0.65308
26.625 83.125 -0.50825
26.625 83.375 -1.2682
26.625 83.625 -0.95249
26.625 83.875 -1.0241
26.625 84.125 0.64386
26.625 84.375 -0.72307
26.625 84.625 -1.4843
26.625 84.875 -1.846
26.625 85.125 -0.95547
26.625 85.375 -1.3332
26.625 85.625 -0.66141
26.625 86.125 -1.7827
26.625 88.375 0.058992
26.625 88.625 0.051845
26.625 88.875 -0.55428
26.625 89.125 -0.73887
26.625 89.375 -0.68914
26.625 89.625 -0.62316
26.625 89.875 -1.2748
26.625 90.125 -1.1027
26.625 90.375 -1.9593
26.625 90.625 -1.7837
26.625 90.875 -1.3004
26.625 91.125 -1.2632
26.625 91.375 -0.66932
26.625 91.625 -0.87944
26.625 91.875 -1.3875
26.625 92.125 -0.59085
26.625 92.375 -0.5229
26.625 92.625 -0.91455
26.625 92.875 0.19422
26.625 93.125 -0.68793
26.625 93.375 -0.75687
26.625 93.625 -0.24615
26.625 93.875 0.22218
26.625 94.125 -0.85624
26.625 94.375 -0.76628
26.625 94.625 -0.039935
26.625 94.875 0.09605
26.625 95.125 0.34807
26.875 69.625 -0.62016
26.875 69.875 -0.61498
26.875 70.125 -0.65144
26.875 70.375 -0.47177
26.875 70.625 0.24644
26.875 70.875 0.10462
26.875 71.125 0.14177
26.875 71.375 1.3508
26.875 71.625 1.6803
26.875 71.875 1.5893
26.875 72.125 0.61955
26.875 72.375 0.36632
26.875 72.625 0.20577
26.875 72.875 1.0092
26.875 73.125 1.4175
26.875 73.375 1.1932
26.875 73.625 1.2359
26.875 73.875 1.5524
26.875 74.125 1.5756
26.875 74.375 1.4205
26.875 74.625 1.4008
26.875 74.875 1.4007
26.875 75.125 1.2983
26.875 75.375 1.0513
26.875 75.625 0.13839
26.875 75.875 1.1131
26.875 76.125 1.8465
26.875 76.375 1.2912
26.875 76.625 1.2291
26.875 76.875 2.0336
26.875 77.125 1.5725
26.875 77.375 1.1049
26.875 77.625 1.6827
26.875 77.875 1.1493
26.875 78.125 -0.6994
26.875 78.375 0.80981
26.875 78.625 1.2394
26.875 78.875 1.6149
26.875 79.125 1.3898
26.875 79.375 1.3258
26.875 79.625 1.3182
26.875 79.875 0.88974
26.875 80.125 -0.089032
26.875 80.375 0.56016
26.875 80.625 0.81412
26.875 80.875 0.86279
26.875 81.125 0.6664
26.875 81.375 0.019471
26.875 81.625 -1.2145
26.875 81.875 0.3259
26.875 82.125 0.25074
26.875 82.375 -1.8492
26.875 82.625 -1.8643
26.875 82.875 -1.1931
26.875 83.125 -1.1141
26.875 83.375 -1.6
26.875 83.625 -1.3324
26.875 83.875 -1.1824
26.875 84.125 0.15708
26.875 84.375 -1.2865
26.875 84.625 -1.0929
26.875 84.875 -1.6429
26.875 88.375 0.50578
26.875 88.625 -0.41873
26.875 88.875 -0.76273
26.875 92.375 -1.2011
26.875 92.625 -0.66167
26.875 92.875 0.3232
26.875 93.125 0.39143
26.875 93.375 -0.57767
26.875 93.625 -0.459
26.875 93.875 -0.0061316
26.875 94.125 -1.5082
26.875 94.375 0.18081
26.875 94.625 0.03902
26.875 94.875 -0.10569
26.875 95.125 -0.18033
26.875 95.375 -0.17539
26.875 95.625 -0.59847
27.125 69.875 -0.52692
27.125 70.125 -0.50331
27.125 70.375 -0.51413
27.125 70.625 -0.29944
27.125 70.875 0.11371
27.125 71.125 0.53237
27.125 71.375 0.8568
27.125 71.625 0.76061
27.125 71.875 0.65433
27.125 72.125 0.4726
27.125 72.375 0.30947
27.125 72.625 0.63669
27.125 72.875 1.0415
27.125 73.125 1.1711
27.125 73.375 1.0926
27.125 73.625 1.1302
27.125 73.875 1.4301
27.125 74.125 1.2901
27.125 74.375 0.90481
27.125 74.625 1.1999
27.125 74.875 0.77858
27.125 75.125 0.78922
27.125 75.375 1.2026
27.125 75.625 1.4062
27.125 75.875 1.1937
27.125 76.125 0.92075
27.125 76.375 1.2181
27.125 76.625 1.3251
27.125 76.875 1.226
27.125 77.125 2.2006
27.125 77.375 0.73953
27.125 77.625 1.4685
27.125 77.875 0.26465
27.125 78.125 1.3572
27.125 78.375 1.3285
27.125 78.625 -1.613
27.125 78.875 0.038429
27.125 79.125 1.2531
27.125 79.375 -0.27022
27.125 79.625 0.18844
27.125 79.875 0.46592
27.125 80.125 0.55098
27.125 80.375 1.2094
27.125 80.625 -1.3189
27.125 80.875 0.50992
27.125 81.125 1.2257
27.125 81.375 0.81413
27.125 81.625 -0.17401
27.125 81.875 0.041062
27.125 82.125 -0.3021
27.125 82.375 -1.4532
27.125 82.625 -0.01456
27.125 82.875 -0.20188
27.125 83.125 -1.0378
27.125 83.375 -0.17728
27.125 83.625 0.062741
27.125 83.875 -0.13361
27.125 84.125 -0.91924
27.125 84.375 -1.0165
27.125 84.625 -1.3649
27.125 88.125 0.51568
27.125 88.375 0.58616
27.125 88.625 0.32078
27.125 92.125 -1.5328
27.125 92.375 -0.50027
27.125 92.625 -0.21124
27.125 92.875 0.20602
27.125 93.125 -0.021149
27.125 93.375 0.27128
27.125 93.625 0.26628
27.125 93.875 0.72023
27.125 94.125 0.74803
27.125 94.375 0.38022
27.125 94.625 -0.9597
27.125 94.875 -1.177
27.125 95.125 -0.75832
27.125 95.375 -0.062273
27.125 95.625 -0.74829
27.125 95.875 -0.81883
27.375 70.125 -0.50379
27.375 70.375 -0.53052
27.375 70.625 -0.44714
27.375 70.875 -0.021862
27.375 71.125 0.43416
27.375 71.375 0.32311
27.375 71.625 0.12477
27.375 71.875 0.034389
27.375 72.125 -0.0078281
27.375 72.375 0.23154
27.375 72.625 -0.029407
27.375 72.875 0.47442
27.375 73.125 0.88926
27.375 73.375 0.9383
27.375 73.625 1.1409
27.375 73.875 1.3352
27.375 74.125 1.0732
27.375 74.375 0.81717
27.375 74.625 0.93799
27.375 74.875 1.0584
27.375 75.125 1.0741
27.375 75.375 1.1313
27.375 75.625 1.7371
27.375 75.875 1.5526
27.375 76.125 0.72473
27.375 76.375 1.2314
27.375 76.625 1.0985
27.375 76.875 1.9889
27.375 77.125 1.8258
27.375 77.375 -0.79358
27.375 77.625 0.90285
27.375 77.875 1.2817
27.375 78.125 1.3431
27.375 78.375 1.0338
27.375 78.625 0.50243
27.375 78.875 1.3167
27.375 79.125 0.96359
27.375 79.375 -0.97372
27.375 79.625 -1.0109
27.375 79.875 0.47834
27.375 80.125 -0.88959
27.375 80.375 -1.5836
27.375 80.625 -1.9513
27.375 80.875 -2.1542
27.375 81.125 0.13414
27.375 81.375 0.27453
27.375 81.625 -1.6228
27.375 81.875 -0.20048
27.375 82.125 -0.020049
27.375 82.375 -0.68352
27.375 82.625 0.26753
27.375 82.875 -0.71648
27.375 83.125 -0.82392
27.375 83.625 -0.14088
27.375 84.125 -0.42246
27.375 84.375 -1.1506
27.375 88.125 1.8312
27.375 88.375 -1.2279
27.375 88.625 -1.9387
27.375 92.125 -1.3743
27.375 92.375 -0.72035
27.375 92.625 -0.43091
27.375 92.875 -0.94992
27.375 93.125 -1.5092
27.375 93.375 -1.3824
27.375 93.625 0.34198
27.375 93.875 1.0345
27.375 94.125 1.3193
27.375 94.375 -0.83417
27.375 94.625 -1.1697
27.375 94.875 -1.5576
27.375 95.125 -0.80248
27.375 95.375 -0.62491
27.375 95.625 -0.95816
27.375 95.875 -1.0627
27.375 96.125 -1.5256
27.375 96.375 -1.2354
NaN NaN NaN
27.375 96.875 -0.4856
27.625 70.125 -0.50584
27.625 70.375 -0.52596
27.625 70.625 -0.39776
27.625 70.875 -0.16239
27.625 71.125 0.20529
27.625 71.375 0.30775
27.625 71.625 0.16653
27.625 71.875 0.045454
27.625 72.125 0.11443
27.625 72.375 0.092855
27.625 72.625 0.12903
27.625 72.875 0.12109
27.625 73.125 0.34442
27.625 73.375 0.7846
27.625 73.625 1.135
27.625 73.875 1.2204
27.625 74.125 1.0835
27.625 74.375 0.9221
27.625 74.625 0.96917
27.625 74.875 1.0592
27.625 75.125 0.83509
27.625 75.375 1.2629
27.625 75.625 1.5187
27.625 75.875 1.4885
27.625 76.125 0.78207
27.625 76.375 0.59976
27.625 76.625 1.6653
27.625 76.875 2.019
27.625 77.125 0.056392
27.625 77.375 -0.16843
27.625 77.625 -0.90182
27.625 77.875 0.69944
27.625 78.125 1.4784
27.625 78.375 1.4107
27.625 78.625 -0.67133
27.625 78.875 0.77156
27.625 79.125 -0.39323
27.625 79.375 -1.9324
27.625 79.625 -1.0913
27.625 79.875 1.4883
27.625 80.125 0.34539
27.625 80.375 -0.71878
27.625 80.625 -1.3821
27.625 80.875 -1.673
27.625 81.125 0.078757
27.625 81.375 0.5458
27.625 81.625 -0.27501
27.625 81.875 -0.54958
27.625 82.125 -0.25202
27.625 82.375 -0.58752
27.625 82.625 0.10199
27.625 88.375 -0.84504
27.625 88.625 -1.3116
27.625 91.625 -1.2955
27.625 91.875 -1.4416
27.625 92.125 -1.2339
27.625 92.375 -1.0335
27.625 92.625 -0.80773
27.625 92.875 -1.3468
27.625 93.125 -1.6705
27.625 93.375 -1.5746
27.625 93.625 -1.5409
27.625 93.875 -2.1035
27.625 94.125 -1.3471
27.625 94.375 -0.50571
27.625 94.625 -1.5625
27.625 94.875 -1.7605
27.625 95.125 -1.6169
27.625 95.375 -1.2566
27.625 95.625 -1.3743
27.625 95.875 -1.3222
27.625 96.125 -1.7146
27.625 96.375 -1.4145
27.625 96.625 -0.48585
27.625 96.875 -0.48723
27.875 70.375 -0.55348
27.875 71.875 -0.067427
27.875 72.125 -0.35769
27.875 72.375 -0.29254
27.875 72.625 0.23639
27.875 72.875 0.18233
27.875 73.125 0.21953
27.875 73.375 0.61229
27.875 73.625 1.0722
27.875 73.875 1.0398
27.875 74.125 0.94172
27.875 74.375 0.76147
27.875 74.625 0.7728
27.875 74.875 0.84231
27.875 75.125 0.96228
27.875 75.375 1.2741
27.875 75.625 1.3365
27.875 75.875 1.4625
27.875 76.125 1.2482
27.875 76.375 1.5262
27.875 76.625 0.70763
27.875 76.875 1.0359
27.875 77.125 1.3401
27.875 77.375 -0.061215
27.875 77.625 -1.1924
27.875 77.875 0.87606
27.875 78.125 1.4051
27.875 78.375 1.8016
27.875 78.625 1.5313
27.875 78.875 0.80025
27.875 79.125 -0.19997
27.875 79.375 -0.046049
27.875 79.625 0.63235
27.875 79.875 1.9729
27.875 80.125 1.4959
27.875 80.375 0.49481
27.875 80.625 -1.2148
27.875 80.875 -1.8808
27.875 81.125 -0.49874
27.875 81.375 0.74554
27.875 81.625 0.60579
27.875 88.375 1.9853
27.875 88.625 1.9171
27.875 92.875 -1.7522
27.875 93.125 -1.7336
27.875 93.375 -1.6989
27.875 93.625 -2.0007
27.875 93.875 -2.1577
27.875 94.125 -1.6341
27.875 94.375 -1.2653
27.875 94.625 -1.6473
27.875 94.875 -1.4735
27.875 95.125 -0.76373
27.875 95.375 -1.4262
27.875 95.625 -1.3962
27.875 95.875 -1.7619
27.875 96.125 -1.8017
27.875 96.375 -1.7388
27.875 96.625 -0.48977
NaN NaN NaN
27.875 97.125 -0.48935
28.125 72.125 -0.63767
28.125 72.375 -0.53862
28.125 72.625 0.21002
28.125 72.875 0.59321
28.125 73.125 1.144
28.125 73.375 1.2121
28.125 73.625 1.0166
28.125 73.875 0.85574
28.125 74.125 0.57032
28.125 74.375 0.6525
28.125 74.625 0.94991
28.125 74.875 1.0207
28.125 75.125 0.92504
28.125 75.375 1.3422
28.125 75.625 0.96794
28.125 75.875 1.3405
28.125 76.125 1.9648
28.125 76.375 1.5743
28.125 76.625 2.0919
28.125 76.875 1.8755
28.125 77.125 1.0891
28.125 77.375 0.57879
28.125 77.625 0.046984
28.125 77.875 0.70185
28.125 78.125 2.004
28.125 78.375 2.0647
28.125 78.625 0.52821
28.125 78.875 0.65034
28.125 79.125 0.77249
28.125 79.375 -1.0083
28.125 79.625 -0.93311
28.125 79.875 0.69913
28.125 80.125 0.75171
28.125 80.375 0.8585
28.125 80.625 0.77438
28.125 80.875 -0.6937
28.125 81.125 -1.1762
28.125 81.375 0.41899
28.125 92.875 -1.8159
28.125 93.125 -1.7785
28.125 93.375 -1.8816
28.125 93.625 -2.0378
28.125 93.875 -2.1972
28.125 94.125 -1.7479
28.125 94.375 -1.3683
28.125 94.625 -1.5078
28.125 94.875 -1.5365
28.125 95.125 -0.71622
28.125 95.375 -0.89011
28.125 95.625 -1.5063
28.125 95.875 -1.6611
28.125 96.125 -1.7671
28.125 96.375 -0.21702
NaN NaN NaN
NaN NaN NaN
NaN NaN NaN
28.375 72.375 -0.88855
28.375 72.625 -0.56757
28.375 72.875 0.048728
28.375 73.125 0.87053
28.375 73.375 0.72911
28.375 73.625 0.62531
28.375 73.875 0.58778
28.375 74.125 0.37857
28.375 74.375 0.43237
28.375 74.625 0.8575
28.375 74.875 0.72904
28.375 75.125 0.51348
28.375 75.375 0.86187
28.375 75.625 1.0583
28.375 75.875 1.5722
28.375 76.125 1.5712
28.375 76.375 1.6852
28.375 76.625 1.0674
28.375 76.875 1.1531
28.375 77.125 -0.14516
28.375 77.375 -0.20788
28.375 77.625 -0.13338
28.375 77.875 -0.23016
28.375 78.125 1.6339
28.375 78.375 1.1864
28.375 78.625 -0.7762
28.375 78.875 -1.1284
28.375 79.125 0.83597
28.375 79.375 0.12474
28.375 79.625 -1.255
28.375 79.875 -0.35024
28.375 80.125 0.10794
28.375 80.375 0.24284
28.375 80.625 0.39092
28.375 80.875 -0.2508
28.375 81.125 -0.19449
28.375 93.375 -1.7774
28.375 93.625 -1.6879
28.375 93.875 -1.4536
28.375 94.125 -1.0003
28.375 94.375 -0.969
28.375 94.625 -1.0925
28.375 94.875 -1.0019
28.375 95.125 -0.95422
28.375 95.375 -1.0982
28.375 95.625 -1.4195
28.375 95.875 -1.3109
28.375 96.125 -1.6309
NaN NaN NaN
28.625 72.375 -0.92884
28.625 72.625 -0.22287
28.625 72.875 0.54507
28.625 73.125 0.73335
28.625 73.375 0.97961
28.625 73.625 0.97883
28.625 73.875 0.51513
28.625 74.125 0.35498
28.625 74.375 0.64897
28.625 74.625 0.87458
28.625 74.875 0.69972
28.625 75.125 0.44065
28.625 75.375 0.32256
28.625 75.625 -0.23611
28.625 75.875 0.034484
28.625 76.125 1.3088
28.625 76.375 1.2381
28.625 76.625 1.2745
28.625 76.875 0.76339
28.625 77.125 -0.91313
28.625 77.375 -0.73926
28.625 77.625 -0.93254
28.625 77.875 -1.0433
28.625 78.125 0.41171
28.625 78.375 1.0171
28.625 78.625 -1.6231
28.625 78.875 -1.2924
28.625 79.125 1.1031
28.625 79.375 -0.23239
28.625 79.625 0.41156
28.625 79.875 -0.097977
28.625 80.125 0.47562
28.625 80.375 0.58144
28.625 80.625 0.26823
28.625 93.625 -0.28193
28.625 93.875 0.50475
28.625 94.125 -0.26687
28.625 94.375 -0.3483
28.625 94.625 -0.53857
28.625 94.875 -0.72369
28.625 95.125 -1.0015
28.625 95.375 -1.0799
28.625 95.625 -1.3193
28.625 95.875 -1.4169
28.625 96.125 -0.58473
NaN NaN NaN
28.875 72.875 0.73152
28.875 73.125 1.6642
28.875 73.375 1.8762
28.875 73.625 1.594
28.875 73.875 1.1947
28.875 74.125 0.68514
28.875 74.375 0.73555
28.875 74.625 1.0041
28.875 74.875 0.94039
28.875 75.125 0.078779
28.875 75.375 0.66121
28.875 75.625 0.38869
28.875 75.875 0.57746
28.875 76.125 0.88812
28.875 76.375 0.40468
28.875 76.625 0.15173
28.875 76.875 -0.32799
28.875 77.125 1.1179
28.875 77.375 1.2456
28.875 77.625 1.1148
28.875 77.875 0.69642
28.875 78.125 -0.075015
28.875 78.375 -0.11424
28.875 78.625 -0.9276
28.875 78.875 -0.83857
28.875 79.125 1.3406
28.875 79.375 1.31
28.875 79.625 1.6777
28.875 79.875 1.8582
28.875 94.125 0.023418
28.875 94.375 0.35987
28.875 94.625 -0.28324
28.875 94.875 -0.29168
28.875 95.125 -0.33126
28.875 95.375 -1.0999
28.875 95.625 -0.21077
28.875 95.875 -0.36436
28.875 96.125 -0.36569
NaN NaN NaN
29.125 73.125 1.5826
29.125 73.375 1.7388
29.125 73.625 1.5283
29.125 73.875 1.2357
29.125 74.125 0.50592
29.125 74.375 0.67596
29.125 74.625 0.94842
29.125 74.875 0.52288
29.125 75.125 -0.17871
29.125 75.375 1.1015
29.125 75.625 0.96476
29.125 75.875 -0.35052
29.125 76.125 -0.16144
29.125 76.375 -1.8613
29.125 76.625 -0.015754
29.125 76.875 -0.46206
29.125 77.125 0.06691
29.125 77.375 0.77636
29.125 77.625 1.3776
29.125 77.875 1.6017
29.125 78.125 0.77408
29.125 78.375 0.73749
29.125 78.625 0.92267
29.125 78.875 -0.55228
29.125 79.125 1.2823
29.125 79.375 1.3635
29.125 79.625 -0.82971
29.125 79.875 0.35094
29.125 80.125 0.80653
29.125 94.375 -0.081783
29.125 94.625 -0.047231
29.125 94.875 0.39638
29.125 95.625 -0.66406
29.125 95.875 0.2079
29.125 96.125 NaN
29.375 73.375 0.70423
29.375 73.625 1.0795
29.375 73.875 1.1923
29.375 74.125 1.341
29.375 74.375 0.26378
29.375 74.625 0.22612
29.375 74.875 0.84511
29.375 75.125 0.68636
29.375 75.375 0.071746
29.375 75.625 -0.18914
29.375 75.875 -1.6574
29.375 76.125 0.061655
29.375 76.375 -1.4887
29.375 76.625 0.25233
29.375 76.875 -1.9522
29.375 77.125 -2.1859
29.375 77.375 1.1539
29.375 77.625 1.5357
29.375 77.875 1.6828
29.375 78.125 0.47225
29.375 78.375 0.64095
29.375 78.625 -1.1695
29.375 78.875 -0.97995
29.375 79.125 0.18976
29.375 79.375 1.6767
29.375 79.625 -1.4057
29.375 79.875 0.15293
29.375 80.125 0.57778
NaN NaN NaN
29.625 73.375 0.70354
29.625 73.625 0.93502
29.625 73.875 1.2308
29.625 74.125 1.1834
29.625 74.375 0.48806
29.625 74.625 -1.0911
29.625 74.875 0.1342
29.625 75.125 0.11719
29.625 75.375 -0.53471
29.625 75.625 1.3294
29.625 75.875 -0.8579
29.625 76.125 -1.1628
29.625 76.375 0.1434
29.625 76.625 0.28037
29.625 76.875 1.1248
29.625 77.125 -1.2723
29.625 77.375 -1.1935
29.625 77.625 0.57884
29.625 77.875 0.47873
29.625 78.125 0.40495
29.625 78.375 -0.80186
29.625 78.625 -1.7422
29.625 78.875 -1.3697
29.625 79.125 -0.087253
29.625 79.375 1.3927
29.625 79.625 -0.077898
29.625 79.875 0.54012
29.625 80.125 0.90273
29.875 73.625 1.1375
29.875 73.875 1.4689
29.875 74.125 1.0552
29.875 74.375 -0.82395
29.875 74.625 -1.8433
29.875 74.875 -1.5148
29.875 75.125 -0.16821
29.875 75.375 -0.20156
29.875 75.625 0.8385
29.875 75.875 -0.1993
29.875 76.125 0.32108
29.875 76.375 0.14675
29.875 76.625 0.88053
29.875 76.875 -2.1086
29.875 77.125 -0.3663
29.875 77.375 -0.62534
29.875 77.625 -0.048653
29.875 77.875 1.2915
29.875 78.125 -1.9405
29.875 78.375 0.1083
29.875 78.625 -0.98096
29.875 78.875 0.41164
29.875 79.125 -0.87166
29.875 79.375 0.062019
29.875 79.625 1.659
29.875 79.875 0.26688
29.875 80.125 0.75112
29.875 80.375 0.66644
30.125 74.125 -0.38436
30.125 74.375 -1.2516
30.125 74.625 -0.79742
30.125 74.875 -0.50884
30.125 75.125 0.18932
30.125 75.375 1.0898
30.125 75.625 1.1137
30.125 75.875 -0.85877
30.125 76.125 0.40198
30.125 76.375 -0.55114
30.125 76.625 -0.7971
30.125 76.875 -0.69606
30.125 77.125 -0.69761
30.125 77.375 -2.2771
30.125 77.625 0.9703
30.125 77.875 0.49451
30.125 78.125 0.88711
30.125 78.375 2.0754
30.125 78.625 1.8964
30.125 78.875 1.9545
30.125 79.125 1.2263
30.125 79.375 1.1366
30.125 79.625 1.6333
30.125 79.875 0.39551
30.125 80.125 0.35444
30.125 80.375 0.66042
30.125 80.625 0.64419
30.375 74.125 -0.47905
30.375 74.375 -0.49776
30.375 74.625 0.22102
30.375 74.875 0.41061
30.375 75.125 1.0658
30.375 75.375 0.83453
30.375 75.625 0.54549
30.375 75.875 -0.47856
30.375 76.125 -0.80298
30.375 76.375 -0.77048
30.375 76.625 -1.8819
30.375 76.875 -1.6529
30.375 77.125 0.4137
30.375 77.375 0.36457
30.375 77.625 0.73309
30.375 77.875 -0.056484
30.375 78.125 -0.24837
30.375 78.375 -1.5962
30.375 78.625 1.912
30.375 78.875 1.1918
30.375 79.125 1.2738
30.375 79.375 1.2239
30.375 79.625 1.5584
30.375 79.875 1.2071
30.375 80.125 0.93834
30.375 80.375 0.54565
30.375 80.625 0.49401
30.625 74.375 -0.18956
30.625 74.625 -0.15
30.625 74.875 -0.14047
30.625 75.125 0.62725
30.625 75.375 0.92031
30.625 75.625 0.89643
30.625 75.875 -0.42359
30.625 76.125 -1.686
30.625 76.375 -2.245
30.625 76.625 -0.23523
30.625 76.875 0.55712
30.625 77.125 0.23388
30.625 77.375 0.63906
30.625 77.625 -0.35539
30.625 77.875 0.097936
30.625 78.125 0.27485
30.625 78.375 -1.3564
30.625 78.625 0.46945
30.625 78.875 1.507
30.625 79.125 1.4902
30.625 79.375 0.65406
30.625 79.625 1.86
30.625 79.875 1.1636
30.625 80.125 0.84596
30.875 74.625 -0.81042
30.875 74.875 0.38695
30.875 75.125 1.7535
30.875 75.375 -1.1611
30.875 75.625 0.64505
30.875 75.875 -0.64104
30.875 76.125 -0.88603
30.875 76.375 0.048222
30.875 76.625 0.4509
30.875 76.875 1.0221
30.875 77.125 1.8535
30.875 77.375 0.17203
30.875 77.625 0.25786
30.875 77.875 1.1919
30.875 78.125 0.59255
30.875 78.375 0.27153
30.875 78.625 0.45139
30.875 78.875 1.4006
30.875 79.125 1.6014
30.875 79.375 0.68516
30.875 79.625 0.7458
30.875 79.875 1.5951
31.125 74.875 -0.89456
31.125 75.125 1.8066
31.125 75.375 -1.6115
31.125 75.625 -1.5537
31.125 75.875 -0.042871
31.125 76.125 1.9985
31.125 76.375 1.06
31.125 76.625 0.1524
31.125 76.875 1.6085
31.125 77.125 1.9923
31.125 77.375 0.0014916
31.125 77.625 1.1513
31.125 77.875 1.0696
31.125 78.125 -0.96524
31.125 78.375 -0.6029
31.125 78.625 -0.27685
31.125 78.875 0.68438
31.125 79.125 0.86189
31.375 74.875 -1.1517
31.375 75.125 -0.93821
31.375 75.375 -1.6512
31.375 75.625 0.067213
31.375 75.875 1.6003
31.375 76.125 0.57709
31.375 76.375 1.8171
31.375 76.625 0.26255
31.375 76.875 1.7284
31.375 77.125 2.3008
31.375 77.375 1.4099
31.375 77.625 1.1157
31.375 77.875 -1.09
31.375 78.125 -1.8049
31.375 78.375 -1.6886
31.375 78.625 -1.1706
31.625 74.875 0.64127
31.625 75.125 1.2287
31.625 75.375 0.80026
31.625 75.625 0.44172
31.625 75.875 0.28959
31.625 76.125 0.66925
31.625 76.375 1.0316
31.625 76.625 1.1183
31.625 76.875 0.78018
31.625 77.125 1.5744
31.625 77.375 1.7422
31.625 77.625 1.5435
31.625 77.875 -1.0133
31.625 78.125 -1.7218
31.625 78.375 -1.8761
31.625 78.625 -1.743
31.875 74.875 1.719
31.875 75.125 1.4964
31.875 75.375 -0.79037
31.875 75.625 -0.24896
31.875 75.875 -0.082906
31.875 76.125 1.0128
31.875 76.375 0.74702
31.875 76.625 1.3309
31.875 76.875 0.57785
31.875 77.125 0.29179
31.875 77.375 0.86101
31.875 77.625 1.5609
31.875 77.875 -1.5881
31.875 78.125 -1.6542
31.875 78.375 -1.8522
31.875 78.625 -1.9073
32.125 75.375 1.2157
32.125 75.625 0.84452
32.125 75.875 0.24238
32.125 76.125 0.080844
32.125 76.375 -0.0017672
32.125 76.625 0.67447
32.125 76.875 0.13838
32.125 77.125 0.30798
32.125 77.375 -0.71232
32.125 77.625 -0.40342
32.125 77.875 -1.5596
32.125 78.125 -1.9822
32.125 78.375 -1.8891
32.375 75.375 1.4369
32.375 75.625 0.98899
32.375 75.875 0.68654
32.375 76.125 -1.0994
32.375 76.375 -0.47834
32.375 76.625 0.22328
32.375 76.875 -0.051022
32.375 77.125 0.02497
32.375 77.375 -0.93617
32.375 77.625 -1.072
32.375 77.875 -1.2657
32.375 78.125 -1.9367
32.375 78.375 -1.8295
32.625 74.875 1.2088
32.625 75.125 0.41612
32.625 75.375 0.40688
32.625 75.625 0.694
32.625 75.875 0.52173
32.625 76.125 -0.11297
32.625 76.375 -0.41248
32.625 76.625 -0.44999
32.625 76.875 0.0028491
32.625 77.125 -0.21092
32.625 77.375 -0.80346
32.625 77.625 -1.0608
32.625 77.875 -1.1027
32.625 78.125 -1.677
32.625 78.375 -1.643
32.625 78.625 -1.6811
32.625 78.875 -1.5807
32.625 79.125 -1.5485
32.625 79.375 -1.6504
32.875 74.375 1.5188
32.875 74.625 1.6167
32.875 74.875 1.4712
32.875 75.125 0.29736
32.875 75.375 -0.41802
32.875 75.625 -0.48656
32.875 75.875 -0.0037696
32.875 76.125 0.14422
32.875 76.375 -0.30731
32.875 76.625 -0.36387
32.875 76.875 -0.18842
32.875 77.125 -0.53833
32.875 77.375 -0.76191
32.875 77.625 -0.92735
32.875 77.875 -1.017
32.875 78.125 -0.53036
32.875 78.375 -1.0523
32.875 78.625 -1.4412
32.875 78.875 -1.5089
32.875 79.125 -1.5421
32.875 79.375 -1.7013
33.125 73.875 0.60464
33.125 74.125 0.66938
33.125 74.375 1.3996
33.125 74.625 1.8152
33.125 74.875 1.4009
33.125 75.125 -0.14795
33.125 75.375 -1.3278
33.125 75.625 -1.4505
33.125 75.875 -0.54927
33.125 76.125 -0.39727
33.125 76.375 -0.53675
33.125 76.625 -0.59399
33.125 76.875 -0.43616
33.125 77.125 -1.1295
33.125 77.375 -0.27981
33.125 77.625 0.014589
33.125 77.875 0.20972
33.125 78.125 0.36979
33.125 78.375 0.28498
33.125 78.625 -0.70079
33.125 78.875 -1.2092
33.125 79.125 -1.4107
33.375 73.875 0.73343
33.375 74.125 0.60591
33.375 74.375 -0.0473
33.375 74.625 -0.7975
33.375 74.875 -0.73589
33.375 75.125 -1.6917
33.375 75.375 -1.5414
33.375 75.625 -1.7732
33.375 75.875 -0.95056
33.375 76.125 -0.46718
33.375 76.375 -0.19962
33.375 76.625 -0.46756
33.375 76.875 -0.31507
33.375 77.125 0.074882
33.375 77.375 0.18112
33.375 77.625 0.19239
33.375 77.875 0.036844
33.375 78.125 0.11043
33.375 78.375 0.14131
33.375 78.625 -0.19703
33.375 78.875 -0.76039
33.625 73.875 0.31125
33.625 74.125 0.18312
33.625 74.375 -1.5923
33.625 74.625 -1.6864
33.625 74.875 -0.69361
33.625 75.125 -1.8036
33.625 75.375 -1.5096
33.625 75.625 -1.1738
33.625 75.875 -0.56157
33.625 76.125 -0.70002
33.625 76.375 -0.18696
33.625 76.625 -0.49424
33.625 76.875 -0.092481
33.625 77.125 0.081084
33.625 77.375 0.18117
33.625 77.625 0.22823
33.625 77.875 0.041054
33.625 78.125 0.00064315
33.625 78.375 0.030108
33.625 78.625 0.067737
33.625 78.875 -0.3953
33.875 73.875 -0.0015962
33.875 74.125 -0.44658
33.875 74.375 -1.2745
33.875 74.625 -0.62791
33.875 74.875 -0.65191
33.875 75.125 -0.41961
33.875 75.375 -0.37475
33.875 75.625 -0.59917
33.875 75.875 -0.86492
33.875 76.125 -0.87125
33.875 76.375 -0.47237
33.875 76.625 -0.36967
33.875 76.875 -0.28628
33.875 77.125 -0.23724
33.875 77.375 -0.033345
33.875 77.625 0.070828
33.875 77.875 0.050052
33.875 78.125 0.013213
33.875 78.375 -0.014034
33.875 78.625 0.029745
33.875 78.875 -0.21425
34.125 73.625 -1.0381
34.125 73.875 -0.84528
34.125 74.125 -0.34394
34.125 74.375 -1.3368
34.125 74.625 -1.6065
34.125 74.875 -1.5966
34.125 75.125 -0.56678
34.125 75.375 -0.45574
34.125 75.625 -1.0607
34.125 75.875 -1.0641
34.125 76.125 -1.2091
34.125 76.375 -0.32475
34.125 76.625 -0.32683
34.125 76.875 -0.30059
34.125 77.125 -0.242
34.125 77.375 -0.13753
34.125 77.625 -0.058967
34.125 77.875 -0.011607
34.125 78.125 0.00064756
34.125 78.375 -0.0034161
34.125 78.625 0.015278
34.125 78.875 -0.11667
34.125 79.125 -0.026274
34.125 79.375 -0.34469
34.375 73.625 -1.4919
34.375 73.875 -1.7054
34.375 74.125 -1.9684
34.375 74.375 -1.1866
34.375 74.625 -1.2003
34.375 74.875 -1.6809
34.375 75.125 -0.75168
34.375 75.375 -1.2102
34.375 75.625 -1.2133
34.375 75.875 -1.1441
34.375 76.125 -1.0738
34.375 76.375 -0.24891
34.375 76.625 -0.30794
34.375 76.875 -0.31154
34.375 77.125 -0.34546
34.375 77.375 -0.28814
34.375 77.625 -0.16349
34.375 77.875 -0.098449
34.375 78.125 -0.052101
34.375 78.375 -0.021419
34.375 78.625 0.0029594
34.375 78.875 -0.061181
34.375 79.125 -0.22101
34.375 79.375 -0.43686
34.625 73.875 -1.7693
34.625 74.125 -1.8263
34.625 74.375 -1.6682
34.625 74.625 -1.6025
34.625 74.875 -1.408
34.625 75.125 -0.76342
34.625 75.375 -1.5928
34.625 75.625 -1.2726
34.625 75.875 -1.1702
34.625 76.125 -0.90461
34.625 76.375 -0.25005
34.625 76.625 -0.34581
34.625 76.875 -0.3196
34.625 77.125 -0.34381
34.625 77.375 -0.32237
34.625 77.625 -0.2653
34.625 77.875 -0.20222
34.625 78.125 -0.13003
34.625 78.375 -0.07118
34.625 78.625 -0.029887
34.625 78.875 -0.044462
34.625 79.125 -0.14643
34.625 79.375 -0.30481
34.625 79.625 -0.50766
34.875 74.125 -1.8562
34.875 74.375 -1.7691
34.875 74.625 -1.576
34.875 74.875 -1.4181
34.875 75.125 -1.4361
34.875 75.375 -1.7155
34.875 75.625 -1.264
34.875 75.875 -1.1737
34.875 76.125 -0.82085
34.875 76.375 -0.25725
34.875 76.625 -0.34483
34.875 76.875 -0.31398
34.875 77.125 -0.31593
34.875 77.375 -0.32253
34.875 77.625 -0.3029
34.875 77.875 -0.26683
34.875 78.125 -0.22404
34.875 78.375 -0.18132
34.875 78.625 -0.10412
34.875 78.875 -0.070299
34.875 79.125 -0.11566
34.875 79.375 -0.22152
34.875 79.625 -0.37525
34.875 79.875 -0.56999
35.125 74.375 -1.8227
35.125 74.625 -1.5243
35.125 74.875 -1.3499
35.125 75.125 -1.6739
35.125 75.375 -1.745
35.125 75.625 -1.2402
35.125 75.875 -0.94816
35.125 76.125 -0.85446
35.125 76.375 -0.28312
35.125 76.625 -0.36034
35.125 76.875 -0.32444
35.125 77.125 -0.31736
35.125 77.375 -0.32538
35.125 77.625 -0.32203
35.125 77.875 -0.30905
35.125 78.125 -0.2923
35.125 78.375 -0.26942
35.125 78.625 -0.1853
35.125 78.875 -0.12475
35.125 79.125 -0.12181
35.125 79.375 -0.18076
35.125 79.625 -0.28748
35.125 79.875 -0.43722
35.375 73.875 -1.869
35.375 74.125 -1.8729
35.375 74.375 -1.5723
35.375 74.625 -1.4527
35.375 74.875 -1.1237
35.375 75.125 -1.4798
35.375 75.375 -1.6017
35.375 75.625 -1.1172
35.375 75.875 -0.93466
35.375 76.125 -0.92292
35.375 76.375 -0.77999
35.375 76.625 -0.64704
35.375 76.875 -0.3684
35.375 77.125 -0.32463
35.375 77.375 -0.3286
35.375 77.625 -0.33056
35.375 77.875 -0.32601
35.375 78.125 -0.31266
35.375 78.375 -0.29238
35.375 78.625 -0.23956
35.375 78.875 -0.18071
35.375 79.125 -0.1507
35.375 79.375 -0.17152
35.375 79.625 -0.23812
35.375 79.875 -0.34472
NaN NaN NaN
35.625 73.375 -1.9728
35.625 73.625 -1.9889
35.625 73.875 -1.9931
35.625 74.125 -1.9911
35.625 74.375 -1.9949
35.625 74.625 -1.7901
35.625 74.875 -1.3429
35.625 75.125 -1.9237
35.625 75.375 -1.7134
35.625 75.625 -1.0634
35.625 75.875 -1.1011
35.625 76.125 -0.96155
35.625 76.375 -0.8971
35.625 76.625 -0.86154
35.625 76.875 -0.71446
35.625 77.125 -0.56863
35.625 78.375 -0.31239
35.625 78.625 -0.27603
35.625 78.875 -0.22815
35.625 79.125 -0.18839
35.625 79.375 -0.18196
35.625 79.625 -0.21738
35.625 79.875 -0.28824
35.625 80.125 -0.39672
35.875 73.125 0.9047
35.875 73.375 -0.13797
35.875 73.625 -1.1805
35.875 73.875 -1.644
35.875 74.125 -1.8392
35.875 74.375 -2.0911
35.875 74.625 -2.0033
35.875 74.875 -1.8524
35.875 75.125 -2.1024
35.875 75.375 -2.0211
35.875 75.625 -1.7768
35.875 75.875 -1.5014
35.875 76.125 -1.3261
35.875 76.375 -1.1141
35.875 76.625 -0.95427
35.875 79.375 -0.20601
36.125 72.625 0.81634
36.125 72.875 -1.3762
36.125 73.125 -1.4702
36.125 73.375 0.47381
36.125 73.625 -0.33606
36.125 73.875 -1.0837
36.125 74.125 -1.5606
36.125 74.375 -1.8987
36.125 74.625 -1.9777
36.125 74.875 -1.9627
36.125 75.125 -2.1491
36.125 75.375 -2.15
36.125 75.625 -1.9744
36.125 75.875 -1.7571
36.125 76.125 -1.564
36.125 76.375 -1.3699
36.125 76.625 -1.2036
36.375 73.125 0.91139
36.375 73.375 0.72209
36.375 73.625 0.25361
36.375 73.875 -0.41041
36.375 74.125 -1.0551
36.375 74.375 -1.5741
36.375 74.625 -1.8221
36.375 74.875 -1.9145
36.375 75.125 -2.0811
36.375 75.375 -2.2044
36.375 75.625 -2.126
36.375 75.875 -1.9505
36.375 76.125 -1.7629
36.625 73.375 0.79893
36.625 73.625 0.55794
36.625 73.875 0.11835
36.625 74.125 -0.46509
36.625 74.375 -1.0876
36.625 74.625 -1.5266
36.625 74.875 -1.7546
36.625 75.125 -1.9496
36.625 75.375 -2.1461
36.625 75.625 -2.1996
36.875 73.875 0.43566
36.875 74.375 -0.53637
36.875 74.625 -1.0862
36.875 74.875 -1.4721
36.875 75.125 -1.7473
36.875 75.375 -1.9965
