8.125 77.375 -0.60404
8.375 77.125 -0.80202
8.375 77.375 -0.022617
8.375 77.625 -0.28307
8.375 77.875 -0.10925
8.625 76.875 -1.2209
8.625 77.125 0.61082
8.625 77.375 0.3673
8.625 77.625 -0.10399
8.625 77.875 1.2663
8.875 76.875 -1.8933
8.875 77.125 0.094063
8.875 77.375 0.4511
8.875 77.625 -0.56411
8.875 77.875 -0.47248
9.125 76.625 -0.46652
9.125 76.875 -0.98278
9.125 77.125 0.80231
9.125 77.375 0.58074
9.125 77.625 0.95247
9.125 77.875 -0.4067
9.125 78.125 0.55509
NaN NaN NaN
9.375 76.625 -0.35616
9.375 76.875 -0.62902
9.375 77.125 0.99403
9.375 77.375 1.2029
9.375 77.625 1.2955
9.375 77.875 0.85654
9.375 78.125 1.1018
9.375 78.375 0.98511
9.375 78.625 -0.29722
NaN NaN NaN
9.625 76.375 -1.2908
9.625 76.625 -0.50142
9.625 76.875 -1.0574
9.625 77.125 1.1369
9.625 77.375 1.5686
9.625 77.625 1.3164
9.625 77.875 0.70188
9.625 78.125 0.99314
9.625 78.375 0.60832
9.625 78.625 0.89426
9.875 76.625 -1.1761
9.875 76.875 -1.3435
9.875 77.125 0.29153
9.875 77.375 0.34127
9.875 77.625 0.36506
9.875 77.875 0.52866
9.875 78.125 0.13332
9.875 78.375 0.070881
9.875 78.625 -0.28478
9.875 78.875 -0.91632
10.125 76.375 -0.8244
10.125 76.625 0.11079
10.125 76.875 0.89754
10.125 77.125 0.35533
10.125 77.375 0.57694
10.125 77.625 0.89664
10.125 77.875 0.89891
10.125 78.125 -0.010493
10.125 78.375 0.62553
10.125 78.625 -0.034626
10.125 78.875 -0.25038
10.125 79.125 -0.76953
10.375 76.375 -1.5468
10.375 76.625 -0.61641
10.375 76.875 0.3162
10.375 77.125 0.53441
10.375 77.375 0.46688
10.375 77.625 1.416
10.375 77.875 -0.14501
10.375 78.125 0.23213
10.375 78.375 0.7119
10.375 78.625 -1.0344
10.375 78.875 0.025025
10.375 79.125 -0.26624
NaN NaN NaN
NaN NaN NaN
10.625 76.125 -1.2844
10.625 76.375 0.10616
10.625 76.625 -0.99363
10.625 76.875 -0.36805
10.625 77.125 0.62646
10.625 77.375 0.12489
10.625 77.625 0.73051
10.625 77.875 -0.24659
10.625 78.125 -0.17005
10.625 78.375 -0.45952
10.625 78.625 -0.3813
10.625 78.875 -0.80524
10.625 79.125 0.3119
10.625 79.375 -0.065614
10.625 79.625 0.38135
10.875 76.125 -0.19645
10.875 76.375 0.52663
10.875 76.625 0.88721
10.875 76.875 -0.10855
10.875 77.125 0.44282
10.875 77.375 0.026373
10.875 77.625 -0.20644
10.875 77.875 -0.72342
10.875 78.125 -1.6379
10.875 78.375 -0.14125
10.875 78.625 0.32945
10.875 78.875 -0.076845
10.875 79.125 0.20785
10.875 79.375 -1.037
10.875 79.625 -0.2345
11.125 76.125 -0.9166
11.125 76.375 0.75841
11.125 76.625 0.86432
11.125 76.875 -0.78201
11.125 77.125 0.24479
11.125 77.375 0.2151
11.125 77.625 0.35344
11.125 77.875 0.96894
11.125 78.125 -0.64363
11.125 78.375 0.053982
11.125 78.625 0.47685
11.125 78.875 0.16793
11.125 79.125 0.52952
11.125 79.375 0.67834
11.125 79.625 0.37544
11.375 75.875 -0.80533
11.375 76.125 -1.5175
11.375 76.375 -0.17283
11.375 76.625 -0.43551
11.375 76.875 0.090717
11.375 77.125 0.40307
11.375 77.375 -0.4324
11.375 77.625 0.37255
11.375 77.875 0.6628
11.375 78.125 0.64931
11.375 78.375 -1.114
11.375 78.625 -0.21601
11.375 78.875 0.2464
11.375 79.125 0.17917
11.375 79.375 -0.32857
11.375 79.625 -0.37654
11.625 75.875 -0.79882
11.625 76.125 -0.47203
11.625 76.375 -0.5158
11.625 76.625 0.16619
11.625 76.875 0.22087
11.625 77.125 0.55429
11.625 77.375 0.13669
11.625 77.625 0.0052838
11.625 77.875 0.25434
11.625 78.125 0.096668
11.625 78.375 0.04751
11.625 78.625 -0.002045
11.625 78.875 -0.096559
11.625 79.125 -0.0034404
11.625 79.375 0.37672
NaN NaN NaN
NaN NaN NaN
11.875 75.875 -0.45652
11.875 76.125 -0.10372
11.875 76.375 -0.64877
11.875 76.625 0.53776
11.875 76.875 0.61324
11.875 77.125 1.0501
11.875 77.375 0.85999
11.875 77.625 0.60955
11.875 77.875 0.232
11.875 78.125 0.27591
11.875 78.375 0.57052
11.875 78.625 0.61899
11.875 78.875 -0.34756
11.875 79.125 0.044822
11.875 79.375 -0.41338
11.875 79.625 -0.59983
12.125 75.375 -1.4677
12.125 75.625 -1.4143
12.125 75.875 -0.38811
12.125 76.125 -0.15672
12.125 76.375 -0.51871
12.125 76.625 0.24084
12.125 76.875 0.76136
12.125 77.125 1.1046
12.125 77.375 0.85484
12.125 77.625 0.67413
12.125 77.875 0.17664
12.125 78.125 0.47135
12.125 78.375 0.97996
12.125 78.625 0.7436
12.125 78.875 0.3499
12.125 79.125 0.47744
12.125 79.375 0.5516
12.125 79.625 0.065672
12.375 75.125 -1.4169
12.375 75.375 -1.8964
12.375 75.625 -1.3976
12.375 75.875 -0.023245
12.375 76.125 -0.13744
12.375 76.375 -0.32783
12.375 76.625 0.268
12.375 76.875 0.29145
12.375 77.125 -0.29277
12.375 77.375 0.70329
12.375 77.625 0.79068
12.375 77.875 0.5017
12.375 78.125 0.4555
12.375 78.375 0.50311
12.375 78.625 0.44409
12.375 78.875 -0.019352
12.375 79.125 0.42881
12.375 79.375 0.37695
12.375 79.625 0.44166
12.375 79.875 -0.18134
12.625 75.125 -1.8855
12.625 75.375 -1.7882
12.625 75.625 -1.4799
12.625 75.875 -0.56497
12.625 76.125 0.053255
12.625 76.375 0.042149
12.625 76.625 0.28816
12.625 76.875 0.38618
12.625 77.125 0.21879
12.625 77.375 0.79565
12.625 77.625 0.87455
12.625 77.875 0.41249
12.625 78.125 0.68484
12.625 78.375 0.60057
12.625 78.625 0.57553
12.625 78.875 0.5449
12.625 79.125 0.12613
12.625 79.375 -0.35869
12.625 79.625 0.10285
12.625 79.875 -1.3412
12.875 75.125 -1.8652
12.875 75.375 -1.2855
12.875 75.625 -1.9696
12.875 75.875 -0.85708
12.875 76.125 0.015931
12.875 76.375 0.62089
12.875 76.625 0.43702
12.875 76.875 0.11354
12.875 77.125 0.32423
12.875 77.375 0.65762
12.875 77.625 0.69737
12.875 77.875 0.03554
12.875 78.125 0.067051
12.875 78.375 0.42843
12.875 78.625 0.7477
12.875 78.875 -0.52763
12.875 79.125 -0.82679
12.875 79.375 -0.21318
12.875 79.625 0.17308
12.875 79.875 -1.5724
NaN NaN NaN
13.125 75.125 -1.548
13.125 75.375 -1.9148
13.125 75.625 -0.6842
13.125 75.875 -0.79192
13.125 76.125 0.39226
13.125 76.375 0.78974
13.125 76.625 0.7973
13.125 76.875 0.33076
13.125 77.125 0.19293
13.125 77.375 0.34584
13.125 77.625 0.57501
13.125 77.875 0.0983
13.125 78.125 0.56341
13.125 78.375 0.57042
13.125 78.625 0.36684
13.125 78.875 0.25262
13.125 79.125 -0.022116
13.125 79.375 -1.0616
13.125 79.625 -0.48708
13.125 79.875 -0.86953
13.125 80.125 -1.4883
NaN NaN NaN
13.375 75.125 -1.5264
13.375 75.375 -2.0977
13.375 75.625 -0.32704
13.375 75.875 -0.55567
13.375 76.125 0.83406
13.375 76.375 0.52739
13.375 76.625 0.89115
13.375 76.875 0.26497
13.375 77.125 0.35259
13.375 77.375 -0.53759
13.375 77.625 0.18764
13.375 77.875 0.066398
13.375 78.125 -0.019548
13.375 78.375 0.34516
13.375 78.625 -0.16471
13.375 78.875 -0.17253
13.375 79.125 -1.3688
13.375 79.375 -0.63654
13.375 79.625 -0.35719
13.375 79.875 -0.83698
13.375 80.125 -1.0918
13.625 74.875 -2.1482
13.625 75.125 -0.97975
13.625 75.375 -1.376
13.625 75.625 -1.3581
13.625 75.875 -0.13606
13.625 76.125 0.34983
13.625 76.375 0.21207
13.625 76.625 0.54771
13.625 76.875 0.012315
13.625 77.125 1.1175
13.625 77.375 -0.1635
13.625 77.625 -0.84335
13.625 77.875 -1.0268
13.625 78.125 -0.6423
13.625 78.375 -0.54291
13.625 78.625 -0.44579
13.625 78.875 -1.0097
13.625 79.125 -1.3914
13.625 79.375 -1.1273
13.625 79.625 -1.1213
13.625 79.875 -0.24432
13.625 80.125 -1.0272
13.875 74.875 -1.1427
13.875 75.125 -0.74256
13.875 75.375 -0.78913
13.875 75.625 0.0079293
13.875 75.875 0.12722
13.875 76.125 0.29872
13.875 76.375 0.44027
13.875 76.625 0.61171
13.875 76.875 -0.30446
13.875 77.125 0.098399
13.875 77.375 -0.22921
13.875 77.625 -1.3185
13.875 77.875 -1.0825
13.875 78.125 -0.99348
13.875 78.375 0.47396
13.875 78.625 -0.073586
13.875 78.875 -0.9087
13.875 79.125 -0.96049
13.875 79.375 -1.0842
13.875 79.625 -0.91528
13.875 79.875 -0.73636
14.125 74.625 -1.7661
14.125 74.875 -1.679
14.125 75.125 -0.92927
14.125 75.375 -0.00047779
14.125 75.625 0.10905
14.125 75.875 0.26519
14.125 76.125 0.69354
14.125 76.375 0.012806
14.125 76.625 -0.17279
14.125 76.875 1.4673
14.125 77.125 -0.20398
14.125 77.375 -0.76319
14.125 77.625 -1.2092
14.125 77.875 -0.85873
14.125 78.125 -0.35442
14.125 78.375 -0.31586
14.125 78.625 -0.58369
14.125 78.875 -1.4835
14.125 79.125 -1.5232
14.125 79.375 -1.4204
14.125 79.625 -0.37089
14.125 79.875 -0.36838
14.375 74.625 -1.7513
14.375 74.875 -1.6954
14.375 75.125 -1.3324
14.375 75.375 -0.65707
14.375 75.625 0.080888
14.375 75.875 0.43466
14.375 76.125 0.25971
14.375 76.375 0.78985
14.375 76.625 0.89873
14.375 76.875 1.0948
14.375 77.125 0.30808
14.375 77.375 -0.51687
14.375 77.625 -1.1712
14.375 77.875 -0.44129
14.375 78.125 -0.21336
14.375 78.375 0.48269
14.375 78.625 -0.57924
14.375 78.875 -1.3307
14.375 79.125 -1.3093
14.375 79.375 -0.99017
14.375 79.625 -0.052103
14.375 79.875 0.10575
NaN NaN NaN
14.625 74.625 -2.016
14.625 74.875 -1.6979
14.625 75.125 -1.4725
14.625 75.375 0.058452
14.625 75.625 -0.59215
14.625 75.875 0.15391
14.625 76.125 0.50235
14.625 76.375 0.32285
14.625 76.625 0.57548
14.625 76.875 0.75325
14.625 77.125 0.4308
14.625 77.375 -0.52235
14.625 77.625 0.25213
14.625 77.875 0.96443
14.625 78.125 -0.30142
14.625 78.375 -0.52923
14.625 78.625 -1.0629
14.625 78.875 -1.1486
14.625 79.125 -0.80258
14.625 79.375 -0.90539
14.625 79.625 -0.89475
14.625 79.875 -0.54236
14.875 74.375 -1.8945
14.875 74.625 -1.7009
14.875 74.875 -1.7244
14.875 75.125 -1.1814
14.875 75.375 -0.69491
14.875 75.625 -0.11372
14.875 75.875 -0.36462
14.875 76.125 0.54104
14.875 76.375 0.31678
14.875 76.625 0.28203
14.875 76.875 0.85557
14.875 77.125 0.6508
14.875 77.375 0.61325
14.875 77.625 0.63035
14.875 77.875 0.24913
14.875 78.125 -0.46748
14.875 78.375 -0.16869
14.875 78.625 -0.18195
14.875 78.875 -0.64111
14.875 79.125 0.028573
14.875 79.375 0.23848
14.875 79.625 -1.0089
14.875 79.875 -0.89692
15.125 74.125 -1.6942
15.125 74.375 -1.7348
15.125 74.625 -1.5403
15.125 74.875 -1.2224
15.125 75.125 -1.0051
15.125 75.375 0.32355
15.125 75.625 0.38675
15.125 75.875 0.20882
15.125 76.125 -0.095261
15.125 76.375 0.11569
15.125 76.625 0.26136
15.125 76.875 0.27265
15.125 77.125 0.27819
15.125 77.375 0.60365
15.125 77.625 0.17672
15.125 77.875 -0.37923
15.125 78.125 -0.58535
15.125 78.375 0.75877
15.125 78.625 1.0684
15.125 78.875 0.51586
15.125 79.125 0.54312
15.125 79.375 -0.019132
15.125 79.625 -0.12769
15.125 79.875 -0.69656
15.375 73.875 -0.97057
15.375 74.125 -1.6302
15.375 74.375 -1.2016
15.375 74.625 -1.3398
15.375 74.875 -0.73029
15.375 75.125 0.22344
15.375 75.375 1.3374
15.375 75.625 1.214
15.375 75.875 0.27057
15.375 76.125 0.00060321
15.375 76.375 -0.14151
15.375 76.625 0.090918
15.375 76.875 0.23275
15.375 77.125 -0.012143
15.375 77.375 -0.49969
15.375 77.625 -0.17552
15.375 77.875 -0.71819
15.375 78.125 -0.58494
15.375 78.375 0.08344
15.375 78.625 1.5607
15.375 78.875 0.35683
15.375 79.125 0.027838
15.375 79.375 -0.59352
15.375 79.625 -0.9228
15.375 79.875 -0.40584
15.625 73.875 -1.2228
15.625 74.125 -1.9205
15.625 74.375 -0.39055
15.625 74.625 -0.14044
15.625 74.875 0.30577
15.625 75.125 0.92042
15.625 75.375 1.3018
15.625 75.625 1.2085
15.625 75.875 0.81584
15.625 76.125 -0.41485
15.625 76.375 -0.74557
15.625 76.625 -0.56061
15.625 76.875 -0.71375
15.625 77.125 -0.75566
15.625 77.375 -0.8568
15.625 77.625 -0.9373
15.625 77.875 -0.7684
15.625 78.125 -1.1332
15.625 78.375 -0.93978
15.625 78.625 -0.61475
15.625 78.875 0.041713
15.625 79.125 -0.47762
15.625 79.375 -0.52315
15.625 79.625 0.82411
15.625 79.875 0.26343
15.625 80.125 -0.19055
15.875 73.875 -1.4429
15.875 74.125 -1.698
15.875 74.375 -0.3885
15.875 74.625 -0.042817
15.875 74.875 0.21698
15.875 75.125 0.93274
15.875 75.375 0.72068
15.875 75.625 0.47763
15.875 75.875 0.5009
15.875 76.125 -1.2635
15.875 76.375 -0.63003
15.875 76.625 -0.44209
15.875 76.875 -0.69064
15.875 77.125 -0.75518
15.875 77.375 -0.92167
15.875 77.625 -0.97879
15.875 77.875 -0.4338
15.875 78.125 1.381
15.875 78.375 0.31683
15.875 78.625 0.62656
15.875 78.875 -0.90125
15.875 79.125 -0.64146
15.875 79.375 1.0591
15.875 79.625 0.24179
15.875 79.875 -0.26678
15.875 80.125 0.057071
15.875 80.375 0.67272
NaN NaN NaN
15.875 80.875 0.90276
16.125 73.625 -1.0676
16.125 73.875 -1.0526
16.125 74.125 -0.81292
16.125 74.375 -0.065511
16.125 74.625 0.29201
16.125 74.875 0.3697
16.125 75.125 0.4306
16.125 75.375 0.11022
16.125 75.625 -0.38489
16.125 75.875 -1.0898
16.125 76.125 -1.175
16.125 76.375 -0.75359
16.125 76.625 -0.81629
16.125 76.875 -0.49882
16.125 77.125 -0.6235
16.125 77.375 -1.0621
16.125 77.625 -0.98524
16.125 77.875 -0.54597
16.125 78.125 1.0512
16.125 78.375 -0.03639
16.125 78.625 0.17506
16.125 78.875 -0.81714
16.125 79.125 -0.8179
16.125 79.375 -0.28786
16.125 79.625 -0.10839
16.125 79.875 0.77139
16.125 80.125 0.92026
16.125 80.375 0.96542
16.125 80.625 1.0538
16.125 80.875 0.98815
16.375 73.625 -0.97038
16.375 73.875 -1.5019
16.375 74.125 -0.64089
16.375 74.375 0.14957
16.375 74.625 -0.22199
16.375 74.875 -0.47041
16.375 75.125 -0.16865
16.375 75.375 -0.15323
16.375 75.625 -0.74364
16.375 75.875 -1.0319
16.375 76.125 -0.95374
16.375 76.375 -0.99648
16.375 76.625 -1.4794
16.375 76.875 -0.25838
16.375 77.125 -0.8988
16.375 77.375 -1.1892
16.375 77.625 -2.0108
16.375 77.875 -0.74117
16.375 78.125 0.03325
16.375 78.375 -0.35356
16.375 78.625 -0.78955
16.375 78.875 -0.84626
16.375 79.125 -0.6399
16.375 79.375 -0.17537
16.375 79.625 0.0033667
16.375 79.875 1.0413
16.375 80.125 0.93364
16.375 80.375 1.1164
16.375 80.625 1.1419
16.375 80.875 0.92958
16.375 81.125 1.0511
NaN NaN NaN
NaN NaN NaN
16.625 73.625 -1.832
16.625 73.875 -1.6839
16.625 74.125 0.032058
16.625 74.375 -1.4386
16.625 74.625 0.1451
16.625 74.875 -0.39988
16.625 75.125 -0.27147
16.625 75.375 -0.7917
16.625 75.625 -0.37185
16.625 75.875 -0.57775
16.625 76.125 -0.36458
16.625 76.375 -0.46284
16.625 76.625 -0.52189
16.625 76.875 -0.35401
16.625 77.125 -0.5489
16.625 77.375 -1.3905
16.625 77.625 -1.3333
16.625 77.875 -0.73595
16.625 78.125 0.0073985
16.625 78.375 -0.31744
16.625 78.625 -0.067953
16.625 78.875 -1.0282
16.625 79.125 -0.94999
16.625 79.375 0.0595
16.625 79.625 0.38283
16.625 79.875 0.29271
16.625 80.125 0.89302
16.625 80.375 1.2219
16.625 80.625 1.1634
16.625 80.875 1.1494
16.625 81.125 1.5563
16.625 81.375 1.6598
16.625 81.625 1.5945
16.625 81.875 2.311
16.625 82.125 2.2822
16.875 73.375 -1.3198
16.875 73.625 -1.6108
16.875 73.875 -1.7661
16.875 74.125 -0.65676
16.875 74.375 1.0952
16.875 74.625 -0.32925
16.875 74.875 0.51878
16.875 75.125 0.41594
16.875 75.375 -0.073474
16.875 75.625 0.36903
16.875 75.875 -0.37115
16.875 76.125 -0.61775
16.875 76.375 -1.3187
16.875 76.625 -2.0135
16.875 76.875 -1.5702
16.875 77.125 -0.36306
16.875 77.375 -1.2023
16.875 77.625 -1.3911
16.875 77.875 -0.91516
16.875 78.125 -0.90968
16.875 78.375 -1.0483
16.875 78.625 -0.18233
16.875 78.875 -0.7434
16.875 79.125 -0.82772
16.875 79.375 -0.33204
16.875 79.625 0.047048
16.875 79.875 0.038175
16.875 80.125 0.71577
16.875 80.375 0.80846
16.875 80.625 1.1777
16.875 80.875 1.7085
16.875 81.125 1.0932
16.875 81.375 1.5148
16.875 81.625 1.6754
16.875 81.875 1.7313
16.875 82.125 1.9324
17.125 73.375 -1.6573
17.125 73.625 -1.469
17.125 73.875 -1.4591
17.125 74.125 -0.72829
17.125 74.375 0.23235
17.125 74.625 -0.48241
17.125 74.875 -0.44262
17.125 75.125 -0.73363
17.125 75.375 -0.78699
17.125 75.625 0.43912
17.125 75.875 -0.4986
17.125 76.125 -1.638
17.125 76.375 -1.647
17.125 76.625 -1.4435
17.125 76.875 -1.4219
17.125 77.125 -1.2659
17.125 77.375 -1.6644
17.125 77.625 -0.50812
17.125 77.875 -0.64582
17.125 78.125 -0.14887
17.125 78.375 -0.86133
17.125 78.625 0.24248
17.125 78.875 1.1589
17.125 79.125 1.1084
17.125 79.375 0.4719
17.125 79.625 0.11084
17.125 79.875 0.18527
17.125 80.125 0.5768
17.125 80.375 0.81069
17.125 80.625 1.1808
17.125 80.875 1.5784
17.125 81.125 1.7485
17.125 81.375 1.6598
17.125 81.625 1.9008
17.125 81.875 1.4776
17.125 82.125 1.2162
17.125 82.375 1.1526
17.375 73.375 -1.5174
17.375 73.625 -1.8858
17.375 73.875 -0.92353
17.375 74.125 -1.7114
17.375 74.375 -1.3111
17.375 74.625 -1.1392
17.375 74.875 -1.3757
17.375 75.125 -1.7407
17.375 75.375 -1.5573
17.375 75.625 -1.431
17.375 75.875 -1.6649
17.375 76.125 -1.4427
17.375 76.375 -1.2106
17.375 76.625 -1.3093
17.375 76.875 -1.4701
17.375 77.125 -1.1743
17.375 77.375 -0.91606
17.375 77.625 -0.94992
17.375 77.875 -0.24393
17.375 78.125 0.077457
17.375 78.375 -0.27969
17.375 78.625 -0.80489
17.375 78.875 1.0762
17.375 79.125 1.6124
17.375 79.375 0.30364
17.375 79.625 0.84588
17.375 79.875 0.56491
17.375 80.125 0.7798
17.375 80.375 1.1889
17.375 80.625 1.3383
17.375 80.875 1.7399
17.375 81.125 1.6057
17.375 81.375 1.8437
17.375 81.625 1.5575
17.375 81.875 0.93837
17.375 82.125 1.4082
17.375 82.375 1.1885
NaN NaN NaN
17.625 73.375 -1.4587
17.625 73.625 -2.1146
17.625 73.875 -0.51861
17.625 74.125 -1.3635
17.625 74.375 -1.1768
17.625 74.625 -1.2649
17.625 74.875 -0.98293
17.625 75.125 -0.63249
17.625 75.375 -0.67914
17.625 75.625 -1.5838
17.625 75.875 -1.7539
17.625 76.125 -1.2413
17.625 76.375 -1.1024
17.625 76.625 -0.63333
17.625 76.875 -0.83451
17.625 77.125 -1.7667
17.625 77.375 -1.7979
17.625 77.625 -1.3434
17.625 77.875 -0.75418
17.625 78.125 -0.17225
17.625 78.375 0.77008
17.625 78.625 0.8601
17.625 78.875 0.92809
17.625 79.125 1.0583
17.625 79.375 -0.17575
17.625 79.625 0.23899
17.625 79.875 0.4296
17.625 80.125 0.86217
17.625 80.375 1.1448
17.625 80.625 1.295
17.625 80.875 1.425
17.625 81.125 1.2338
17.625 81.375 1.5259
17.625 81.625 1.2694
17.625 81.875 0.7819
17.625 82.125 1.5574
17.625 82.375 1.658
17.625 82.625 1.6402
17.625 82.875 1.8685
17.625 83.125 1.9406
17.875 73.375 -1.4847
17.875 73.625 -1.6541
17.875 73.875 -0.062355
17.875 74.125 -0.57014
17.875 74.375 -1.1572
17.875 74.625 -1.1784
17.875 74.875 -0.6386
17.875 75.125 -1.3071
17.875 75.375 -1.1678
17.875 75.625 -1.5351
17.875 75.875 -1.5943
17.875 76.125 -1.5121
17.875 76.375 -1.4893
17.875 76.625 -1.0945
17.875 76.875 -1.2901
17.875 77.125 -1.4397
17.875 77.375 -0.90262
17.875 77.625 -0.12135
17.875 77.875 -0.16356
17.875 78.125 0.71793
17.875 78.375 0.6899
17.875 78.625 1.4293
17.875 78.875 1.184
17.875 79.125 0.58369
17.875 79.375 -0.22303
17.875 79.625 -0.086539
17.875 79.875 -0.29834
17.875 80.125 0.032415
17.875 80.375 -0.026339
17.875 80.625 0.73476
17.875 80.875 1.2212
17.875 81.125 1.1763
17.875 81.375 1.5934
17.875 81.625 1.7894
17.875 81.875 1.6271
17.875 82.125 1.7136
17.875 82.375 1.5523
17.875 82.625 2.0437
17.875 82.875 1.7451
17.875 83.125 1.6015
17.875 83.375 1.5408
NaN NaN NaN
18.125 73.375 -2.0049
18.125 73.625 -1.5259
18.125 73.875 0.10311
18.125 74.125 -0.7758
18.125 74.375 -1.176
18.125 74.625 -1.1594
18.125 74.875 -1.1323
18.125 75.125 -1.5545
18.125 75.375 -1.9034
18.125 75.625 -1.8085
18.125 75.875 -1.6656
18.125 76.125 -1.1392
18.125 76.375 -0.94619
18.125 76.625 -1.4552
18.125 76.875 -1.1038
18.125 77.125 -0.88077
18.125 77.375 0.07084
18.125 77.625 -0.19745
18.125 77.875 -0.64487
18.125 78.125 -0.28984
18.125 78.375 0.4413
18.125 78.625 0.87846
18.125 78.875 0.0022829
18.125 79.125 0.74412
18.125 79.375 -0.33864
18.125 79.625 0.25181
18.125 79.875 -0.21789
18.125 80.125 -0.077695
18.125 80.375 -0.073759
18.125 80.625 0.026144
18.125 80.875 0.97748
18.125 81.125 0.8299
18.125 81.375 1.57
18.125 81.625 1.9691
18.125 81.875 2.0313
18.125 82.125 1.6208
18.125 82.375 1.8665
18.125 82.625 2.0209
18.125 82.875 1.9275
18.125 83.125 1.787
18.125 83.375 1.8625
18.125 83.625 2.0194
18.375 73.125 -1.4128
18.375 73.375 -1.6981
18.375 73.625 -0.33473
18.375 73.875 -0.030574
18.375 74.125 -0.33607
18.375 74.375 -0.71773
18.375 74.625 -1.4847
18.375 74.875 -1.9884
18.375 75.125 -1.7345
18.375 75.375 -1.5988
18.375 75.625 -0.93235
18.375 75.875 -0.69958
18.375 76.125 -0.61375
18.375 76.375 -0.70175
18.375 76.625 -1.2128
18.375 76.875 -1.2443
18.375 77.125 -0.80614
18.375 77.375 -0.57256
18.375 77.625 -0.58883
18.375 77.875 -0.37516
18.375 78.125 -0.13896
18.375 78.375 0.76566
18.375 78.625 0.70779
18.375 78.875 0.69565
18.375 79.125 0.71856
18.375 79.375 0.14097
18.375 79.625 0.0074492
18.375 79.875 0.16904
18.375 80.125 0.092745
18.375 80.375 0.22664
18.375 80.625 0.30408
18.375 80.875 0.52892
18.375 81.125 1.1968
18.375 81.375 1.4782
18.375 81.625 1.8109
18.375 81.875 1.6104
18.375 82.125 1.7239
18.375 82.375 2.0815
18.375 82.625 1.4402
18.375 82.875 1.6721
18.375 83.125 1.9183
18.375 83.375 1.1583
18.375 83.625 1.8651
18.375 83.875 1.9911
18.625 73.125 -0.78423
18.625 73.375 0.12367
18.625 73.625 -0.16462
18.625 73.875 -0.3572
18.625 74.125 0.0013186
18.625 74.375 -0.29891
18.625 74.625 -0.95607
18.625 74.875 -1.2966
18.625 75.125 -1.138
18.625 75.375 -0.94934
18.625 75.625 -0.026221
18.625 75.875 0.037489
18.625 76.125 -0.59717
18.625 76.375 -0.61983
18.625 76.625 -1.2223
18.625 76.875 -1.1259
18.625 77.125 -1.0333
18.625 77.375 -0.52855
18.625 77.625 -0.38472
18.625 77.875 -0.023029
18.625 78.125 -1.2048
18.625 78.375 0.6791
18.625 78.625 0.27313
18.625 78.875 0.27973
18.625 79.125 -0.039231
18.625 79.375 0.089622
18.625 79.625 -0.35449
18.625 79.875 0.26393
18.625 80.125 0.3817
18.625 80.375 0.59797
18.625 80.625 0.72778
18.625 80.875 0.67165
18.625 81.125 0.87074
18.625 81.375 1.5078
18.625 81.625 1.3998
18.625 81.875 1.3512
18.625 82.125 1.256
18.625 82.375 1.8325
18.625 82.625 2.137
18.625 82.875 1.7813
18.625 83.125 1.1514
18.625 83.375 0.928
18.625 83.625 0.93417
18.625 83.875 1.3935
18.625 84.125 1.3873
18.875 73.125 -0.93822
18.875 73.375 -0.83196
18.875 73.625 -0.8604
18.875 73.875 -0.62389
18.875 74.125 -0.73767
18.875 74.375 -1.0165
18.875 74.625 -0.33668
18.875 74.875 -0.67673
18.875 75.125 -1.1227
18.875 75.375 -1.0314
18.875 75.625 -1.0033
18.875 75.875 -1.8339
18.875 76.125 -0.4895
18.875 76.375 -0.87777
18.875 76.625 -0.55249
18.875 76.875 -0.67772
18.875 77.125 -0.89254
18.875 77.375 -0.55444
18.875 77.625 -0.21999
18.875 77.875 -0.87996
18.875 78.125 -1.2389
18.875 78.375 -1.5292
18.875 78.625 0.52911
18.875 78.875 0.86907
18.875 79.125 0.34922
18.875 79.375 0.44107
18.875 79.625 0.0060721
18.875 79.875 0.32831
18.875 80.125 0.41449
18.875 80.375 0.59883
18.875 80.625 0.96996
18.875 80.875 1.0173
18.875 81.125 0.9436
18.875 81.375 1.5826
18.875 81.625 1.206
18.875 81.875 1.4981
18.875 82.125 1.4264
18.875 82.375 1.5285
18.875 82.625 1.2972
18.875 82.875 1.5683
18.875 83.125 0.24948
18.875 83.375 0.64993
18.875 83.625 0.75619
18.875 83.875 0.95815
18.875 84.125 1.7203
18.875 84.375 1.7661
19.125 73.125 -0.87378
19.125 73.375 -0.46314
19.125 73.625 -0.32028
19.125 73.875 -0.34602
19.125 74.125 -0.54462
19.125 74.375 -0.64723
19.125 74.625 -0.5101
19.125 74.875 -0.9727
19.125 75.125 -0.78916
19.125 75.375 -1.2964
19.125 75.625 -1.6394
19.125 75.875 -1.901
19.125 76.125 -0.87496
19.125 76.375 -1.049
19.125 76.625 -0.42251
19.125 76.875 -0.96684
19.125 77.125 -1.1643
19.125 77.375 0.25319
19.125 77.625 -0.81655
19.125 77.875 -1.45
19.125 78.125 -1.3074
19.125 78.375 -0.20162
19.125 78.625 0.40214
19.125 78.875 0.61196
19.125 79.125 0.44605
19.125 79.375 0.1046
19.125 79.625 0.44053
19.125 79.875 0.5007
19.125 80.125 0.41605
19.125 80.375 0.14749
19.125 80.625 1.001
19.125 80.875 1.3804
19.125 81.125 1.3665
19.125 81.375 1.5835
19.125 81.625 1.3392
19.125 81.875 1.6006
19.125 82.125 1.225
19.125 82.375 1.8256
19.125 82.625 0.52551
19.125 82.875 0.62882
19.125 83.125 1.0381
19.125 83.375 0.085151
19.125 83.625 0.17797
19.125 83.875 0.92187
19.125 84.125 1.7983
19.125 84.375 1.8501
19.125 84.625 1.8588
19.375 72.875 -0.97373
19.375 73.125 -1.2219
19.375 73.375 -0.71941
19.375 73.625 -0.45135
19.375 73.875 -0.59421
19.375 74.125 -0.3432
19.375 74.375 -0.45946
19.375 74.625 -1.3528
19.375 74.875 -1.3926
19.375 75.125 -0.25373
19.375 75.375 -1.6434
19.375 75.625 -2.1687
19.375 75.875 -1.3888
19.375 76.125 -0.67098
19.375 76.375 -1.1594
19.375 76.625 -1.0014
19.375 76.875 -1.1915
19.375 77.125 -1.172
19.375 77.375 -1.2781
19.375 77.625 -1.1729
19.375 77.875 -1.1078
19.375 78.125 -0.85472
19.375 78.375 -0.056107
19.375 78.625 0.24359
19.375 78.875 -0.079815
19.375 79.125 -0.09711
19.375 79.375 0.40953
19.375 79.625 0.33888
19.375 79.875 0.0048583
19.375 80.125 0.020305
19.375 80.375 -0.0119
19.375 80.625 1.0688
19.375 80.875 1.2729
19.375 81.125 1.51
19.375 81.375 1.6234
19.375 81.625 1.5572
19.375 81.875 1.6936
19.375 82.125 1.552
19.375 82.375 1.0258
19.375 82.625 -0.1384
19.375 82.875 0.45755
19.375 83.125 0.48108
19.375 83.375 -0.054331
19.375 83.625 0.11473
19.375 83.875 1.1324
19.375 84.125 1.4454
19.375 84.375 1.2976
19.375 84.625 1.4098
19.375 84.875 1.4547
19.625 72.875 -0.66414
19.625 73.125 -0.82893
19.625 73.375 -0.63225
19.625 73.625 -0.74392
19.625 73.875 -0.864
19.625 74.125 -1.5079
19.625 74.375 -1.3268
19.625 74.625 -1.4903
19.625 74.875 -1.7232
19.625 75.125 -1.475
19.625 75.375 -1.8665
19.625 75.625 -1.7431
19.625 75.875 -0.83483
19.625 76.125 -0.54126
19.625 76.375 -0.94889
19.625 76.625 -1.1224
19.625 76.875 -1.5649
19.625 77.125 -1.251
19.625 77.375 -1.1359
19.625 77.625 -1.299
19.625 77.875 -1.2296
19.625 78.125 -1.2194
19.625 78.375 -0.96072
19.625 78.625 -0.094308
19.625 78.875 -0.12416
19.625 79.125 -0.46774
19.625 79.375 -0.86442
19.625 79.625 -0.51768
19.625 79.875 -0.29626
19.625 80.125 0.52863
19.625 80.375 0.82366
19.625 80.625 1.3868
19.625 80.875 1.4149
19.625 81.125 1.5478
19.625 81.375 1.4914
19.625 81.625 1.4974
19.625 81.875 1.6672
19.625 82.125 1.5083
19.625 82.375 0.64944
19.625 82.625 0.62745
19.625 82.875 0.64784
19.625 83.125 0.60201
19.625 83.375 0.59012
19.625 83.625 1.1355
19.625 83.875 1.2839
19.625 84.125 0.74974
19.625 84.375 0.6457
19.625 84.625 1.6834
19.625 84.875 1.6731
19.625 85.125 1.4686
19.625 85.375 0.44937
19.875 72.875 -0.4349
19.875 73.125 -0.87741
19.875 73.375 -0.78625
19.875 73.625 -0.59783
19.875 73.875 -0.66234
19.875 74.125 -1.205
19.875 74.375 -1.1057
19.875 74.625 -1.1936
19.875 74.875 -1.1318
19.875 75.125 -1.7062
19.875 75.375 -1.4636
19.875 75.625 -1.1639
19.875 75.875 -0.53505
19.875 76.125 -0.46912
19.875 76.375 -0.48949
19.875 76.625 -0.96466
19.875 76.875 -0.58681
19.875 77.125 -0.96549
19.875 77.375 -1.1161
19.875 77.625 -0.92372
19.875 77.875 -1.1136
19.875 78.125 -1.2231
19.875 78.375 -1.0595
19.875 78.625 -0.43432
19.875 78.875 -0.62165
19.875 79.125 -0.29177
19.875 79.375 -0.87815
19.875 79.625 -0.52737
19.875 79.875 -0.076057
19.875 80.125 0.95806
19.875 80.375 1.2973
19.875 80.625 1.1687
19.875 80.875 1.3022
19.875 81.125 1.388
19.875 81.375 1.2321
19.875 81.625 1.3875
19.875 81.875 1.6847
19.875 82.125 1.376
19.875 82.375 0.9853
19.875 82.625 0.91103
19.875 82.875 0.80726
19.875 83.125 0.6024
19.875 83.375 0.85272
19.875 83.625 1.2411
19.875 83.875 1.121
19.875 84.125 0.94763
19.875 84.375 0.89304
19.875 84.625 2.0461
19.875 84.875 1.8731
19.875 85.125 1.387
19.875 85.375 1.0563
NaN NaN NaN
NaN NaN NaN
NaN NaN NaN
20.125 72.875 -0.19016
20.125 73.125 -0.8644
20.125 73.375 -1.0346
20.125 73.625 0.65897
20.125 73.875 -0.44484
20.125 74.125 -0.26069
20.125 74.375 -1.7731
20.125 74.625 -1.5219
20.125 74.875 -1.1317
20.125 75.125 -1.4222
20.125 75.375 -0.96579
20.125 75.625 -0.91067
20.125 75.875 -0.74328
20.125 76.125 -0.50952
20.125 76.375 -0.67552
20.125 76.625 -0.7687
20.125 76.875 -0.52028
20.125 77.125 -0.64899
20.125 77.375 -0.78527
20.125 77.625 -0.79125
20.125 77.875 -1.1036
20.125 78.125 -1.013
20.125 78.375 -0.94546
20.125 78.625 -0.20529
20.125 78.875 -0.42631
20.125 79.125 -0.52196
20.125 79.375 -0.52644
20.125 79.625 0.041137
20.125 79.875 0.31584
20.125 80.125 0.57015
20.125 80.375 0.69968
20.125 80.625 0.80752
20.125 80.875 1.0972
20.125 81.125 1.3619
20.125 81.375 1.3977
20.125 81.625 1.0276
20.125 81.875 1.2709
20.125 82.125 1.4812
20.125 82.375 0.88681
20.125 82.625 0.43085
20.125 82.875 -1.0758
20.125 83.125 0.54193
20.125 83.375 1.2662
20.125 83.625 1.3327
20.125 83.875 0.87793
20.125 84.125 1.0987
20.125 84.375 1.1103
20.125 84.625 1.4396
20.125 84.875 1.1951
20.125 85.125 1.2181
20.125 85.375 0.52295
20.125 85.625 -0.01172
20.125 85.875 0.29878
20.125 86.125 0.41779
NaN NaN NaN
20.375 73.125 -0.59882
20.375 73.375 -1.0197
20.375 73.625 -0.8714
20.375 73.875 -1.1769
20.375 74.125 -1.4651
20.375 74.375 -2.0014
20.375 74.625 -2.0586
20.375 74.875 -1.468
20.375 75.125 -0.6179
20.375 75.375 -0.94204
20.375 75.625 -0.49387
20.375 75.875 -0.35045
20.375 76.125 -0.517
20.375 76.375 -0.7811
20.375 76.625 -0.88167
20.375 76.875 -0.8276
20.375 77.125 -1.0608
20.375 77.375 -1.026
20.375 77.625 -1.1001
20.375 77.875 -1.2278
20.375 78.125 -0.82439
20.375 78.375 -0.84776
20.375 78.625 -0.82629
20.375 78.875 -0.66631
20.375 79.125 -0.75931
20.375 79.375 -0.22894
20.375 79.625 0.51779
20.375 79.875 0.77769
20.375 80.125 0.64668
20.375 80.375 0.54066
20.375 80.625 0.77456
20.375 80.875 1.0031
20.375 81.125 1.045
20.375 81.375 1.0843
20.375 81.625 0.66906
20.375 81.875 0.84716
20.375 82.125 1.0087
20.375 82.375 1.1374
20.375 82.625 0.75338
20.375 82.875 0.75226
20.375 83.125 0.80827
20.375 83.375 0.7119
20.375 83.625 0.7212
20.375 83.875 0.71062
20.375 84.125 -0.20724
20.375 84.375 0.91628
20.375 84.625 0.92955
20.375 84.875 1.1867
20.375 85.125 0.64687
20.375 85.375 1.0195
20.375 85.625 1.4789
20.375 85.875 1.0442
20.375 86.125 1.0571
20.375 86.375 0.84784
NaN NaN NaN
20.625 73.125 -0.61233
20.625 73.375 -0.80517
20.625 73.625 -0.87907
20.625 73.875 -0.97804
20.625 74.125 -1.46
20.625 74.375 -2.0882
20.625 74.625 -1.8549
20.625 74.875 -0.172
20.625 75.125 -0.34849
20.625 75.375 -1.1419
20.625 75.625 -1.2261
20.625 75.875 -0.81287
20.625 76.125 -0.67567
20.625 76.375 -0.83726
20.625 76.625 -0.61451
20.625 76.875 -0.55141
20.625 77.125 -0.71094
20.625 77.375 -0.79247
20.625 77.625 -0.79186
20.625 77.875 -0.81705
20.625 78.125 -0.76257
20.625 78.375 -0.62768
20.625 78.625 -0.90057
20.625 78.875 -0.23755
20.625 79.125 0.12297
20.625 79.375 -0.52039
20.625 79.625 0.05318
20.625 79.875 0.47512
20.625 80.125 0.57915
20.625 80.375 0.58076
20.625 80.625 0.73088
20.625 80.875 1.1787
20.625 81.125 0.83702
20.625 81.375 0.63313
20.625 81.625 0.48156
20.625 81.875 0.93389
20.625 82.125 1.0021
20.625 82.375 0.1778
20.625 82.625 -0.1689
20.625 82.875 0.25613
20.625 83.125 0.18905
20.625 83.375 0.38301
20.625 83.625 -0.2203
20.625 83.875 -0.87472
20.625 84.125 -1.0162
20.625 84.375 0.22587
20.625 84.625 -0.11127
20.625 84.875 0.60537
20.625 85.125 0.86237
20.625 85.375 1.6496
20.625 85.625 0.1313
20.625 85.875 1.3592
20.625 86.125 1.1838
20.625 86.375 1.6967
20.625 86.625 1.3789
NaN NaN NaN
20.875 70.625 1.0622
20.875 70.875 1.0188
20.875 71.125 0.46385
20.875 71.375 0.61257
20.875 72.875 -0.58548
20.875 73.125 -0.83742
20.875 73.375 -0.79711
20.875 73.625 -0.47274
20.875 73.875 -1.0093
20.875 74.125 -0.7462
20.875 74.375 -1.6563
20.875 74.625 -1.698
20.875 74.875 -0.9189
20.875 75.125 -0.10242
20.875 75.375 -0.49921
20.875 75.625 -0.62434
20.875 75.875 -0.69332
20.875 76.125 -0.70752
20.875 76.375 -0.49904
20.875 76.625 -0.14556
20.875 76.875 -0.074813
20.875 77.125 -0.322
20.875 77.375 -0.71835
20.875 77.625 -0.96832
20.875 77.875 -0.94933
20.875 78.125 -0.64541
20.875 78.375 -0.54782
20.875 78.625 -0.43164
20.875 78.875 0.32572
20.875 79.125 0.1628
20.875 79.375 -0.59207
20.875 79.625 -0.041199
20.875 79.875 0.13933
20.875 80.125 0.24786
20.875 80.375 0.1143
20.875 80.625 0.28
20.875 80.875 0.76469
20.875 81.125 0.5025
20.875 81.375 0.49764
20.875 81.625 0.59971
20.875 81.875 0.33516
20.875 82.125 0.1009
20.875 82.375 0.15747
20.875 82.625 -0.86704
20.875 82.875 0.16437
20.875 83.125 -0.14566
20.875 83.375 -0.32465
20.875 83.625 -0.35902
20.875 83.875 -0.6426
20.875 84.125 -0.82499
20.875 84.375 0.0064416
20.875 84.625 1.1555
20.875 84.875 0.12373
20.875 85.125 0.64337
20.875 85.375 1.6167
20.875 85.625 0.57689
20.875 85.875 1.4389
20.875 86.125 1.2684
20.875 86.375 0.26781
20.875 86.625 0.89523
21.125 70.375 0.37376
21.125 70.625 0.037115
21.125 70.875 -0.84179
21.125 71.125 0.28692
21.125 71.375 0.38683
NaN NaN NaN
NaN NaN NaN
21.125 72.875 -0.63011
21.125 73.125 -1.4145
21.125 73.375 0.33489
21.125 73.625 -0.75187
21.125 73.875 -0.95832
21.125 74.125 -1.0203
21.125 74.375 -0.66784
21.125 74.625 -0.54467
21.125 74.875 -0.61873
21.125 75.125 -0.74639
21.125 75.375 -0.11145
21.125 75.625 -0.118
21.125 75.875 -0.36891
21.125 76.125 -0.44949
21.125 76.375 -0.54669
21.125 76.625 -0.090978
21.125 76.875 -0.035678
21.125 77.125 0.0045996
21.125 77.375 -0.066226
21.125 77.625 -0.59918
21.125 77.875 -1.0394
21.125 78.125 -0.47292
21.125 78.375 -0.56143
21.125 78.625 -0.085715
21.125 78.875 0.55875
21.125 79.125 0.28701
21.125 79.375 -0.083182
21.125 79.625 0.44967
21.125 79.875 0.43737
21.125 80.125 -0.059322
21.125 80.375 0.11641
21.125 80.625 0.48247
21.125 80.875 0.88828
21.125 81.125 0.53333
21.125 81.375 0.73609
21.125 81.625 0.082519
21.125 81.875 0.057655
21.125 82.125 0.12651
21.125 82.375 -0.13731
21.125 82.625 -0.40999
21.125 82.875 -0.62832
21.125 83.125 -1.0233
21.125 83.375 -0.89874
21.125 83.625 -0.62809
21.125 83.875 -0.32154
21.125 84.125 -0.11507
21.125 84.375 -0.21029
21.125 84.625 -1.1577
21.125 84.875 0.10272
21.125 85.125 0.92642
21.125 85.375 1.3435
21.125 85.625 1.1699
21.125 85.875 0.32171
21.125 86.125 0.3984
21.125 86.375 0.46788
21.125 86.625 0.95658
21.375 70.125 -0.098951
21.375 70.375 -0.088692
21.375 70.625 0.42381
21.375 70.875 -0.60676
21.375 71.125 0.19509
21.375 71.375 0.048169
21.375 71.625 0.36178
21.375 71.875 0.42183
21.375 72.875 -0.62089
21.375 73.125 -0.028137
21.375 73.375 0.04042
21.375 73.625 -0.90527
21.375 73.875 -0.92658
21.375 74.125 -0.87865
21.375 74.375 -0.81226
21.375 74.625 -0.58547
21.375 74.875 -0.46103
21.375 75.125 -0.58196
21.375 75.375 -0.63197
21.375 75.625 -0.53241
21.375 75.875 -0.68394
21.375 76.125 -0.25648
21.375 76.375 -0.50702
21.375 76.625 -0.15318
21.375 76.875 -0.20001
21.375 77.125 -0.15764
21.375 77.375 -0.18421
21.375 77.625 -0.52836
21.375 77.875 0.1143
21.375 78.125 0.10633
21.375 78.375 -0.42557
21.375 78.625 -0.18994
21.375 78.875 0.092824
21.375 79.125 -0.68603
21.375 79.375 0.036515
21.375 79.625 0.6949
21.375 79.875 0.51419
21.375 80.125 -0.15485
21.375 80.375 0.04985
21.375 80.625 1.1808
21.375 80.875 0.8125
21.375 81.125 0.52847
21.375 81.375 1.0985
21.375 81.625 0.83815
21.375 81.875 0.64578
21.375 82.125 0.016159
21.375 82.375 -0.90112
21.375 82.625 -1.2097
21.375 82.875 -1.2114
21.375 83.125 -0.74011
21.375 83.375 -1.1571
21.375 83.625 -0.97198
21.375 83.875 -0.76825
21.375 84.125 -0.50186
21.375 84.375 -0.59191
21.375 84.625 -0.71781
21.375 84.875 -0.80714
21.375 85.125 0.54184
21.375 85.375 1.044
21.375 85.625 1.0037
21.375 85.875 0.95941
21.375 86.125 1.208
21.375 86.375 0.85971
21.375 86.625 0.96221
21.375 86.875 0.20639
21.625 69.875 0.26108
21.625 70.125 -0.89997
21.625 70.375 0.28496
21.625 70.625 1.2389
21.625 70.875 -0.10044
21.625 71.125 0.085576
21.625 71.375 0.17357
21.625 71.625 0.47668
21.625 71.875 0.27305
21.625 72.125 0.38511
21.625 72.875 -0.085533
21.625 73.125 -0.53007
21.625 73.375 -0.4317
21.625 73.625 -0.96379
21.625 73.875 -0.95156
21.625 74.125 -0.50582
21.625 74.375 -0.79637
21.625 74.625 -0.46168
21.625 74.875 -0.21683
21.625 75.125 -0.23033
21.625 75.375 -0.63895
21.625 75.625 -0.77515
21.625 75.875 -0.82613
21.625 76.125 -0.58854
21.625 76.375 -0.46701
21.625 76.625 -0.48794
21.625 76.875 -0.5136
21.625 77.125 -0.19718
21.625 77.375 -0.082057
21.625 77.625 -0.2308
21.625 77.875 0.1328
21.625 78.125 0.10203
21.625 78.375 -0.50133
21.625 78.625 -0.93037
21.625 78.875 -0.95622
21.625 79.125 -1.7034
21.625 79.375 -0.65278
21.625 79.625 0.46672
21.625 79.875 0.75186
21.625 80.125 0.31683
21.625 80.375 1.4209
21.625 80.625 1.2079
21.625 80.875 0.90269
21.625 81.125 -0.2723
21.625 81.375 0.32358
21.625 81.625 0.083
21.625 81.875 0.53315
21.625 82.125 -0.56199
21.625 82.375 -1.1338
21.625 82.625 -0.64872
21.625 82.875 -0.86395
21.625 83.125 -0.78467
21.625 83.375 -0.9366
21.625 83.625 -1.0199
21.625 83.875 -0.99002
21.625 84.125 -0.77472
21.625 84.375 -0.057836
21.625 84.625 0.096195
21.625 84.875 0.15772
21.625 85.125 0.045435
21.625 85.375 0.84778
21.625 85.625 1.1679
21.625 85.875 1.4496
21.625 86.125 0.91474
21.625 86.375 0.7999
21.625 86.625 0.90032
21.625 86.875 -0.097824
21.625 87.125 -0.26681
NaN NaN NaN
NaN NaN NaN
21.875 69.625 0.60352
21.875 69.875 0.2261
21.875 70.125 -0.39035
21.875 70.375 0.72946
21.875 70.625 1.7533
21.875 70.875 0.79966
21.875 71.125 0.37113
21.875 71.375 0.43593
21.875 71.625 1.0058
21.875 71.875 0.44203
21.875 72.125 0.15791
NaN NaN NaN
21.875 72.875 -0.58602
21.875 73.125 -0.97178
21.875 73.375 -1.0335
21.875 73.625 -1.0792
21.875 73.875 -0.77167
21.875 74.125 -1.405
21.875 74.375 -1.1505
21.875 74.625 -0.77049
21.875 74.875 -0.76151
21.875 75.125 -0.72263
21.875 75.375 -0.69748
21.875 75.625 -0.6754
21.875 75.875 -0.63258
21.875 76.125 -0.56065
21.875 76.375 -0.22672
21.875 76.625 -0.5334
21.875 76.875 -0.63796
21.875 77.125 -0.2798
21.875 77.375 -0.042927
21.875 77.625 -0.19293
21.875 77.875 -0.43275
21.875 78.125 -0.015943
21.875 78.375 0.37887
21.875 78.625 0.15972
21.875 78.875 -0.093218
21.875 79.125 -0.75366
21.875 79.375 0.29168
21.875 79.625 0.4831
21.875 79.875 0.95209
21.875 80.125 1.1644
21.875 80.375 1.2875
21.875 80.625 1.2731
21.875 80.875 1.4616
21.875 81.125 0.011136
21.875 81.375 -0.42121
21.875 81.625 -0.22318
21.875 81.875 -0.44697
21.875 82.125 -0.4666
21.875 82.375 -0.22519
21.875 82.625 -0.79089
21.875 82.875 -0.89016
21.875 83.125 -0.72328
21.875 83.375 -0.91296
21.875 83.625 -0.50904
21.875 83.875 0.33005
21.875 84.125 -0.059153
21.875 84.375 -0.32447
21.875 84.625 0.17644
21.875 84.875 0.79048
21.875 85.125 0.44355
21.875 85.375 0.081661
21.875 85.625 0.51338
21.875 85.875 1.5577
21.875 86.125 1.4218
21.875 86.375 1.1393
21.875 86.625 0.90653
21.875 86.875 0.72248
21.875 87.125 -0.17264
21.875 87.375 -0.67078
21.875 87.625 0.11382
21.875 87.875 -0.092956
21.875 88.375 -0.22885
NaN NaN NaN
NaN NaN NaN
22.125 69.125 0.66429
22.125 69.375 0.13818
22.125 69.625 0.39961
22.125 69.875 0.57937
22.125 70.125 -0.13807
22.125 70.375 0.080805
22.125 70.625 0.763
22.125 70.875 0.97964
22.125 71.125 0.59021
22.125 71.375 0.50526
22.125 71.625 0.42556
22.125 71.875 -0.10287
22.125 72.125 -0.25925
NaN NaN NaN
22.125 72.875 -0.52095
22.125 73.125 -1.4199
22.125 73.375 -1.0504
22.125 73.625 -1.1123
22.125 73.875 -0.99462
22.125 74.125 -0.98022
22.125 74.375 -1.0361
22.125 74.625 -0.8703
22.125 74.875 -0.65112
22.125 75.125 -0.75454
22.125 75.375 -0.6831
22.125 75.625 -0.71848
22.125 75.875 -0.51297
22.125 76.125 -0.5644
22.125 76.375 -0.18626
22.125 76.625 -0.55708
22.125 76.875 -0.76202
22.125 77.125 -0.31803
22.125 77.375 -0.1886
22.125 77.625 -0.47321
22.125 77.875 -0.30753
22.125 78.125 -0.16079
22.125 78.375 -0.0773
22.125 78.625 0.84848
22.125 78.875 0.55341
22.125 79.125 0.66469
22.125 79.375 0.18156
22.125 79.625 0.43943
22.125 79.875 1.1007
22.125 80.125 1.1837
22.125 80.375 1.3255
22.125 80.625 1.2626
22.125 80.875 0.96117
22.125 81.125 -0.0046727
22.125 81.375 0.71397
22.125 81.625 -0.10424
22.125 81.875 0.10331
22.125 82.125 -0.25226
22.125 82.375 -0.46966
22.125 82.625 -1.0337
22.125 82.875 -1.0927
22.125 83.125 -0.90064
22.125 83.375 -0.73468
22.125 83.625 -0.78198
22.125 83.875 -0.23392
22.125 84.125 -0.23642
22.125 84.375 -0.69258
22.125 84.625 -0.49716
22.125 84.875 0.32243
22.125 85.125 0.262
22.125 85.375 0.34696
22.125 85.625 0.96034
22.125 85.875 1.4549
22.125 86.125 1.2841
22.125 86.375 1.3752
22.125 86.625 -0.027548
22.125 86.875 0.018264
22.125 87.125 0.11952
22.125 87.375 -0.34647
22.125 87.625 -0.2089
22.125 87.875 -0.021971
22.125 88.125 -0.20503
22.125 88.375 -0.18526
NaN NaN NaN
22.375 69.125 1.0574
22.375 69.875 1.4845
22.375 70.125 1.1035
22.375 70.375 0.30182
22.375 70.625 0.42493
22.375 70.875 0.3683
22.375 71.125 0.22062
22.375 71.375 0.11729
22.375 71.625 -0.50325
22.375 71.875 -0.078159
22.375 72.125 0.20823
NaN NaN NaN
22.375 72.875 -0.86135
22.375 73.125 -1.0447
22.375 73.375 -0.70321
22.375 73.625 -0.56208
22.375 73.875 -0.81267
22.375 74.125 -0.67207
22.375 74.375 -1.0034
22.375 74.625 -0.93086
22.375 74.875 -0.7791
22.375 75.125 -0.83327
22.375 75.375 -0.91115
22.375 75.625 -0.80108
22.375 75.875 -0.169
22.375 76.125 -0.46878
22.375 76.375 -0.6132
22.375 76.625 -0.27747
22.375 76.875 -0.67047
22.375 77.125 -0.58309
22.375 77.375 -0.74854
22.375 77.625 -0.81338
22.375 77.875 0.06426
22.375 78.125 0.11207
22.375 78.375 0.11802
22.375 78.625 0.15612
22.375 78.875 0.11637
22.375 79.125 0.45121
22.375 79.375 0.60157
22.375 79.625 0.51071
22.375 79.875 0.7661
22.375 80.125 0.93605
22.375 80.375 1.1955
22.375 80.625 0.92215
22.375 80.875 0.77587
22.375 81.125 0.57458
22.375 81.375 1.0223
22.375 81.625 0.28659
22.375 81.875 0.33396
22.375 82.125 -0.57189
22.375 82.375 -0.60236
22.375 82.625 -1.0131
22.375 82.875 -1.2626
22.375 83.125 -1.3338
22.375 83.375 -1.4928
22.375 83.625 -1.4921
22.375 83.875 -0.60428
22.375 84.125 -0.67409
22.375 84.375 -0.50791
22.375 84.625 -0.021094
22.375 84.875 0.6046
22.375 85.125 0.10997
22.375 85.375 0.5312
22.375 85.625 1.3296
22.375 85.875 1.5784
22.375 86.125 1.2327
22.375 86.375 0.21874
22.375 86.625 -0.3171
22.375 86.875 0.24451
22.375 87.125 0.15368
22.375 87.375 -0.38861
22.375 87.625 -0.37994
22.375 87.875 0.71293
22.375 88.125 0.17825
22.375 88.375 -0.17215
22.375 88.625 -0.16699
22.375 88.875 -0.20167
NaN NaN NaN
22.625 70.375 0.9287
22.625 70.625 0.37136
22.625 70.875 0.062356
22.625 71.125 0.21032
22.625 71.375 0.14871
22.625 71.625 0.1232
22.625 71.875 -0.1849
22.625 72.125 0.017845
22.625 72.375 0.7268
22.625 72.625 0.21025
22.625 72.875 -0.99
22.625 73.125 -0.81567
22.625 73.375 -0.06018
22.625 73.625 -0.47529
22.625 73.875 -0.21034
22.625 74.125 -0.50578
22.625 74.375 -0.9548
22.625 74.625 -0.91736
22.625 74.875 -0.79817
22.625 75.125 -0.82001
22.625 75.375 -0.59899
22.625 75.625 -0.47691
22.625 75.875 -0.48215
22.625 76.125 -0.60338
22.625 76.375 -0.33727
22.625 76.625 -0.19479
22.625 76.875 -0.32605
22.625 77.125 -0.52288
22.625 77.375 -1.0809
22.625 77.625 -0.95109
22.625 77.875 0.12904
22.625 78.125 0.31362
22.625 78.375 0.3403
22.625 78.625 0.39848
22.625 78.875 0.024905
22.625 79.125 0.27097
22.625 79.375 0.62682
22.625 79.625 0.56492
22.625 79.875 0.4863
22.625 80.125 0.62169
22.625 80.375 0.35217
22.625 80.625 0.18074
22.625 80.875 0.17383
22.625 81.125 0.34992
22.625 81.375 0.71047
22.625 81.625 0.25433
22.625 81.875 0.27695
22.625 82.125 -0.71174
22.625 82.375 -0.53843
22.625 82.625 -0.72586
22.625 82.875 -1.2507
22.625 83.125 -1.6012
22.625 83.375 -1.0745
22.625 83.625 -0.87186
22.625 83.875 -1.3216
22.625 84.125 -0.79762
22.625 84.375 -0.065417
22.625 84.625 0.44153
22.625 84.875 0.64859
22.625 85.125 0.34988
22.625 85.375 0.6623
22.625 85.625 1.1366
22.625 85.875 0.87685
22.625 86.125 0.85021
22.625 86.375 -0.31372
22.625 86.625 -0.59681
22.625 86.875 -0.34459
22.625 87.125 -0.1996
22.625 87.375 -0.36022
22.625 87.625 -0.14483
22.625 87.875 0.61592
22.625 88.125 0.41355
22.625 88.375 -0.2432
22.625 88.625 -0.20205
22.625 88.875 -0.22127
22.625 92.625 0.34548
22.625 92.875 0.70503
NaN NaN NaN
NaN NaN NaN
NaN NaN NaN
22.875 70.625 0.76366
22.875 70.875 0.30975
22.875 71.125 0.10859
22.875 71.375 0.34385
22.875 71.625 0.22075
22.875 71.875 -0.088787
22.875 72.125 -0.39302
22.875 72.375 0.42284
22.875 72.625 -0.17429
22.875 72.875 -0.20919
22.875 73.125 -0.5863
22.875 73.375 -0.73353
22.875 73.625 -0.42511
22.875 73.875 -0.6102
22.875 74.125 -0.46644
22.875 74.375 -0.86113
22.875 74.625 -0.97203
22.875 74.875 -0.47649
22.875 75.125 -0.75644
22.875 75.375 -0.34394
22.875 75.625 -0.43097
22.875 75.875 -0.42236
22.875 76.125 -0.55223
22.875 76.375 -0.087957
22.875 76.625 -0.017322
22.875 76.875 0.13649
22.875 77.125 0.18312
22.875 77.375 -1.4184
22.875 77.625 -0.37337
22.875 77.875 0.006064
22.875 78.125 0.26135
22.875 78.375 0.43351
22.875 78.625 0.35913
22.875 78.875 0.2657
22.875 79.125 0.24078
22.875 79.375 0.1465
22.875 79.625 0.35064
22.875 79.875 0.14567
22.875 80.125 0.32363
22.875 80.375 0.048456
22.875 80.625 0.1469
22.875 80.875 0.27576
22.875 81.125 0.26194
22.875 81.375 -0.1733
22.875 81.625 -0.17959
22.875 81.875 -0.26622
22.875 82.125 -0.6842
22.875 82.375 -0.88487
22.875 82.625 -0.59131
22.875 82.875 -0.88864
22.875 83.125 -1.0149
22.875 83.375 -0.45192
22.875 83.625 -0.072864
22.875 83.875 -0.83299
22.875 84.125 -0.9512
22.875 84.375 -0.2203
22.875 84.625 0.50533
22.875 84.875 0.60005
22.875 85.125 0.87362
22.875 85.375 1.2002
22.875 85.625 0.59944
22.875 85.875 -0.0025002
22.875 86.125 -0.091835
22.875 86.375 0.021906
22.875 86.625 -0.022531
22.875 86.875 -0.048802
22.875 87.125 -0.27416
22.875 87.375 -0.28883
22.875 87.625 -0.17899
22.875 87.875 -0.1468
22.875 88.125 -0.3946
22.875 88.375 -0.06451
22.875 88.625 0.04367
22.875 92.625 0.31619
22.875 92.875 0.11601
23.125 68.875 1.5847
23.125 69.125 1.2271
23.125 69.375 1.4939
23.125 69.625 1.7903
23.125 69.875 1.3752
23.125 70.125 1.2849
23.125 70.875 0.31949
23.125 71.125 0.15604
23.125 71.375 0.34531
23.125 71.625 0.12982
23.125 71.875 -0.19767
23.125 72.125 0.3223
23.125 72.375 -0.10164
23.125 72.625 0.082509
23.125 72.875 -0.030545
23.125 73.125 -0.40398
23.125 73.375 -0.73184
23.125 73.625 -0.67423
23.125 73.875 -0.75226
23.125 74.125 -0.67149
23.125 74.375 -0.77207
23.125 74.625 -1.0899
23.125 74.875 -0.63422
23.125 75.125 -0.71336
23.125 75.375 -0.53389
23.125 75.625 -0.25147
23.125 75.875 -0.065125
23.125 76.125 -0.076016
23.125 76.375 0.31145
23.125 76.625 0.23481
23.125 76.875 -0.22255
23.125 77.125 0.049496
23.125 77.375 -0.050408
23.125 77.625 0.07619
23.125 77.875 0.13184
23.125 78.125 0.26679
23.125 78.375 0.24668
23.125 78.625 -0.034711
23.125 78.875 0.10948
23.125 79.125 0.29511
23.125 79.375 0.47434
23.125 79.625 -0.010078
23.125 79.875 0.097456
23.125 80.125 0.031068
23.125 80.375 -0.18262
23.125 80.625 0.48132
23.125 80.875 0.51148
23.125 81.125 0.59187
23.125 81.375 0.39326
23.125 81.625 0.20643
23.125 81.875 -0.47206
23.125 82.125 -0.4893
23.125 82.375 -0.28335
23.125 82.625 0.090526
23.125 82.875 -0.42283
23.125 83.125 0.32145
23.125 83.375 0.70369
23.125 83.625 1.081
23.125 83.875 0.39652
23.125 84.125 -0.08242
23.125 84.375 -0.1092
23.125 84.625 -0.076512
23.125 84.875 0.66075
23.125 85.125 0.43087
23.125 85.375 0.92219
23.125 85.625 0.57731
23.125 85.875 -0.23722
23.125 86.125 -0.34292
23.125 86.375 0.18334
23.125 86.625 0.11208
23.125 86.875 0.72973
23.125 87.125 0.12597
23.125 87.375 -0.38289
23.125 87.625 -0.12801
23.125 87.875 -0.074103
23.125 88.125 0.029649
23.125 88.375 -0.073464
23.125 88.625 0.095076
NaN NaN NaN
23.125 92.625 -0.5409
23.125 92.875 -0.70871
NaN NaN NaN
23.375 68.875 1.3494
23.375 69.125 1.2985
23.375 69.375 1.4437
23.375 69.625 1.4244
23.375 69.875 1.4624
23.375 70.125 0.96006
23.375 70.375 0.53844
23.375 70.625 0.50204
23.375 70.875 0.4147
23.375 71.125 0.29339
23.375 71.375 0.28358
23.375 71.625 0.30503
23.375 71.875 0.35482
23.375 72.125 0.18322
23.375 72.375 0.10431
23.375 72.625 0.0031226
23.375 72.875 0.029957
23.375 73.125 0.15802
23.375 73.375 0.17581
23.375 73.625 -0.20287
23.375 73.875 -0.36011
23.375 74.125 -0.67191
23.375 74.375 -0.60106
23.375 74.625 -0.74703
23.375 74.875 -0.63996
23.375 75.125 -0.50321
23.375 75.375 -0.17877
23.375 75.625 -0.34938
23.375 75.875 0.073003
23.375 76.125 0.43384
23.375 76.375 0.49104
23.375 76.625 0.19265
23.375 76.875 -0.21409
23.375 77.125 -0.063993
23.375 77.375 0.25721
23.375 77.625 0.27486
23.375 77.875 0.28187
23.375 78.125 0.34955
23.375 78.375 0.28965
23.375 78.625 0.11848
23.375 78.875 0.36673
23.375 79.125 0.31875
23.375 79.375 0.53166
23.375 79.625 0.39685
23.375 79.875 0.11431
23.375 80.125 -0.16373
23.375 80.375 0.40179
23.375 80.625 0.64223
23.375 80.875 0.54761
23.375 81.125 0.57786
23.375 81.375 0.32687
23.375 81.625 0.12419
23.375 81.875 0.083899
23.375 82.125 0.69779
23.375 82.375 0.2348
23.375 82.625 0.027678
23.375 82.875 -0.19778
23.375 83.125 0.38117
23.375 83.375 0.78526
23.375 83.625 0.83914
23.375 83.875 0.5476
23.375 84.125 0.44344
23.375 84.375 0.012546
23.375 84.625 -0.7079
23.375 84.875 0.67677
23.375 85.125 1.2793
23.375 85.375 1.0464
23.375 85.625 1.1494
23.375 85.875 0.098718
23.375 86.125 -0.0955
23.375 86.375 0.21042
23.375 86.625 0.54424
23.375 86.875 0.9741
23.375 87.125 0.38309
23.375 87.375 0.43144
23.375 87.625 -0.16872
23.375 87.875 -0.15089
23.375 88.125 0.13599
23.375 88.375 -0.20424
23.375 88.625 -0.15349
23.375 91.375 -1.6351
23.375 91.625 -1.0434
23.375 92.625 -0.47078
23.375 92.875 -0.85942
23.375 93.125 -1.3749
23.625 68.625 1.3111
23.625 68.875 1.4204
23.625 69.125 1.4275
23.625 69.375 1.3279
23.625 69.625 1.3059
23.625 69.875 1.2697
23.625 70.125 0.81054
23.625 70.375 0.56562
23.625 70.625 0.42034
23.625 70.875 0.39609
23.625 71.125 0.24785
23.625 71.375 0.30235
23.625 71.625 -0.0034226
23.625 71.875 -0.15747
23.625 72.125 -0.24536
23.625 72.375 -0.26967
23.625 72.625 -0.19968
23.625 72.875 -0.39126
23.625 73.125 -0.42258
23.625 73.375 0.012409
23.625 73.625 0.079202
23.625 73.875 0.23315
23.625 74.125 0.39141
23.625 74.375 0.3509
23.625 74.625 -0.60394
23.625 74.875 -0.435
23.625 75.125 -0.17977
23.625 75.375 0.55881
23.625 75.625 0.39531
23.625 75.875 0.63158
23.625 76.125 0.69546
23.625 76.375 0.57273
23.625 76.625 0.14613
23.625 76.875 -0.13594
23.625 77.125 0.184
23.625 77.375 0.17885
23.625 77.625 0.67063
23.625 77.875 0.5788
23.625 78.125 0.27558
23.625 78.375 0.23482
23.625 78.625 0.41619
23.625 78.875 0.37557
23.625 79.125 0.34401
23.625 79.375 0.33732
23.625 79.625 0.4037
23.625 79.875 0.41109
23.625 80.125 0.159
23.625 80.375 0.51174
23.625 80.625 0.73091
23.625 80.875 0.80336
23.625 81.125 0.47566
23.625 81.375 0.37427
23.625 81.625 0.42717
23.625 81.875 0.53001
23.625 82.125 0.76385
23.625 82.375 0.66471
23.625 82.625 0.29005
23.625 82.875 0.37896
23.625 83.125 0.43945
23.625 83.375 0.64411
23.625 83.625 0.63345
23.625 83.875 0.23655
23.625 84.125 0.36445
23.625 84.375 0.11673
23.625 84.625 0.23713
23.625 84.875 0.83196
23.625 85.125 1.3928
23.625 85.375 0.69652
23.625 85.625 0.85295
23.625 85.875 1.3045
23.625 86.125 -0.35206
23.625 86.375 0.27618
23.625 86.625 0.4967
23.625 86.875 0.51421
23.625 87.125 0.3994
23.625 87.375 -0.87235
23.625 87.625 0.44732
23.625 87.875 -1.06
23.625 88.125 -0.32437
23.625 88.375 -0.22891
23.625 91.375 -1.5547
23.625 91.625 -0.90076
NaN NaN NaN
23.625 92.375 -0.63349
23.625 92.625 -0.47174
23.625 92.875 -0.77136
23.625 93.125 -1.6486
23.875 68.875 1.405
23.875 69.125 1.3761
23.875 69.375 1.258
23.875 69.625 1.2333
23.875 69.875 1.0799
23.875 70.125 0.78122
23.875 70.375 0.53257
23.875 70.625 0.28451
23.875 70.875 0.23974
23.875 71.125 -0.0037353
23.875 71.375 -0.081233
23.875 71.625 -0.21709
23.875 71.875 -0.60637
23.875 72.125 -0.47133
23.875 72.375 -0.33917
23.875 72.625 -0.2949
23.875 72.875 0.0049962
23.875 73.125 -0.57101
23.875 73.375 0.469
23.875 73.625 0.48432
23.875 73.875 0.46873
23.875 74.125 0.031322
23.875 74.375 0.27307
23.875 74.625 0.21406
23.875 74.875 -0.01368
23.875 75.125 0.27266
23.875 75.375 0.40743
23.875 75.625 0.42906
23.875 75.875 0.57412
23.875 76.125 0.99251
23.875 76.375 0.9273
23.875 76.625 0.27468
23.875 76.875 0.59319
23.875 77.125 0.73739
23.875 77.375 0.53921
23.875 77.625 0.39155
23.875 77.875 0.43554
23.875 78.125 0.52746
23.875 78.375 0.43532
23.875 78.625 0.53758
23.875 78.875 0.40297
23.875 79.125 0.63149
23.875 79.375 0.57577
23.875 79.625 0.46823
23.875 79.875 0.57613
23.875 80.125 0.75017
23.875 80.375 0.5991
23.875 80.625 0.51964
23.875 80.875 0.48147
23.875 81.125 0.3329
23.875 81.375 0.42505
23.875 81.625 0.35615
23.875 81.875 0.83532
23.875 82.125 0.82462
23.875 82.375 0.8584
23.875 82.625 0.51003
23.875 82.875 0.39459
23.875 83.125 0.39605
23.875 83.375 0.37402
23.875 83.625 0.31951
23.875 83.875 0.6023
23.875 84.125 0.48046
23.875 84.375 -0.12994
23.875 84.625 -0.20533
23.875 84.875 0.22986
23.875 85.125 -0.19508
23.875 85.375 0.44979
23.875 85.625 0.79636
23.875 85.875 0.33805
23.875 86.125 0.1396
23.875 86.375 0.80522
23.875 86.625 0.38673
23.875 86.875 0.30473
23.875 87.125 0.45946
23.875 87.375 -0.20464
23.875 87.625 0.26352
23.875 87.875 -0.16514
23.875 88.125 -0.35364
23.875 88.375 -0.5581
23.875 91.375 -0.57947
23.875 91.625 -0.68562
23.875 91.875 0.55783
23.875 92.125 0.41314
23.875 92.375 -0.365
23.875 92.625 -0.41606
23.875 92.875 -1.1919
23.875 93.125 -1.7897
23.875 93.375 -1.7302
24.125 68.875 1.363
24.125 69.125 1.328
24.125 69.375 1.2625
24.125 69.625 1.1703
24.125 69.875 0.95974
24.125 70.125 0.65004
24.125 70.375 0.27563
24.125 70.625 -0.049855
24.125 70.875 -0.11302
24.125 71.125 -0.04944
24.125 71.375 -0.42943
24.125 71.625 -0.76492
24.125 71.875 -0.66358
24.125 72.125 -0.71617
24.125 72.375 -0.088394
24.125 72.625 0.20624
24.125 72.875 0.28701
24.125 73.125 -0.34539
24.125 73.375 -0.082435
24.125 73.625 0.48473
24.125 73.875 0.11041
24.125 74.125 0.028254
24.125 74.375 0.17144
24.125 74.625 0.62904
24.125 74.875 0.52431
24.125 75.125 -0.019556
24.125 75.375 0.49027
24.125 75.625 0.38809
24.125 75.875 0.57666
24.125 76.125 0.56983
24.125 76.375 0.97886
24.125 76.625 1.0317
24.125 76.875 0.759
24.125 77.125 0.5667
24.125 77.375 0.55604
24.125 77.625 0.13676
24.125 77.875 0.51011
24.125 78.125 0.74496
24.125 78.375 0.70346
24.125 78.625 0.33147
24.125 78.875 0.2113
24.125 79.125 0.30379
24.125 79.375 0.67219
24.125 79.625 0.50465
24.125 79.875 0.78631
24.125 80.125 0.85852
24.125 80.375 0.69906
24.125 80.625 0.8782
24.125 80.875 0.56582
24.125 81.125 -0.24076
24.125 81.375 0.45101
24.125 81.625 0.72378
24.125 81.875 1.0551
24.125 82.125 1.1131
24.125 82.375 1.0257
24.125 82.625 0.76323
24.125 82.875 0.034566
24.125 83.125 0.29442
24.125 83.375 -0.33061
24.125 83.625 -0.62128
24.125 83.875 0.19584
24.125 84.125 0.53527
24.125 84.375 0.35599
24.125 84.625 0.28486
24.125 84.875 0.21408
24.125 85.125 -0.26978
24.125 85.375 0.49081
24.125 85.625 0.86874
24.125 85.875 0.86877
24.125 86.125 0.48981
24.125 86.375 0.49442
24.125 86.625 0.37826
24.125 86.875 0.16993
24.125 87.125 0.168
24.125 87.375 0.67347
24.125 87.625 -0.79613
24.125 87.875 -0.54688
24.125 88.125 -0.94632
24.125 88.375 -1.0683
24.125 91.875 -0.21243
24.125 92.125 -0.30419
24.125 92.375 -0.51409
24.125 92.625 -0.99492
24.125 92.875 -1.1997
24.125 93.125 -1.7521
24.125 93.375 -0.91541
24.125 93.625 -0.62914
24.125 93.875 -0.72583
NaN NaN NaN
24.375 71.375 -0.56203
24.375 71.625 -0.95185
24.375 71.875 -0.80455
24.375 72.125 -0.64522
24.375 72.375 -0.33431
24.375 72.625 0.016035
24.375 72.875 -0.14602
24.375 73.125 -0.60701
24.375 73.375 -0.90361
24.375 73.625 -0.91508
24.375 73.875 -0.65968
24.375 74.125 -0.41803
24.375 74.375 0.086725
24.375 74.625 0.0061272
24.375 74.875 -0.070115
24.375 75.125 -0.098546
24.375 75.375 0.21683
24.375 75.625 0.47354
24.375 75.875 0.86937
24.375 76.125 0.3823
24.375 76.375 0.38066
24.375 76.625 0.63516
24.375 76.875 0.66088
24.375 77.125 0.58462
24.375 77.375 0.77919
24.375 77.625 0.4225
24.375 77.875 0.44083
24.375 78.125 0.9255
24.375 78.375 0.56412
24.375 78.625 0.055635
24.375 78.875 0.20275
24.375 79.125 0.28135
24.375 79.375 0.55396
24.375 79.625 0.62822
24.375 79.875 0.79725
24.375 80.125 0.57932
24.375 80.375 0.53248
24.375 80.625 0.97117
24.375 80.875 0.46948
24.375 81.125 -0.078691
24.375 81.375 0.22181
24.375 81.625 0.74743
24.375 81.875 1.0834
24.375 82.125 0.91151
24.375 82.375 0.94789
24.375 82.625 0.88061
24.375 82.875 0.65446
24.375 83.125 0.373
24.375 83.375 0.50503
24.375 83.625 -0.94981
24.375 83.875 -0.036329
24.375 84.125 0.26428
24.375 84.375 0.73864
24.375 84.625 0.61987
24.375 84.875 0.83542
24.375 85.125 1.1693
24.375 85.375 0.96002
24.375 85.625 0.65388
24.375 85.875 0.32705
24.375 86.125 0.24508
24.375 86.375 0.29879
24.375 86.625 0.64723
24.375 86.875 0.4725
24.375 87.125 -0.25325
24.375 87.375 -1.1185
24.375 87.625 -1.6514
24.375 87.875 -1.5675
24.375 88.125 -1.5582
24.375 92.375 -0.69778
24.375 92.625 -0.60005
24.375 92.875 -1.4952
24.375 93.125 -1.84
24.375 93.375 -1.2964
24.375 93.625 -1.0125
24.375 93.875 -0.70874
24.375 94.125 -0.48491
24.625 71.125 -1.0366
24.625 71.375 -1.2385
24.625 71.625 -1.4606
24.625 71.875 -1.3454
24.625 72.125 -1.2352
24.625 72.375 -0.86732
24.625 72.625 -1.0569
24.625 72.875 -1.0006
24.625 73.125 -0.90867
24.625 73.375 -0.62626
24.625 73.625 -0.78939
24.625 73.875 -0.79823
24.625 74.125 -0.55241
24.625 74.375 -0.3328
24.625 74.625 0.036147
24.625 74.875 -0.72979
24.625 75.125 -0.52039
24.625 75.375 0.11677
24.625 75.625 0.73611
24.625 75.875 0.75003
24.625 76.125 1.0476
24.625 76.375 0.92667
24.625 76.625 0.57021
24.625 76.875 0.47504
24.625 77.125 0.68101
24.625 77.375 0.92123
24.625 77.625 0.71115
24.625 77.875 0.64477
24.625 78.125 1.0235
24.625 78.375 0.53768
24.625 78.625 0.22077
24.625 78.875 0.25174
24.625 79.125 0.45257
24.625 79.375 0.70049
24.625 79.625 0.7729
24.625 79.875 0.70063
24.625 80.125 0.71991
24.625 80.375 0.9621
24.625 80.625 1.2553
24.625 80.875 -0.026886
24.625 81.125 -0.15612
24.625 81.375 1.4181
24.625 81.625 1.3856
24.625 81.875 1.2041
24.625 82.125 0.21464
24.625 82.375 0.61481
24.625 82.625 1.0142
24.625 82.875 0.97251
24.625 83.125 0.45078
24.625 83.375 0.29391
24.625 83.625 0.67493
24.625 83.875 0.26771
24.625 84.125 0.80204
24.625 84.375 1.155
24.625 84.625 0.61981
24.625 84.875 0.60704
24.625 85.125 0.80401
24.625 85.375 1.148
24.625 85.625 -0.31061
24.625 85.875 1.3864
24.625 86.125 1.3594
24.625 86.375 1.955
24.625 86.625 1.9315
24.625 86.875 0.71722
24.625 87.125 -1.0975
24.625 87.375 -1.8283
24.625 87.625 -1.5199
24.625 87.875 -1.3407
24.625 92.375 -1.1961
24.625 92.625 -0.77474
24.625 92.875 -1.6037
24.625 93.125 -1.7604
24.625 93.375 -0.89574
24.625 93.625 -1.2926
24.625 93.875 -0.4358
24.625 94.125 -0.25993
NaN NaN NaN
24.875 71.125 -0.75473
24.875 71.375 -1.267
24.875 71.625 -1.5141
24.875 71.875 -1.5125
24.875 72.125 -1.1896
24.875 72.375 -1.4633
24.875 72.625 -1.4609
24.875 72.875 -1.2287
24.875 73.125 -1.5015
24.875 73.375 -1.0709
24.875 73.625 -0.41523
24.875 73.875 -0.5723
24.875 74.125 -0.28639
24.875 74.375 -0.86352
24.875 74.625 -1.149
24.875 74.875 -1.1265
24.875 75.125 -0.22998
24.875 75.375 -0.16255
24.875 75.625 0.45569
24.875 75.875 0.19761
24.875 76.125 0.21526
24.875 76.375 0.85033
24.875 76.625 0.82583
24.875 76.875 0.56002
24.875 77.125 0.7951
24.875 77.375 0.83905
24.875 77.625 0.51119
24.875 77.875 0.11887
24.875 78.125 0.51512
24.875 78.375 0.10667
24.875 78.625 -0.12903
24.875 78.875 0.87496
24.875 79.125 0.92898
24.875 79.375 0.93209
24.875 79.625 1.002
24.875 79.875 0.83215
24.875 80.125 0.63737
24.875 80.375 0.78309
24.875 80.625 0.96187
24.875 80.875 0.44833
24.875 81.125 0.91077
24.875 81.375 1.1866
24.875 81.625 1.0878
24.875 81.875 0.68743
24.875 82.125 0.37529
24.875 82.375 -0.23206
24.875 82.625 0.81854
24.875 82.875 0.70169
24.875 83.125 0.56017
24.875 83.375 0.13583
24.875 83.625 0.98285
24.875 83.875 0.65143
24.875 84.125 0.65356
24.875 84.375 0.40041
24.875 84.625 0.05352
24.875 84.875 0.40136
24.875 85.125 0.73398
24.875 85.375 0.79657
24.875 85.625 1.0557
24.875 85.875 0.89142
24.875 86.125 1.9072
24.875 86.375 2.2138
24.875 86.625 2.2994
24.875 86.875 0.41384
24.875 87.125 -0.31929
24.875 87.375 -1.1747
24.875 87.625 -0.54175
24.875 87.875 -0.80536
24.875 88.125 -1.0564
24.875 92.625 -1.5273
24.875 92.875 -1.9582
24.875 93.125 -1.6618
24.875 93.375 -1.2278
24.875 93.625 -0.47315
24.875 93.875 0.13944
24.875 94.125 -0.21365
24.875 94.375 -0.17677
25.125 71.125 -0.89192
25.125 71.375 -1.1957
25.125 71.625 -1.4705
25.125 71.875 -1.8595
25.125 72.125 -1.3866
25.125 72.375 -0.094354
25.125 72.625 -0.38317
25.125 72.875 -1.447
25.125 73.125 -1.5238
25.125 73.375 -1.5254
25.125 73.625 -1.0522
25.125 73.875 -0.71066
25.125 74.125 -0.51507
25.125 74.375 -0.53376
25.125 74.625 -0.11778
25.125 74.875 0.21929
25.125 75.125 0.058985
25.125 75.375 0.40248
25.125 75.625 0.54008
25.125 75.875 -0.12219
25.125 76.125 0.13302
25.125 76.375 0.4425
25.125 76.625 0.66931
25.125 76.875 0.66951
25.125 77.125 0.78696
25.125 77.375 0.77805
25.125 77.625 0.53296
25.125 77.875 0.4766
25.125 78.125 0.3016
25.125 78.375 0.10989
25.125 78.625 0.12478
25.125 78.875 -0.028371
25.125 79.125 0.79461
25.125 79.375 0.81299
25.125 79.625 0.003601
25.125 79.875 0.88322
25.125 80.125 0.89193
25.125 80.375 1.0607
25.125 80.625 1.023
25.125 80.875 0.91117
25.125 81.125 0.52526
25.125 81.375 0.43899
25.125 81.625 0.61132
25.125 81.875 0.8005
25.125 82.125 1.0494
25.125 82.375 1.3534
25.125 82.625 1.5741
25.125 82.875 0.55781
25.125 83.125 0.74566
25.125 83.375 0.45638
25.125 83.625 0.95094
25.125 83.875 1.3424
25.125 84.125 1.3516
25.125 84.375 1.0343
25.125 84.625 0.74603
25.125 84.875 0.51016
25.125 85.125 0.78523
25.125 85.375 0.15156
25.125 85.625 1.1189
25.125 85.875 0.7466
25.125 86.125 0.088686
25.125 86.375 1.1956
25.125 86.625 1.6627
25.125 86.875 1.138
25.125 87.125 -0.395
25.125 87.375 -0.71596
25.125 87.625 -0.6127
25.125 87.875 -0.35687
25.125 88.125 -0.9011
25.125 88.375 -0.91615
25.125 92.375 -0.9718
25.125 92.625 -1.8464
25.125 92.875 -1.6812
25.125 93.125 -1.1023
25.125 93.375 -0.79923
25.125 93.625 -0.56259
25.125 93.875 -0.23496
25.125 94.125 -0.36837
25.125 94.375 -0.29149
25.375 70.875 -0.7093
25.375 71.125 -0.76693
25.375 71.375 -0.84313
25.375 71.625 -1.6973
25.375 71.875 -1.8223
25.375 72.125 -1.0514
25.375 72.375 -0.35513
25.375 72.625 -0.59317
25.375 72.875 -1.3097
25.375 73.125 -1.7802
25.375 73.375 -1.6351
25.375 73.625 -1.3635
25.375 73.875 -0.7269
25.375 74.125 -0.42948
25.375 74.375 -0.57034
25.375 74.625 0.0068541
25.375 74.875 -0.40346
25.375 75.125 -0.45164
25.375 75.375 0.66679
25.375 75.625 0.86071
25.375 75.875 0.23205
25.375 76.125 0.46659
25.375 76.375 0.56147
25.375 76.625 0.32039
25.375 76.875 0.61309
25.375 77.125 1.1466
25.375 77.375 0.96807
25.375 77.625 0.70796
25.375 77.875 0.63544
25.375 78.125 0.10182
25.375 78.375 0.050691
25.375 78.625 -0.47315
25.375 78.875 -0.68584
25.375 79.125 0.38817
25.375 79.375 1.0426
25.375 79.625 0.48274
25.375 79.875 1.0142
25.375 80.125 1.0484
25.375 80.375 1.3695
25.375 80.625 1.1888
25.375 80.875 0.31174
25.375 81.125 0.24817
25.375 81.375 0.60428
25.375 81.625 1.0142
25.375 81.875 0.46031
25.375 82.125 -0.11997
25.375 82.375 -0.045196
25.375 82.625 0.30015
25.375 82.875 0.6485
25.375 83.125 0.68023
25.375 83.375 1.1416
25.375 83.625 1.0461
25.375 83.875 1.3796
25.375 84.125 1.4374
25.375 84.375 1.8061
25.375 84.625 1.3286
25.375 84.875 1.4107
25.375 85.125 0.88078
25.375 85.375 -0.22055
25.375 85.625 0.58817
25.375 85.875 0.94077
25.375 86.125 1.1036
25.375 86.375 1.6809
25.375 86.625 0.86817
25.375 86.875 1.1765
25.375 87.125 0.37486
25.375 87.375 -0.20717
25.375 87.625 0.081169
25.375 87.875 -0.21757
25.375 88.125 -0.81012
25.375 88.375 -1.0302
25.375 88.625 -1.0069
25.375 90.125 -1.2272
25.375 90.375 -0.9663
25.375 90.625 -0.38447
25.375 90.875 -0.65086
25.375 91.125 -0.51545
25.375 91.375 -0.5272
25.375 91.625 -1.5353
25.375 91.875 -1.3731
25.375 92.125 -0.58297
25.375 92.375 0.30397
25.375 92.625 -0.92694
25.375 92.875 -1.0885
25.375 93.125 -0.32886
25.375 93.375 -0.51767
25.375 93.625 -0.095996
25.375 93.875 -0.38967
25.375 94.125 -0.3613
25.375 94.375 0.59126
25.625 70.875 -0.25202
25.625 71.125 -0.63416
25.625 71.375 -0.78031
25.625 71.625 -1.4393
25.625 71.875 -1.31
25.625 72.125 -1.2359
25.625 72.375 -1.2035
25.625 72.625 -1.164
25.625 72.875 -1.2072
25.625 73.125 -1.3965
25.625 73.375 -1.8748
25.625 73.625 -1.5267
25.625 73.875 -0.79045
25.625 74.125 -0.17296
25.625 74.375 -1.1553
25.625 74.625 -0.23063
25.625 74.875 0.67875
25.625 75.125 -0.52735
25.625 75.375 0.51255
25.625 75.625 1.4595
25.625 75.875 0.65122
25.625 76.125 0.81355
25.625 76.375 0.66985
25.625 76.625 0.69427
25.625 76.875 1.3802
25.625 77.125 1.7128
25.625 77.375 1.2606
25.625 77.625 0.4567
25.625 77.875 -0.23639
25.625 78.125 -0.11682
25.625 78.375 0.039802
25.625 78.625 -0.43573
25.625 78.875 -0.48882
25.625 79.125 0.83593
25.625 79.375 1.2961
25.625 79.625 0.95469
25.625 79.875 0.99013
25.625 80.125 1.0445
25.625 80.375 1.1412
25.625 80.625 0.74463
25.625 80.875 0.43578
25.625 81.125 1.326
25.625 81.375 1.2787
25.625 81.625 0.93143
25.625 81.875 0.83506
25.625 82.125 -0.057371
25.625 82.375 0.87124
25.625 82.625 0.19706
25.625 82.875 0.67902
25.625 83.125 0.68077
25.625 83.375 1.0951
25.625 83.625 1.0277
25.625 83.875 0.7463
25.625 84.125 0.67932
25.625 84.375 0.49868
25.625 84.625 1.0009
25.625 84.875 0.73474
25.625 85.125 0.40632
25.625 85.375 0.0069726
25.625 85.625 0.99298
25.625 85.875 0.75498
25.625 86.125 0.8024
25.625 86.375 0.74428
25.625 86.625 1.4774
25.625 86.875 1.7222
25.625 87.125 0.63971
25.625 87.375 -0.1954
25.625 87.625 -0.22941
25.625 87.875 -0.12308
25.625 88.125 -0.97628
25.625 90.125 -1.0603
25.625 90.375 -1.0425
25.625 90.625 -0.75915
25.625 90.875 0.18531
25.625 91.125 0.96758
25.625 91.375 0.45647
25.625 91.625 0.21328
25.625 91.875 -0.5024
25.625 92.125 0.014932
25.625 92.375 0.11641
25.625 92.625 -0.95039
25.625 92.875 -0.55493
25.625 93.125 -0.4294
25.625 93.375 0.19221
25.625 93.625 -0.6044
25.625 93.875 0.81819
25.625 94.125 1.4714
25.625 94.375 1.5784
NaN NaN NaN
NaN NaN NaN
25.875 70.375 -1.1584
25.875 70.625 -0.88874
25.875 70.875 -0.83745
25.875 71.125 -1.1603
25.875 71.375 -1.2691
25.875 71.625 -1.9664
25.875 71.875 -1.191
25.875 72.125 -0.90741
25.875 72.375 -1.1313
25.875 72.625 -1.2584
25.875 72.875 -0.92408
25.875 73.125 -1.2041
25.875 73.375 -1.0171
25.875 73.625 -1.2011
25.875 73.875 -1.1525
25.875 74.125 -0.58994
25.875 74.375 -0.84621
25.875 74.625 -0.37001
25.875 74.875 0.64377
25.875 75.125 -0.33743
25.875 75.375 -0.60886
25.875 75.625 0.32572
25.875 75.875 0.22438
25.875 76.125 0.40767
25.875 76.375 1.7049
25.875 76.625 1.2753
25.875 76.875 0.83694
25.875 77.125 1.5324
25.875 77.375 1.1086
25.875 77.625 0.64983
25.875 77.875 -0.39469
25.875 78.125 -0.03019
25.875 78.375 0.27757
25.875 78.625 0.21869
25.875 78.875 -0.080685
25.875 79.125 0.50996
25.875 79.375 0.5221
25.875 79.625 0.51977
25.875 79.875 0.85669
25.875 80.125 0.72182
25.875 80.375 0.88464
25.875 80.625 0.39336
25.875 80.875 -0.18283
25.875 81.125 -0.61702
25.875 81.375 1.0706
25.875 81.625 0.99717
25.875 81.875 1.0843
25.875 82.125 -0.37586
25.875 82.375 0.088921
25.875 82.625 0.61063
25.875 82.875 1.3784
25.875 83.125 0.516
25.875 83.375 -0.01029
25.875 83.625 0.60145
25.875 83.875 0.48481
25.875 84.125 1.0422
25.875 84.375 -0.068111
25.875 84.625 0.92407
25.875 84.875 -0.21601
25.875 85.125 0.64227
25.875 85.375 0.20604
25.875 85.625 1.1335
25.875 85.875 1.448
25.875 86.125 0.67504
25.875 86.375 0.40365
25.875 86.625 1.0882
25.875 86.875 0.68658
25.875 87.125 -0.65947
25.875 87.375 -0.4442
25.875 87.625 -0.74181
25.875 87.875 -0.35208
25.875 90.125 -0.50786
25.875 90.375 -0.79646
25.875 90.625 -0.86926
25.875 90.875 -0.66015
25.875 91.125 -0.68715
25.875 91.375 -0.78115
25.875 91.625 -0.45724
25.875 91.875 -0.4499
25.875 92.125 -0.021063
25.875 92.375 -0.064708
25.875 92.625 -0.59997
25.875 92.875 -0.58339
25.875 93.125 -0.91934
25.875 93.375 -0.86569
25.875 93.625 -0.5038
25.875 93.875 1.9468
25.875 94.125 2.0648
25.875 94.375 1.9802
25.875 94.625 1.8881
25.875 94.875 1.4543
26.125 70.375 -0.68689
26.125 70.625 -1.0231
26.125 70.875 -1.194
26.125 71.125 -1.3262
26.125 71.375 -1.6746
26.125 71.625 -1.5143
26.125 71.875 -1.532
26.125 72.125 -1.5012
26.125 72.375 -1.3607
26.125 72.625 -1.2991
26.125 72.875 -1.2939
26.125 73.125 -1.2044
26.125 73.375 -1.0157
26.125 73.625 -1.1029
26.125 73.875 -0.99311
26.125 74.125 -0.74916
26.125 74.375 -0.54126
26.125 74.625 -0.61466
26.125 74.875 -0.62523
26.125 75.125 -0.20577
26.125 75.375 0.073056
26.125 75.625 0.53231
26.125 75.875 0.62831
26.125 76.125 0.71846
26.125 76.375 1.3792
26.125 76.625 1.0014
26.125 76.875 0.39706
26.125 77.125 1.2902
26.125 77.375 0.80069
26.125 77.625 0.53342
26.125 77.875 -0.19074
26.125 78.125 0.095076
26.125 78.375 0.58256
26.125 78.625 0.53359
26.125 78.875 0.71313
26.125 79.125 0.81354
26.125 79.375 0.82713
26.125 79.625 -0.0055035
26.125 79.875 0.2062
26.125 80.125 0.78656
26.125 80.375 0.7606
26.125 80.625 -0.23548
26.125 80.875 1.0374
26.125 81.125 0.82203
26.125 81.375 0.42542
26.125 81.625 1.0426
26.125 81.875 0.90472
26.125 82.125 0.28936
26.125 82.375 0.17683
26.125 82.625 0.72552
26.125 82.875 1.0222
26.125 83.125 0.52937
26.125 83.375 -0.33782
26.125 83.625 -0.30439
26.125 83.875 0.58836
26.125 84.125 0.92602
26.125 84.375 0.35484
26.125 84.625 0.8945
26.125 84.875 0.42273
26.125 85.125 1.2384
26.125 85.375 0.35771
26.125 85.625 1.2812
26.125 85.875 1.9629
26.125 86.125 0.6808
26.125 86.375 0.51537
26.125 86.625 1.0958
26.125 86.875 0.39037
26.125 87.125 -0.48532
26.125 87.375 -0.27093
26.125 87.625 0.58994
26.125 87.875 0.022778
26.125 88.125 -1.0535
26.125 89.375 -1.82
26.125 89.875 -0.70597
26.125 90.125 -0.57943
26.125 90.375 -0.76756
26.125 90.625 -0.82856
26.125 90.875 -0.72666
26.125 91.125 -0.10107
26.125 91.375 -0.76696
26.125 91.625 -0.48187
26.125 91.875 -0.31468
26.125 92.125 -0.33921
26.125 92.375 -0.28798
26.125 92.625 -0.5879
26.125 92.875 -1.4011
26.125 93.125 -1.2357
26.125 93.375 -0.79168
26.125 93.625 -0.07248
26.125 93.875 2.0396
26.125 94.125 1.9385
26.125 94.375 1.7223
26.125 94.625 1.1596
26.125 94.875 0.99674
26.375 70.375 -1.5494
26.375 70.625 -1.418
26.375 70.875 -1.5554
26.375 71.125 -1.4898
26.375 71.375 -1.0676
26.375 71.625 -1.0676
26.375 71.875 -1.6662
26.375 72.125 -1.5372
26.375 72.375 -1.6589
26.375 72.625 -1.7666
26.375 72.875 -1.4862
26.375 73.125 -1.6004
26.375 73.375 -1.4543
26.375 73.625 0.19147
26.375 73.875 0.56754
26.375 74.125 -0.65373
26.375 74.375 0.15133
26.375 74.625 -1.5112
26.375 74.875 -1.1119
26.375 75.125 0.31961
26.375 75.375 1.2534
26.375 75.625 0.56905
26.375 75.875 0.70238
26.375 76.125 0.77603
26.375 76.375 0.92055
26.375 76.625 0.61417
26.375 76.875 0.41623
26.375 77.125 0.69772
26.375 77.375 0.7368
26.375 77.625 0.39808
26.375 77.875 -0.27536
26.375 78.125 0.19476
26.375 78.375 0.54043
26.375 78.625 0.83991
26.375 78.875 1.0644
26.375 79.125 0.99996
26.375 79.375 0.015076
26.375 79.625 -0.22235
26.375 79.875 0.83366
26.375 80.125 1.1597
26.375 80.375 0.76278
26.375 80.625 0.58704
26.375 80.875 0.5779
26.375 81.125 0.27877
26.375 81.375 0.035227
26.375 81.625 0.014497
26.375 81.875 0.27691
26.375 82.125 0.35396
26.375 82.375 1.1118
26.375 82.625 0.42436
26.375 82.875 0.27095
26.375 83.125 0.2306
26.375 83.375 0.43285
26.375 83.625 0.2651
26.375 83.875 0.59926
26.375 84.125 0.76175
26.375 84.375 0.46545
26.375 84.625 0.086515
26.375 84.875 0.23732
26.375 85.125 0.41965
26.375 85.375 0.022597
26.375 85.625 0.71647
26.375 85.875 1.0723
26.375 86.125 0.96952
26.375 86.375 0.094951
26.375 86.625 0.18191
26.375 86.875 0.20584
26.375 87.125 -0.17381
26.375 87.625 -1.0786
26.375 87.875 -1.0443
26.375 88.125 -0.81111
26.375 88.375 -0.66235
26.375 88.875 0.16005
26.375 89.375 -1.7257
26.375 89.625 -1.6327
26.375 89.875 -1.1866
26.375 90.125 -1.2962
26.375 90.375 -1.2855
26.375 90.625 -1.9639
26.375 90.875 -1.6244
26.375 91.125 -1.4626
26.375 91.375 -0.49162
26.375 91.625 -1.3448
26.375 91.875 -0.64472
26.375 92.125 -0.90721
26.375 92.375 -0.52171
26.375 92.625 -0.42567
26.375 92.875 -0.89369
26.375 93.125 -0.91619
26.375 93.375 -1.053
26.375 93.625 -0.76883
26.375 93.875 1.783
26.375 94.125 1.6271
26.375 94.375 1.0268
26.375 94.625 0.66422
26.375 94.875 -0.065961
26.625 69.875 -1.8692
26.625 70.125 -1.8305
26.625 70.375 -1.6626
26.625 70.625 -1.3981
26.625 70.875 -1.3549
26.625 71.125 -1.3661
26.625 71.375 -1.464
26.625 71.625 -1.0676
26.625 71.875 -1.0676
26.625 72.125 -1.0676
26.625 72.375 -1.0676
26.625 72.625 -1.9647
26.625 72.875 -1.6735
26.625 73.125 -1.0465
26.625 73.375 -0.47177
26.625 73.625 0.45666
26.625 73.875 0.63031
26.625 74.125 -1.2462
26.625 74.375 -0.3789
26.625 74.625 -0.61835
26.625 74.875 -0.21735
26.625 75.125 -0.027243
26.625 75.375 1.2535
26.625 75.625 0.98672
26.625 75.875 0.79879
26.625 76.125 1.2931
26.625 76.375 0.36498
26.625 76.625 0.68029
26.625 76.875 0.19
26.625 77.125 0.36713
26.625 77.375 0.775
26.625 77.625 0.73481
26.625 77.875 -0.16287
26.625 78.125 0.13565
26.625 78.375 0.7522
26.625 78.625 1.3642
26.625 78.875 0.97052
26.625 79.125 0.28543
26.625 79.375 1.0851
26.625 79.625 1.4737
26.625 79.875 0.92951
26.625 80.125 0.28999
26.625 80.375 1.1757
26.625 80.625 0.75711
26.625 80.875 0.71668
26.625 81.125 0.86366
26.625 81.375 0.4772
26.625 81.625 0.57103
26.625 81.875 0.98598
26.625 82.125 0.80113
26.625 82.375 1.5461
26.625 82.625 -0.22758
26.625 82.875 0.79993
26.625 83.125 0.79895
26.625 83.375 0.11381
26.625 83.625 -0.10419
26.625 83.875 0.2481
26.625 84.125 0.89357
26.625 84.375 0.45622
26.625 84.625 0.077646
26.625 84.875 0.035014
26.625 85.125 0.78109
26.625 85.375 0.3826
26.625 85.625 0.75306
26.625 86.125 0.57008
26.625 88.375 -1.1104
26.625 88.625 0.22112
26.625 88.875 -0.32902
26.625 89.125 -1.2324
26.625 89.375 -1.963
26.625 89.625 -1.5416
26.625 89.875 -1.3392
26.625 90.125 -1.2574
26.625 90.375 -0.98904
26.625 90.625 -1.2691
26.625 90.875 -1.8738
26.625 91.125 -1.806
26.625 91.375 -0.92192
26.625 91.625 -1.3446
26.625 91.875 -1.4133
26.625 92.125 -0.64295
26.625 92.375 -0.72852
26.625 92.625 -0.95471
26.625 92.875 -1.11
26.625 93.125 -1.0694
26.625 93.375 -1.3981
26.625 93.625 -0.48047
26.625 93.875 -0.10895
26.625 94.125 0.092738
26.625 94.375 -0.059515
26.625 94.625 -0.23922
26.625 94.875 -0.42786
26.625 95.125 -0.65772
26.875 69.625 -1.8421
26.875 69.875 -1.958
26.875 70.125 -1.9213
26.875 70.375 -1.8856
26.875 70.625 -1.1272
26.875 70.875 -1.2441
26.875 71.125 -1.2985
26.875 71.375 -1.4958
26.875 71.625 -1.6139
26.875 71.875 -1.4873
26.875 72.125 -1.9007
26.875 72.375 -1.9366
26.875 72.625 -1.9053
26.875 72.875 -1.1519
26.875 73.125 0.019836
26.875 73.375 0.25859
26.875 73.625 0.43383
26.875 73.875 -0.54527
26.875 74.125 -1.4808
26.875 74.375 -1.1211
26.875 74.625 -0.56651
26.875 74.875 -0.10509
26.875 75.125 -0.18928
26.875 75.375 0.39304
26.875 75.625 0.7545
26.875 75.875 1.2218
26.875 76.125 1.4921
26.875 76.375 0.31203
26.875 76.625 0.2798
26.875 76.875 0.20223
26.875 77.125 0.14823
26.875 77.375 0.14263
26.875 77.625 0.43201
26.875 77.875 0.19398
26.875 78.125 0.21328
26.875 78.375 0.51425
26.875 78.625 1.7242
26.875 78.875 1.2194
26.875 79.125 1.5002
26.875 79.375 1.8071
26.875 79.625 1.8426
26.875 79.875 1.5504
26.875 80.125 0.7545
26.875 80.375 1.447
26.875 80.625 1.447
26.875 80.875 1.1812
26.875 81.125 1.3048
26.875 81.375 1.2438
26.875 81.625 0.32472
26.875 81.875 1.1943
26.875 82.125 1.3724
26.875 82.375 0.46603
26.875 82.625 0.83041
26.875 82.875 1.6666
26.875 83.125 1.3496
26.875 83.375 0.104
26.875 83.625 -0.22986
26.875 83.875 0.096573
26.875 84.125 0.77316
26.875 84.375 0.41119
26.875 84.625 0.60569
26.875 84.875 0.70724
26.875 88.375 0.98935
26.875 88.625 -1.0707
26.875 88.875 -0.64284
26.875 92.375 -0.81805
26.875 92.625 -0.77963
26.875 92.875 -1.3468
26.875 93.125 -1.2862
26.875 93.375 -1.5227
26.875 93.625 -1.5337
26.875 93.875 -1.5552
26.875 94.125 -1.1275
26.875 94.375 -0.25279
26.875 94.625 -0.73254
26.875 94.875 -0.91908
26.875 95.125 -0.91366
26.875 95.375 -1.212
26.875 95.625 -1.7977
27.125 69.875 -1.9525
27.125 70.125 -1.8694
27.125 70.375 -1.6506
27.125 70.625 -1.9898
27.125 70.875 -1.5711
27.125 71.125 -1.366
27.125 71.375 -1.4913
27.125 71.625 -1.3076
27.125 71.875 -0.72493
27.125 72.125 -1.5932
27.125 72.375 -1.3201
27.125 72.625 -1.7777
27.125 72.875 -1.105
27.125 73.125 -0.3161
27.125 73.375 0.22449
27.125 73.625 0.24511
27.125 73.875 -0.060672
27.125 74.125 -0.46714
27.125 74.375 -0.58563
27.125 74.625 -0.54313
27.125 74.875 -0.65023
27.125 75.125 -0.54565
27.125 75.375 -0.15815
27.125 75.625 0.5488
27.125 75.875 0.70635
27.125 76.125 0.37803
27.125 76.375 0.16618
27.125 76.625 0.035048
27.125 76.875 0.55648
27.125 77.125 -0.25099
27.125 77.375 -0.11208
27.125 77.625 0.16457
27.125 77.875 0.096886
27.125 78.125 0.42032
27.125 78.375 0.4277
27.125 78.625 0.10138
27.125 78.875 0.86141
27.125 79.125 1.4389
27.125 79.375 0.74366
27.125 79.625 1.2734
27.125 79.875 1.2438
27.125 80.125 1.17
27.125 80.375 1.34
27.125 80.625 0.87029
27.125 80.875 0.18477
27.125 81.125 1.4865
27.125 81.375 1.4697
27.125 81.625 1.2528
27.125 81.875 1.5264
27.125 82.125 1.6963
27.125 82.375 0.89312
27.125 82.625 1.2585
27.125 82.875 1.6586
27.125 83.125 1.187
27.125 83.375 1.018
27.125 83.625 1.2812
27.125 83.875 0.88634
27.125 84.125 -0.27208
27.125 84.375 0.21963
27.125 84.625 0.14762
27.125 88.125 1.5503
27.125 88.375 1.4929
27.125 88.625 1.151
27.125 92.125 -1.2374
27.125 92.375 0.27361
27.125 92.625 0.51497
27.125 92.875 -0.66929
27.125 93.125 -1.454
27.125 93.375 -0.7527
27.125 93.625 -1.3582
27.125 93.875 -0.38835
27.125 94.125 -0.50501
27.125 94.375 -0.3422
27.125 94.625 -1.4067
27.125 94.875 -1.5482
27.125 95.125 -0.25055
27.125 95.375 -1.6014
27.125 95.625 -1.9389
27.125 95.875 -2.0122
27.375 70.125 -1.801
27.375 70.375 -1.6745
27.375 70.625 -1.9399
27.375 70.875 -1.803
27.375 71.125 -1.652
27.375 71.375 -1.4285
27.375 71.625 -1.3743
27.375 71.875 0.24144
27.375 72.125 0.5227
27.375 72.375 -0.77794
27.375 72.625 -1.0238
27.375 72.875 -0.9636
27.375 73.125 -1.2914
27.375 73.375 -1.2461
27.375 73.625 -0.30826
27.375 73.875 0.029449
27.375 74.125 0.076432
27.375 74.375 -0.18369
27.375 74.625 0.31237
27.375 74.875 0.58854
27.375 75.125 -0.21439
27.375 75.375 -0.1548
27.375 75.625 0.2064
27.375 75.875 0.27225
27.375 76.125 0.08623
27.375 76.375 -0.2143
27.375 76.625 -0.035954
27.375 76.875 -0.41627
27.375 77.125 -0.072606
27.375 77.375 -0.8488
27.375 77.625 0.12147
27.375 77.875 0.5292
27.375 78.125 0.62132
27.375 78.375 0.74846
27.375 78.625 1.2281
27.375 78.875 1.8379
27.375 79.125 1.5931
27.375 79.375 0.46714
27.375 79.625 0.62761
27.375 79.875 1.2701
27.375 80.125 0.95319
27.375 80.375 1.0703
27.375 80.625 -0.21759
27.375 80.875 -0.30893
27.375 81.125 1.5244
27.375 81.375 1.5795
27.375 81.625 1.319
27.375 81.875 1.4576
27.375 82.125 1.6975
27.375 82.375 1.4567
27.375 82.625 1.3117
27.375 82.875 1.1696
27.375 83.125 0.84219
27.375 83.625 1.1496
27.375 84.125 0.66466
27.375 84.375 0.028379
27.375 88.125 2.1177
27.375 88.375 0.61536
27.375 88.625 0.57487
27.375 92.125 -1.265
27.375 92.375 0.27584
27.375 92.625 0.39683
27.375 92.875 -0.1011
27.375 93.125 -1.0341
27.375 93.375 -1.2801
27.375 93.625 -0.61833
27.375 93.875 -0.64199
27.375 94.125 -1.0576
27.375 94.375 -1.1821
27.375 94.625 -1.4063
27.375 94.875 -1.7814
27.375 95.125 -1.3783
27.375 95.375 -1.8007
27.375 95.625 -2.0571
27.375 95.875 -1.9975
27.375 96.125 -2.1498
27.375 96.375 -2.0218
NaN NaN NaN
27.375 96.875 -0.48079
27.625 70.125 -1.7678
27.625 70.375 -1.7893
27.625 70.625 -1.8342
27.625 70.875 -1.944
27.625 71.125 -1.9429
27.625 71.375 -0.91634
27.625 71.625 -0.71882
27.625 71.875 0.17203
27.625 72.125 0.2019
27.625 72.375 -0.35388
27.625 72.625 -0.17443
27.625 72.875 -0.63633
27.625 73.125 -1.306
27.625 73.375 -1.3677
27.625 73.625 0.077102
27.625 73.875 0.41357
27.625 74.125 0.061614
27.625 74.375 -0.076738
27.625 74.625 0.73849
27.625 74.875 0.86436
27.625 75.125 -0.29011
27.625 75.375 -0.66309
27.625 75.625 -0.73364
27.625 75.875 -0.14295
27.625 76.125 -0.37604
27.625 76.375 -0.32859
27.625 76.625 0.16189
27.625 76.875 0.060267
27.625 77.125 -0.75509
27.625 77.375 -0.72367
27.625 77.625 -1.0829
27.625 77.875 -0.18924
27.625 78.125 1.1901
27.625 78.375 1.0063
27.625 78.625 0.77801
27.625 78.875 1.5914
27.625 79.125 1.5357
27.625 79.375 1.0132
27.625 79.625 1.0267
27.625 79.875 1.7256
27.625 80.125 1.4046
27.625 80.375 0.98422
27.625 80.625 0.87751
27.625 80.875 1.3726
27.625 81.125 1.7444
27.625 81.375 1.8013
27.625 81.625 1.55
27.625 81.875 1.5493
27.625 82.125 1.6363
27.625 82.375 1.439
27.625 82.625 1.2736
27.625 88.375 1.349
27.625 88.625 1.178
27.625 91.625 -1.2174
27.625 91.875 -1.4475
27.625 92.125 -0.91575
27.625 92.375 0.093967
27.625 92.625 0.23129
27.625 92.875 -0.098505
27.625 93.125 -0.3145
27.625 93.375 -0.82537
27.625 93.625 -1.2369
27.625 93.875 -1.7367
27.625 94.125 -1.7727
27.625 94.375 -1.2041
27.625 94.625 -1.4784
27.625 94.875 -1.589
27.625 95.125 -1.689
27.625 95.375 -1.8284
27.625 95.625 -1.6275
27.625 95.875 -1.916
27.625 96.125 -2.1363
27.625 96.375 -2.0921
27.625 96.625 -0.48317
27.625 96.875 -0.48282
27.875 70.375 -1.5779
27.875 71.875 0.050987
27.875 72.125 0.094944
27.875 72.375 -0.020852
27.875 72.625 -0.03239
27.875 72.875 -0.089624
27.875 73.125 0.15526
27.875 73.375 0.37547
27.875 73.625 0.72152
27.875 73.875 0.69769
27.875 74.125 -0.25432
27.875 74.375 -0.83461
27.875 74.625 0.10301
27.875 74.875 -0.14213
27.875 75.125 -1.3247
27.875 75.375 -1.0923
27.875 75.625 -0.90546
27.875 75.875 -1.2706
27.875 76.125 -0.47538
27.875 76.375 0.036858
27.875 76.625 -0.17723
27.875 76.875 -0.82729
27.875 77.125 -0.317
27.875 77.375 -0.32909
27.875 77.625 -1.0833
27.875 77.875 -0.14662
27.875 78.125 0.97128
27.875 78.375 1.3345
27.875 78.625 0.91048
27.875 78.875 0.78047
27.875 79.125 0.62302
27.875 79.375 1.4961
27.875 79.625 1.6443
27.875 79.875 1.7908
27.875 80.125 1.7036
27.875 80.375 1.1486
27.875 80.625 1.2236
27.875 80.875 1.4837
27.875 81.125 1.7367
27.875 81.375 1.9495
27.875 81.625 1.8807
27.875 88.375 0.70699
27.875 88.625 0.84422
27.875 92.875 -0.15459
27.875 93.125 -0.52239
27.875 93.375 -0.79301
27.875 93.625 -1.2159
27.875 93.875 -1.8588
27.875 94.125 -1.8086
27.875 94.375 -1.5321
27.875 94.625 -1.4951
27.875 94.875 -1.3498
27.875 95.125 -1.3089
27.875 95.375 -1.4877
27.875 95.625 -1.8459
27.875 95.875 -2.1642
27.875 96.125 -2.1245
27.875 96.375 -2.1585
27.875 96.625 -0.48599
NaN NaN NaN
27.875 97.125 -0.48429
28.125 72.125 -0.065645
28.125 72.375 -0.324
28.125 72.625 -0.14793
28.125 72.875 0.31333
28.125 73.125 0.75497
28.125 73.375 0.86406
28.125 73.625 0.62894
28.125 73.875 0.50654
28.125 74.125 0.027939
28.125 74.375 -0.42004
28.125 74.625 0.25653
28.125 74.875 -0.081248
28.125 75.125 -1.9281
28.125 75.375 -0.78705
28.125 75.625 -1.7244
28.125 75.875 -0.56669
28.125 76.125 -0.52909
28.125 76.375 -0.34989
28.125 76.625 -0.60801
28.125 76.875 0.54339
28.125 77.125 -0.69503
28.125 77.375 0.26213
28.125 77.625 0.10029
28.125 77.875 -0.2678
28.125 78.125 1.1756
28.125 78.375 1.196
28.125 78.625 1.0319
28.125 78.875 1.4311
28.125 79.125 1.6967
28.125 79.375 1.7201
28.125 79.625 1.7056
28.125 79.875 1.7594
28.125 80.125 1.4436
28.125 80.375 1.2647
28.125 80.625 1.3707
28.125 80.875 1.425
28.125 81.125 1.6241
28.125 81.375 1.8581
28.125 92.875 -0.032609
28.125 93.125 -0.58856
28.125 93.375 -0.82996
28.125 93.625 -1.1027
28.125 93.875 -1.6333
28.125 94.125 -1.6976
28.125 94.375 -1.4613
28.125 94.625 -1.2679
28.125 94.875 -1.442
28.125 95.125 -1.2046
28.125 95.375 -1.1393
28.125 95.625 -1.5988
28.125 95.875 -2.0242
28.125 96.125 -2.1973
28.125 96.375 -0.48948
NaN NaN NaN
NaN NaN NaN
NaN NaN NaN
28.375 72.375 -0.32198
28.375 72.625 -0.63444
28.375 72.875 -0.76468
28.375 73.125 0.46913
28.375 73.375 0.21228
28.375 73.625 0.016605
28.375 73.875 0.19676
28.375 74.125 0.11673
28.375 74.375 0.097395
28.375 74.625 -0.34266
28.375 74.875 -1.0958
28.375 75.125 -2.1184
28.375 75.375 -1.7632
28.375 75.625 -1.6517
28.375 75.875 -1.0544
28.375 76.125 -0.88658
28.375 76.375 -0.61844
28.375 76.625 -0.46131
28.375 76.875 0.22178
28.375 77.125 -1.2957
28.375 77.375 -0.15084
28.375 77.625 -0.28321
28.375 77.875 0.4182
28.375 78.125 1.6595
28.375 78.375 0.95149
28.375 78.625 0.66619
28.375 78.875 0.61146
28.375 79.125 1.5708
28.375 79.375 1.6788
28.375 79.625 1.0518
28.375 79.875 0.96233
28.375 80.125 1.1417
28.375 80.375 1.1294
28.375 80.625 1.3091
28.375 80.875 1.4041
28.375 81.125 1.6557
28.375 93.375 -0.37321
28.375 93.625 -0.38214
28.375 93.875 -0.95386
28.375 94.125 -0.99878
28.375 94.375 -1.0505
28.375 94.625 -1.4111
28.375 94.875 -1.5573
28.375 95.125 -1.4489
28.375 95.375 -1.3324
28.375 95.625 -1.5146
28.375 95.875 -1.9151
28.375 96.125 -2.2255
NaN NaN NaN
28.625 72.375 0.028058
28.625 72.625 -0.35709
28.625 72.875 -1.2125
28.625 73.125 -0.31114
28.625 73.375 0.24874
28.625 73.625 0.12056
28.625 73.875 -0.27956
28.625 74.125 -0.43021
28.625 74.375 -0.64519
28.625 74.625 -1.3293
28.625 74.875 -1.4631
28.625 75.125 -2.0693
28.625 75.375 -1.5442
28.625 75.625 -1.411
28.625 75.875 -1.5896
28.625 76.125 -1.3557
28.625 76.375 -1.3131
28.625 76.625 -1.0071
28.625 76.875 -0.91372
28.625 77.125 -1.2718
28.625 77.375 -0.60388
28.625 77.625 -0.51481
28.625 77.875 0.31278
28.625 78.125 1.3751
28.625 78.375 1.2804
28.625 78.625 0.068949
28.625 78.875 0.99455
28.625 79.125 1.5625
28.625 79.375 0.83393
28.625 79.625 1.324
28.625 79.875 1.0405
28.625 80.125 1.3356
28.625 80.375 1.2418
28.625 80.625 1.2638
28.625 93.625 0.2702
28.625 93.875 0.62639
28.625 94.125 -0.39736
28.625 94.375 -0.32046
28.625 94.625 -0.49527
28.625 94.875 -1.1963
28.625 95.125 -1.5999
28.625 95.375 -1.5169
28.625 95.625 -1.5023
28.625 95.875 -1.8334
28.625 96.125 -0.99393
NaN NaN NaN
28.875 72.875 -1.8204
28.875 73.125 -0.77842
28.875 73.375 -0.51243
28.875 73.625 -0.7233
28.875 73.875 -1.0704
28.875 74.125 -1.0495
28.875 74.375 -1.6736
28.875 74.625 -1.8638
28.875 74.875 -1.6325
28.875 75.125 -1.3645
28.875 75.375 -0.98605
28.875 75.625 -1.1812
28.875 75.875 -1.7513
28.875 76.125 -2.0191
28.875 76.375 -1.303
28.875 76.625 -1.5434
28.875 76.875 -1.3085
28.875 77.125 -0.31501
28.875 77.375 0.056422
28.875 77.625 0.076357
28.875 77.875 1.0543
28.875 78.125 1.1883
28.875 78.375 1.5421
28.875 78.625 0.61011
28.875 78.875 0.89586
28.875 79.125 1.451
28.875 79.375 1.7232
28.875 79.625 1.5338
28.875 79.875 1.5994
28.875 94.125 0.019926
28.875 94.375 0.03657
28.875 94.625 -0.0055932
28.875 94.875 -0.19441
28.875 95.125 -0.67296
28.875 95.375 -1.6793
28.875 95.625 -0.87723
28.875 95.875 -0.92657
28.875 96.125 -0.11293
NaN NaN NaN
29.125 73.125 -1.0676
29.125 73.375 -0.2244
29.125 73.625 -1.1025
29.125 73.875 -1.069
29.125 74.125 -0.61693
29.125 74.375 -1.4476
29.125 74.625 -1.4058
29.125 74.875 -1.1519
29.125 75.125 -0.53882
29.125 75.375 -0.75516
29.125 75.625 -1.1491
29.125 75.875 -1.5376
29.125 76.125 -1.4794
29.125 76.375 -1.4479
29.125 76.625 -1.6717
29.125 76.875 -1.4093
29.125 77.125 -0.76921
29.125 77.375 -0.25548
29.125 77.625 0.60123
29.125 77.875 1.517
29.125 78.125 1.4735
29.125 78.375 1.5801
29.125 78.625 1.5625
29.125 78.875 0.81297
29.125 79.125 1.6544
29.125 79.375 1.766
29.125 79.625 1.1913
29.125 79.875 1.3919
29.125 80.125 1.3831
29.125 94.375 0.0496
29.125 94.625 0.10377
29.125 94.875 0.20543
29.125 95.625 -0.90636
29.125 95.875 0.27202
29.125 96.125 NaN
29.375 73.375 -1.2556
29.375 73.625 -1.3188
29.375 73.875 -0.93082
29.375 74.125 -0.6973
29.375 74.375 -0.75874
29.375 74.625 -0.42288
29.375 74.875 -0.90965
29.375 75.125 -1.0765
29.375 75.375 -1.3665
29.375 75.625 -1.4448
29.375 75.875 -1.8033
29.375 76.125 -0.40992
29.375 76.375 -1.4829
29.375 76.625 -0.65653
29.375 76.875 -1.654
29.375 77.125 -1.3577
29.375 77.375 -0.78104
29.375 77.625 0.4365
29.375 77.875 1.3848
29.375 78.125 0.82096
29.375 78.375 1.3704
29.375 78.625 0.31849
29.375 78.875 0.29196
29.375 79.125 1.5635
29.375 79.375 1.6366
29.375 79.625 0.73303
29.375 79.875 1.2359
29.375 80.125 1.0173
NaN NaN NaN
29.625 73.375 -1.146
29.625 73.625 -0.97402
29.625 73.875 -1.2003
29.625 74.125 -0.9275
29.625 74.375 -1.2473
29.625 74.625 -1.5441
29.625 74.875 -1.1337
29.625 75.125 -1.1566
29.625 75.375 -1.5434
29.625 75.625 -0.41579
29.625 75.875 -1.214
29.625 76.125 -1.0457
29.625 76.375 -1.234
29.625 76.625 -0.58208
29.625 76.875 -0.80333
29.625 77.125 -1.5907
29.625 77.375 -1.4204
29.625 77.625 -1.0222
29.625 77.875 0.12138
29.625 78.125 0.47655
29.625 78.375 -0.018027
29.625 78.625 -1.6298
29.625 78.875 -0.18431
29.625 79.125 0.79799
29.625 79.375 0.97647
29.625 79.625 0.45357
29.625 79.875 0.80148
29.625 80.125 0.8385
29.875 73.625 -0.90036
29.875 73.875 -1.2495
29.875 74.125 -1.3701
29.875 74.375 -1.6922
29.875 74.625 -1.5757
29.875 74.875 -1.5695
29.875 75.125 -1.9623
29.875 75.375 -1.7157
29.875 75.625 -1.1953
29.875 75.875 -0.76927
29.875 76.125 -1.0164
29.875 76.375 -1.3044
29.875 76.625 -1.8184
29.875 76.875 -2.2104
29.875 77.125 -1.6376
29.875 77.375 -1.2503
29.875 77.625 -1.074
29.875 77.875 0.91592
29.875 78.125 -1.5803
29.875 78.375 1.0785
29.875 78.625 0.23298
29.875 78.875 0.57067
29.875 79.125 -0.001556
29.875 79.375 0.2712
29.875 79.625 1.3376
29.875 79.875 0.85102
29.875 80.125 0.79105
29.875 80.375 0.80081
30.125 74.125 -1.5018
30.125 74.375 -1.6578
30.125 74.625 -1.693
30.125 74.875 -2.0519
30.125 75.125 -1.9019
30.125 75.375 -1.4651
30.125 75.625 -1.0942
30.125 75.875 -1.0264
30.125 76.125 -0.9334
30.125 76.375 -0.7486
30.125 76.625 -0.10921
30.125 76.875 -1.2143
30.125 77.125 -1.7581
30.125 77.375 -1.3969
30.125 77.625 -0.14042
30.125 77.875 -0.058662
30.125 78.125 0.37135
30.125 78.375 1.295
30.125 78.625 1.4021
30.125 78.875 1.8051
30.125 79.125 1.0794
30.125 79.375 0.97786
30.125 79.625 1.5272
30.125 79.875 0.93467
30.125 80.125 0.81713
30.125 80.375 0.82337
30.125 80.625 0.81376
30.375 74.125 -1.5985
30.375 74.375 -1.7519
30.375 74.625 -1.8067
30.375 74.875 -2.1726
30.375 75.125 -1.8488
30.375 75.375 -0.98476
30.375 75.625 -0.61252
30.375 75.875 -1.4143
30.375 76.125 -0.96579
30.375 76.375 -1.3304
30.375 76.625 -1.3624
30.375 76.875 -1.6047
30.375 77.125 -0.00021145
30.375 77.375 -0.56657
30.375 77.625 0.1892
30.375 77.875 -0.359
30.375 78.125 -0.21024
30.375 78.375 0.078646
30.375 78.625 1.3656
30.375 78.875 1.8288
30.375 79.125 1.2876
30.375 79.375 1.4593
30.375 79.625 1.2778
30.375 79.875 1.2559
30.375 80.125 1.061
30.375 80.375 0.82986
30.375 80.625 0.78059
30.625 74.375 -1.9028
30.625 74.625 -2.2069
30.625 74.875 -2.1469
30.625 75.125 -1.9349
30.625 75.375 -1.383
30.625 75.625 -1.1538
30.625 75.875 -1.2697
30.625 76.125 -1.0729
30.625 76.375 -1.7342
30.625 76.625 0.17733
30.625 76.875 0.53238
30.625 77.125 0.048366
30.625 77.375 -0.29498
30.625 77.625 0.18618
30.625 77.875 0.35887
30.625 78.125 -0.37263
30.625 78.375 -0.67944
30.625 78.625 -0.032975
30.625 78.875 1.8925
30.625 79.125 1.7185
30.625 79.375 1.0156
30.625 79.625 1.5494
30.625 79.875 1.2911
30.625 80.125 1.0925
30.875 74.625 -2.3693
30.875 74.875 -2.0834
30.875 75.125 -1.6963
30.875 75.375 -1.6772
30.875 75.625 -1.2592
30.875 75.875 -0.89641
30.875 76.125 -1.1335
30.875 76.375 -1.7594
30.875 76.625 0.42445
30.875 76.875 -1.1434
30.875 77.125 0.081301
30.875 77.375 -0.29478
30.875 77.625 0.14729
30.875 77.875 0.99141
30.875 78.125 0.017766
30.875 78.375 -0.36687
30.875 78.625 -0.17972
30.875 78.875 1.2872
30.875 79.125 1.6796
30.875 79.375 -1.374
30.875 79.625 -1.4072
30.875 79.875 -0.060189
31.125 74.875 -2.077
31.125 75.125 -1.6227
31.125 75.375 -1.6951
31.125 75.625 -1.0559
31.125 75.875 -0.48563
31.125 76.125 0.20967
31.125 76.375 -0.042081
31.125 76.625 -0.41036
31.125 76.875 0.098415
31.125 77.125 0.35798
31.125 77.375 -0.75136
31.125 77.625 -0.47014
31.125 77.875 1.2501
31.125 78.125 1.1545
31.125 78.375 0.84668
31.125 78.625 -0.51475
31.125 78.875 -0.034423
31.125 79.125 0.026596
31.375 74.875 -1.996
31.375 75.125 -1.7941
31.375 75.375 -1.7364
31.375 75.625 -1.1922
31.375 75.875 -0.49344
31.375 76.125 -0.86081
31.375 76.375 -1.3602
31.375 76.625 -0.53403
31.375 76.875 0.1859
31.375 77.125 0.41419
31.375 77.375 0.51779
31.375 77.625 1.5542
31.375 77.875 1.2275
31.375 78.125 1.2709
31.375 78.375 0.85393
31.375 78.625 0.70218
31.625 74.875 -1.6082
31.625 75.125 -1.3762
31.625 75.375 -1.1598
31.625 75.625 -0.8139
31.625 75.875 -0.039908
31.625 76.125 -0.45649
31.625 76.375 -0.12884
31.625 76.625 -0.84856
31.625 76.875 -0.80019
31.625 77.125 -0.26045
31.625 77.375 1.2171
31.625 77.625 1.6016
31.625 77.875 1.6934
31.625 78.125 1.189
31.625 78.375 0.85302
31.625 78.625 0.88869
31.875 74.875 -1.266
31.875 75.125 -1.0951
31.875 75.375 -1.5826
31.875 75.625 -0.65819
31.875 75.875 -0.16286
31.875 76.125 -0.075159
31.875 76.375 0.39862
31.875 76.625 0.92622
31.875 76.875 -0.88688
31.875 77.125 -0.92895
31.875 77.375 -0.18564
31.875 77.625 1.38
31.875 77.875 1.2569
31.875 78.125 1.1097
31.875 78.375 0.98433
31.875 78.625 0.97865
32.125 75.375 0.50241
32.125 75.625 0.11986
32.125 75.875 0.087383
32.125 76.125 0.71312
32.125 76.375 -0.36083
32.125 76.625 -0.040018
32.125 76.875 -0.96432
32.125 77.125 -0.26507
32.125 77.375 -0.8081
32.125 77.625 -0.45754
32.125 77.875 0.61979
32.125 78.125 0.64376
32.125 78.375 0.88033
32.375 75.375 0.36389
32.375 75.625 -0.12227
32.375 75.875 -0.62308
32.375 76.125 -0.85407
32.375 76.375 -0.43343
32.375 76.625 -0.58186
32.375 76.875 -0.70384
32.375 77.125 -0.35263
32.375 77.375 -0.8915
32.375 77.625 -0.97696
32.375 77.875 -0.059309
32.375 78.125 0.26844
32.375 78.375 0.50896
32.625 74.875 -0.62533
32.625 75.125 -0.97665
32.625 75.375 -1.1573
32.625 75.625 -1.0908
32.625 75.875 -0.64806
32.625 76.125 -0.26303
32.625 76.375 -0.15226
32.625 76.625 -0.7038
32.625 76.875 -0.62664
32.625 77.125 -0.46155
32.625 77.375 -0.73277
32.625 77.625 -0.89119
32.625 77.875 -0.62887
32.625 78.125 -0.036571
32.625 78.375 0.22363
32.625 78.625 0.40226
32.625 78.875 0.6708
32.625 79.125 0.80306
32.625 79.375 0.71708
32.875 74.375 -0.22491
32.875 74.625 -0.27827
32.875 74.875 -0.69683
32.875 75.125 -1.3493
32.875 75.375 -1.8561
32.875 75.625 -1.6949
32.875 75.875 -0.81908
32.875 76.125 -0.31788
32.875 76.375 -0.0016713
32.875 76.625 -0.29878
32.875 76.875 -0.5139
32.875 77.125 -0.62982
32.875 77.375 -0.75309
32.875 77.625 -0.86589
32.875 77.875 -0.90679
32.875 78.125 -0.10561
32.875 78.375 0.36795
32.875 78.625 0.46004
32.875 78.875 0.71119
32.875 79.125 0.74611
32.875 79.375 0.65153
33.125 73.875 -0.29422
33.125 74.125 -0.30334
33.125 74.375 -0.0048066
33.125 74.625 0.0527
33.125 74.875 -0.79188
33.125 75.125 -1.5213
33.125 75.375 -1.4822
33.125 75.625 -1.6665
33.125 75.875 -1.0898
33.125 76.125 -0.70684
33.125 76.375 -1.1309
33.125 76.625 -0.5881
33.125 76.875 -0.40094
33.125 77.125 -1.1409
33.125 77.375 -1.3088
33.125 77.625 -1.363
33.125 77.875 -1.312
33.125 78.125 -0.99707
33.125 78.375 -1.2755
33.125 78.625 -0.75687
33.125 78.875 0.3228
33.125 79.125 0.63461
33.375 73.875 -0.20212
33.375 74.125 -0.28137
33.375 74.375 -0.68451
33.375 74.625 -1.2188
33.375 74.875 -1.4721
33.375 75.125 -1.4829
33.375 75.375 -1.5706
33.375 75.625 -1.355
33.375 75.875 -1.0442
33.375 76.125 -0.8875
33.375 76.375 -0.8636
33.375 76.625 -1.6753
33.375 76.875 -2.0408
33.375 77.125 -2.1618
33.375 77.375 -1.9406
33.375 77.625 -1.9278
33.375 77.875 -1.7459
33.375 78.125 -1.3282
33.375 78.375 -1.2973
33.375 78.625 -1.2496
33.375 78.875 -0.7076
33.625 73.875 0.094286
33.625 74.125 -0.30233
33.625 74.375 -1.1191
33.625 74.625 -1.1829
33.625 74.875 -1.145
33.625 75.125 -1.2354
33.625 75.375 -1.2864
33.625 75.625 -1.2855
33.625 75.875 -1.0482
33.625 76.125 -1.0499
33.625 76.375 -1.0105
33.625 76.625 -2.2723
33.625 76.875 -2.3048
33.625 77.125 -2.3138
33.625 77.375 -2.2868
33.625 77.625 -2.2664
33.625 77.875 -1.9632
33.625 78.125 -1.6491
33.625 78.375 -1.4797
33.625 78.625 -1.4525
33.625 78.875 -1.1847
33.875 73.875 -0.6977
33.875 74.125 -1.034
33.875 74.375 -0.94829
33.875 74.625 -0.88483
33.875 74.875 -1.1544
33.875 75.125 -0.79011
33.875 75.375 -0.93409
33.875 75.625 -1.0728
33.875 75.875 -1.3833
33.875 76.125 -1.4776
33.875 76.375 -2.0147
33.875 76.625 -2.3662
33.875 76.875 -2.3894
33.875 77.125 -2.3715
33.875 77.375 -2.3129
33.875 77.625 -2.2939
33.875 77.875 -2.1462
33.875 78.125 -1.8699
33.875 78.375 -1.6816
33.875 78.625 -1.5619
33.875 78.875 -1.3574
34.125 73.625 -1.4923
34.125 73.875 -1.4891
34.125 74.125 -1.1249
34.125 74.375 -0.93561
34.125 74.625 -1.0872
34.125 74.875 -1.4869
34.125 75.125 -0.82862
34.125 75.375 -0.88368
34.125 75.625 -1.4093
34.125 75.875 -1.6982
34.125 76.125 -1.8759
34.125 76.375 -2.1292
34.125 76.625 -2.3504
34.125 76.875 -2.3797
34.125 77.125 -2.3594
34.125 77.375 -2.307
34.125 77.625 -2.3304
34.125 77.875 -2.2651
34.125 78.125 -2.0664
34.125 78.375 -1.8466
34.125 78.625 -1.6966
34.125 78.875 -1.5086
34.125 79.125 -1.137
34.125 79.375 -0.93166
34.375 73.625 -1.601
34.375 73.875 -1.6468
34.375 74.125 -1.7352
34.375 74.375 -1.4077
34.375 74.625 -1.3576
34.375 74.875 -1.4217
34.375 75.125 -0.98508
34.375 75.375 -1.1974
34.375 75.625 -1.7
34.375 75.875 -1.9028
34.375 76.125 -1.8792
34.375 76.375 -2.0072
34.375 76.625 -2.2308
34.375 76.875 -2.3207
34.375 77.125 -2.3463
34.375 77.375 -2.372
34.375 77.625 -2.3778
34.375 77.875 -2.3403
34.375 78.125 -2.2227
34.375 78.375 -2.0127
34.375 78.625 -1.8372
34.375 78.875 -1.6465
34.375 79.125 -1.4746
34.375 79.375 -1.2993
34.625 73.875 -1.6561
34.625 74.125 -1.5836
34.625 74.375 -1.4323
34.625 74.625 -1.3807
34.625 74.875 -1.4529
34.625 75.125 -1.1058
34.625 75.375 -1.5166
34.625 75.625 -1.7614
34.625 75.875 -1.8996
34.625 76.125 -1.7633
34.625 76.375 -2.0264
34.625 76.625 -2.0444
34.625 76.875 -2.1659
34.625 77.125 -2.2514
34.625 77.375 -2.3107
34.625 77.625 -2.3474
34.625 77.875 -2.3539
34.625 78.125 -2.3077
34.625 78.375 -2.1644
34.625 78.625 -1.9208
34.625 78.875 -1.7741
34.625 79.125 -1.615
34.625 79.375 -1.4468
34.625 79.625 -1.2718
34.875 74.125 -1.5938
34.875 74.375 -1.4587
34.875 74.625 -1.332
34.875 74.875 -1.352
34.875 75.125 -1.5418
34.875 75.375 -1.6569
34.875 75.625 -1.8262
34.875 75.875 -1.8891
34.875 76.125 -1.6758
34.875 76.375 -1.9973
34.875 76.625 -1.9345
34.875 76.875 -2.0176
34.875 77.125 -2.1221
34.875 77.375 -2.2173
34.875 77.625 -2.2776
34.875 77.875 -2.3067
34.875 78.125 -2.3014
34.875 78.375 -2.2501
34.875 78.625 -2.1407
34.875 78.875 -1.9749
34.875 79.125 -1.7961
34.875 79.375 -1.6139
34.875 79.625 -1.4387
34.875 79.875 -1.2596
35.125 74.375 -1.4915
35.125 74.625 -1.3066
35.125 74.875 -1.3567
35.125 75.125 -1.6338
35.125 75.375 -1.8748
35.125 75.625 -1.9684
35.125 75.875 -1.9067
35.125 76.125 -1.7946
35.125 76.375 -1.9715
35.125 76.625 -1.8732
35.125 76.875 -1.9122
35.125 77.125 -2.0019
35.125 77.375 -2.1009
35.125 77.625 -2.181
35.125 77.875 -2.2337
35.125 78.125 -2.2531
35.125 78.375 -2.2419
35.125 78.625 -2.2114
35.125 78.875 -2.1184
35.125 79.125 -1.9691
35.125 79.375 -1.8007
35.125 79.625 -1.6222
35.125 79.875 -1.4497
35.375 73.875 -1.8432
35.375 74.125 -1.8177
35.375 74.375 -1.2937
35.375 74.625 -1.2138
35.375 74.875 -1.1246
35.375 75.125 -1.6673
35.375 75.375 -2.0343
35.375 75.625 -2.1869
35.375 75.875 -1.9535
35.375 76.125 -1.8788
35.375 76.375 -2.015
35.375 76.625 -2.0281
35.375 76.875 -1.8514
35.375 77.125 -1.9201
35.375 77.375 -2.0032
35.375 77.625 -2.0856
35.375 77.875 -2.1538
35.375 78.125 -2.2001
35.375 78.375 -2.2183
35.375 78.625 -2.2155
35.375 78.875 -2.1758
35.375 79.125 -2.0838
35.375 79.375 -1.9581
35.375 79.625 -1.799
35.375 79.875 -1.6275
NaN NaN NaN
35.625 73.375 -1.8005
35.625 73.625 -1.8025
35.625 73.875 -1.8109
35.625 74.125 -1.8273
35.625 74.375 -1.6453
35.625 74.625 -1.48
35.625 74.875 -1.1094
35.625 75.125 -1.6234
35.625 75.375 -2.1716
35.625 75.625 -2.1459
35.625 75.875 -2.1144
35.625 76.125 -1.9697
35.625 76.375 -1.8354
35.625 76.625 -1.9183
35.625 76.875 -2.0212
35.625 77.125 -2.0564
35.625 78.375 -2.1785
35.625 78.625 -2.1922
35.625 78.875 -2.1828
35.625 79.125 -2.137
35.625 79.375 -2.0521
35.625 79.625 -1.9392
35.625 79.875 -1.7899
35.625 80.125 -1.6276
35.875 73.125 0.53234
35.875 73.375 -0.76955
35.875 73.625 -1.494
35.875 73.875 -1.7297
35.875 74.125 -1.7614
35.875 74.375 -1.7188
35.875 74.625 -1.6132
35.875 74.875 -1.4356
35.875 75.125 -1.5846
35.875 75.375 -1.8502
35.875 75.625 -2.2041
35.875 75.875 -2.1755
35.875 76.125 -2.1104
35.875 76.375 -1.9496
35.875 76.625 -1.8658
35.875 79.375 -2.0999
36.125 72.625 1.1872
36.125 72.875 0.25628
36.125 73.125 -0.10603
36.125 73.375 0.27475
36.125 73.625 -0.69939
36.125 73.875 -1.3082
36.125 74.125 -1.5636
36.125 74.375 -1.6464
36.125 74.625 -1.6327
36.125 74.875 -1.5484
36.125 75.125 -1.5885
36.125 75.375 -1.7294
36.125 75.625 -1.8407
36.125 75.875 -1.9291
36.125 76.125 -2.0015
36.125 76.375 -1.9813
36.125 76.625 -1.9456
36.375 73.125 1.1385
36.375 73.375 0.84702
36.375 73.625 0.17313
36.375 73.875 -0.626
36.375 74.125 -1.1603
36.375 74.375 -1.4302
36.375 74.625 -1.5385
36.375 74.875 -1.5461
36.375 75.125 -1.5749
36.375 75.375 -1.6642
36.375 75.625 -1.7585
36.375 75.875 -1.8356
36.375 76.125 -1.9078
36.625 73.375 1.0887
36.625 73.625 0.74352
36.625 73.875 0.11833
36.625 74.125 -0.55865
36.625 74.375 -1.0436
36.625 74.625 -1.316
36.625 74.875 -1.4381
36.625 75.125 -1.5114
36.625 75.375 -1.5959
36.625 75.625 -1.6864
36.875 73.875 0.66058
36.875 74.375 -0.5009
36.875 74.625 -0.94806
36.875 74.875 -1.2139
36.875 75.125 -1.3705
36.875 75.375 -1.4907
