8.125 77.375 0.53757
8.375 77.125 -0.72273
8.375 77.375 0.28687
8.375 77.625 0.42802
8.375 77.875 0.72245
8.625 76.875 -0.55533
8.625 77.125 0.76781
8.625 77.375 0.14257
8.625 77.625 -0.62317
8.625 77.875 1.7786
8.875 76.875 -0.93974
8.875 77.125 0.58844
8.875 77.375 -1.0638
8.875 77.625 -1.5121
8.875 77.875 -2.0415
9.125 76.625 0.71469
9.125 76.875 -0.14745
9.125 77.125 0.53838
9.125 77.375 -0.13897
9.125 77.625 0.19488
9.125 77.875 0.059634
9.125 78.125 0.35212
NaN NaN NaN
9.375 76.625 0.33369
9.375 76.875 -0.037398
9.375 77.125 0.014079
9.375 77.375 0.55988
9.375 77.625 0.59183
9.375 77.875 0.63115
9.375 78.125 0.56347
9.375 78.375 0.44449
9.375 78.625 -0.30529
NaN NaN NaN
9.625 76.375 0.39084
9.625 76.625 0.61129
9.625 76.875 -0.14696
9.625 77.125 0.7016
9.625 77.375 0.55976
9.625 77.625 0.066011
9.625 77.875 0.42378
9.625 78.125 0.57621
9.625 78.375 -0.051371
9.625 78.625 0.52107
9.875 76.625 -0.10967
9.875 76.875 -0.36762
9.875 77.125 -0.68052
9.875 77.375 -0.38872
9.875 77.625 -0.34598
9.875 77.875 -0.1077
9.875 78.125 -0.87309
9.875 78.375 0.039163
9.875 78.625 -0.1768
9.875 78.875 -1.6445
10.125 76.375 -0.39831
10.125 76.625 0.27893
10.125 76.875 1.3306
10.125 77.125 -0.20647
10.125 77.375 -0.16294
10.125 77.625 0.23095
10.125 77.875 0.27171
10.125 78.125 -0.44841
10.125 78.375 0.35504
10.125 78.625 -0.30709
10.125 78.875 -0.48018
10.125 79.125 -1.1584
10.375 76.375 -0.56481
10.375 76.625 -0.43282
10.375 76.875 0.45855
10.375 77.125 0.052998
10.375 77.375 -0.16823
10.375 77.625 1.0127
10.375 77.875 -0.56539
10.375 78.125 -0.056391
10.375 78.375 -0.013122
10.375 78.625 -0.38766
10.375 78.875 -0.30238
10.375 79.125 -0.86783
NaN NaN NaN
NaN NaN NaN
10.625 76.125 0.082109
10.625 76.375 -0.19493
10.625 76.625 -0.79295
10.625 76.875 -0.35968
10.625 77.125 0.21164
10.625 77.375 -0.41853
10.625 77.625 -0.31469
10.625 77.875 -0.78332
10.625 78.125 -0.73265
10.625 78.375 -1.0587
10.625 78.625 -0.87536
10.625 78.875 -0.77365
10.625 79.125 0.16725
10.625 79.375 -0.51306
10.625 79.625 0.15171
10.875 76.125 -0.043588
10.875 76.375 0.34944
10.875 76.625 0.16924
10.875 76.875 -0.9489
10.875 77.125 0.12219
10.875 77.375 -0.62408
10.875 77.625 -1.5143
10.875 77.875 -1.6442
10.875 78.125 -1.902
10.875 78.375 -0.58796
10.875 78.625 -0.059432
10.875 78.875 -0.41204
10.875 79.125 -1.1616
10.875 79.375 -1.1937
10.875 79.625 0.087975
11.125 76.125 -1.6212
11.125 76.375 0.1153
11.125 76.625 1.8607
11.125 76.875 -1.2023
11.125 77.125 0.017846
11.125 77.375 -0.088595
11.125 77.625 -0.39222
11.125 77.875 -0.19384
11.125 78.125 -0.91397
11.125 78.375 -0.23101
11.125 78.625 -0.0092826
11.125 78.875 0.21489
11.125 79.125 0.11863
11.125 79.375 0.060262
11.125 79.625 -0.12637
11.375 75.875 -0.60845
11.375 76.125 -0.94743
11.375 76.375 -0.27955
11.375 76.625 0.057618
11.375 76.875 0.91652
11.375 77.125 0.056211
11.375 77.375 -0.891
11.375 77.625 -0.51523
11.375 77.875 0.44619
11.375 78.125 -0.31698
11.375 78.375 -1.8501
11.375 78.625 -0.56236
11.375 78.875 -0.026043
11.375 79.125 -0.12158
11.375 79.375 -0.83759
11.375 79.625 -0.86793
11.625 75.875 -0.35448
11.625 76.125 0.50291
11.625 76.375 -0.50343
11.625 76.625 0.017453
11.625 76.875 -0.82117
11.625 77.125 -0.29671
11.625 77.375 -0.65904
11.625 77.625 -0.58468
11.625 77.875 -0.53875
11.625 78.125 -0.30313
11.625 78.375 -0.9734
11.625 78.625 -0.49219
11.625 78.875 -0.17708
11.625 79.125 -0.053028
11.625 79.375 -0.24736
NaN NaN NaN
NaN NaN NaN
11.875 75.875 -0.33487
11.875 76.125 -0.77938
11.875 76.375 -0.81242
11.875 76.625 -0.03631
11.875 76.875 -1.6337
11.875 77.125 0.45653
11.875 77.375 -0.062709
11.875 77.625 -0.0034112
11.875 77.875 -0.56705
11.875 78.125 -0.55609
11.875 78.375 -0.20612
11.875 78.625 -0.44138
11.875 78.875 -0.75543
11.875 79.125 -0.34641
11.875 79.375 -0.49788
11.875 79.625 -0.44468
12.125 75.375 -1.3081
12.125 75.625 0.24899
12.125 75.875 1.4132
12.125 76.125 -0.70641
12.125 76.375 -0.92501
12.125 76.625 -0.37278
12.125 76.875 -0.41641
12.125 77.125 0.33358
12.125 77.375 0.14632
12.125 77.625 0.0030139
12.125 77.875 -0.79026
12.125 78.125 -0.74401
12.125 78.375 0.15802
12.125 78.625 -0.27302
12.125 78.875 -0.70193
12.125 79.125 -0.26096
12.125 79.375 0.24922
12.125 79.625 -0.021351
12.375 75.125 -0.19832
12.375 75.375 -0.85039
12.375 75.625 -0.36977
12.375 75.875 0.38223
12.375 76.125 -0.70936
12.375 76.375 -0.62505
12.375 76.625 0.91176
12.375 76.875 -1.3325
12.375 77.125 -1.2572
12.375 77.375 0.031266
12.375 77.625 0.14493
12.375 77.875 -1.035
12.375 78.125 -0.38823
12.375 78.375 -0.21241
12.375 78.625 -0.20238
12.375 78.875 -0.98439
12.375 79.125 -0.24207
12.375 79.375 -0.31223
12.375 79.625 -0.15068
12.375 79.875 -0.50664
12.625 75.125 -0.97988
12.625 75.375 -0.86228
12.625 75.625 -1.2748
12.625 75.875 -0.77845
12.625 76.125 -1.2045
12.625 76.375 0.8097
12.625 76.625 0.81026
12.625 76.875 0.15936
12.625 77.125 -0.57887
12.625 77.375 -0.026585
12.625 77.625 0.30321
12.625 77.875 -0.70998
12.625 78.125 -0.22334
12.625 78.375 -0.033369
12.625 78.625 0.12761
12.625 78.875 -0.19075
12.625 79.125 -0.26464
12.625 79.375 -0.56361
12.625 79.625 -0.69876
12.625 79.875 -1.7578
12.875 75.125 -0.52439
12.875 75.375 -0.093715
12.875 75.625 -2.2291
12.875 75.875 -0.88433
12.875 76.125 -0.99878
12.875 76.375 1.6344
12.875 76.625 0.90731
12.875 76.875 -0.18823
12.875 77.125 -0.34976
12.875 77.375 -0.013637
12.875 77.625 -0.33271
12.875 77.875 -0.8603
12.875 78.125 -0.83251
12.875 78.375 -0.53186
12.875 78.625 -0.30674
12.875 78.875 -1.1363
12.875 79.125 -0.84749
12.875 79.375 -0.016074
12.875 79.625 0.43911
12.875 79.875 -0.59087
NaN NaN NaN
13.125 75.125 -1.0703
13.125 75.375 -1.2552
13.125 75.625 -0.20053
13.125 75.875 -1.0473
13.125 76.125 -0.20372
13.125 76.375 0.47884
13.125 76.625 0.36441
13.125 76.875 -0.28612
13.125 77.125 -0.37565
13.125 77.375 -0.4977
13.125 77.625 -0.34502
13.125 77.875 -0.90228
13.125 78.125 -0.42555
13.125 78.375 -0.77414
13.125 78.625 -0.94113
13.125 78.875 -0.67634
13.125 79.125 -0.82739
13.125 79.375 -1.0216
13.125 79.625 -0.54549
13.125 79.875 -1.3164
13.125 80.125 -1.6453
NaN NaN NaN
13.375 75.125 -0.4816
13.375 75.375 -1.1066
13.375 75.625 -1.3396
13.375 75.875 -1.1362
13.375 76.125 0.35955
13.375 76.375 0.087448
13.375 76.625 -0.015501
13.375 76.875 -0.19575
13.375 77.125 -0.3841
13.375 77.375 -1.5684
13.375 77.625 -0.76346
13.375 77.875 -1.0442
13.375 78.125 -1.3478
13.375 78.375 -1.1072
13.375 78.625 -1.0116
13.375 78.875 -1.4025
13.375 79.125 -2.0232
13.375 79.375 -1.4595
13.375 79.625 -1.0255
13.375 79.875 -1.4726
13.375 80.125 -1.6205
13.625 74.875 -1.7651
13.625 75.125 -0.34532
13.625 75.375 -0.78872
13.625 75.625 -1.5524
13.625 75.875 -0.24092
13.625 76.125 0.030728
13.625 76.375 -0.23229
13.625 76.625 -0.35095
13.625 76.875 -0.83962
13.625 77.125 0.85513
13.625 77.375 -1.4831
13.625 77.625 -1.6633
13.625 77.875 -1.9293
13.625 78.125 -1.9888
13.625 78.375 -1.3353
13.625 78.625 -1.1467
13.625 78.875 -1.2342
13.625 79.125 -1.4489
13.625 79.375 -1.7637
13.625 79.625 -1.5183
13.625 79.875 -0.94189
13.625 80.125 -1.5812
13.875 74.875 -0.55066
13.875 75.125 0.065284
13.875 75.375 -0.75712
13.875 75.625 -0.3025
13.875 75.875 0.38725
13.875 76.125 -0.61484
13.875 76.375 -0.32428
13.875 76.625 0.30153
13.875 76.875 -0.90231
13.875 77.125 -0.69768
13.875 77.375 -0.97338
13.875 77.625 -1.8595
13.875 77.875 -1.9884
13.875 78.125 -1.7967
13.875 78.375 -0.17853
13.875 78.625 -1.0452
13.875 78.875 -1.5751
13.875 79.125 -1.2545
13.875 79.375 -1.4758
13.875 79.625 -1.2895
13.875 79.875 -1.3292
14.125 74.625 -0.40046
14.125 74.875 -0.56601
14.125 75.125 -0.25138
14.125 75.375 -0.23565
14.125 75.625 -1.0915
14.125 75.875 0.0077315
14.125 76.125 0.49645
14.125 76.375 -1.3118
14.125 76.625 -0.36517
14.125 76.875 1.5045
14.125 77.125 -0.97916
14.125 77.375 -1.561
14.125 77.625 -1.6789
14.125 77.875 -1.1367
14.125 78.125 -0.6909
14.125 78.375 -0.82552
14.125 78.625 -1.2022
14.125 78.875 -1.8948
14.125 79.125 -1.9126
14.125 79.375 -1.604
14.125 79.625 -0.87116
14.125 79.875 -0.89329
14.375 74.625 -0.62522
14.375 74.875 0.33186
14.375 75.125 -1.1235
14.375 75.375 -0.77612
14.375 75.625 0.094169
14.375 75.875 -0.076297
14.375 76.125 0.089311
14.375 76.375 0.20806
14.375 76.625 0.084857
14.375 76.875 0.50747
14.375 77.125 -0.32102
14.375 77.375 -1.3926
14.375 77.625 -1.2291
14.375 77.875 -0.43887
14.375 78.125 -0.51798
14.375 78.375 -0.91191
14.375 78.625 -1.1176
14.375 78.875 -1.6839
14.375 79.125 -2.0639
14.375 79.375 -1.9358
14.375 79.625 -0.45259
14.375 79.875 -0.4787
NaN NaN NaN
14.625 74.625 -1.7118
14.625 74.875 -1.1018
14.625 75.125 -0.85313
14.625 75.375 -0.22103
14.625 75.625 -1.1684
14.625 75.875 -0.17926
14.625 76.125 -0.281
14.625 76.375 -0.48884
14.625 76.625 0.61616
14.625 76.875 0.5362
14.625 77.125 0.012446
14.625 77.375 -0.99581
14.625 77.625 -0.29659
14.625 77.875 -0.93023
14.625 78.125 -1.0043
14.625 78.375 -1.3647
14.625 78.625 -1.4065
14.625 78.875 -1.4923
14.625 79.125 -1.7511
14.625 79.375 -1.9473
14.625 79.625 -1.4121
14.625 79.875 -1.1468
14.875 74.375 -0.74399
14.875 74.625 -1.0811
14.875 74.875 -1.2315
14.875 75.125 -0.31069
14.875 75.375 -1.124
14.875 75.625 -0.08392
14.875 75.875 -0.44322
14.875 76.125 -0.47399
14.875 76.375 -0.80699
14.875 76.625 -0.74559
14.875 76.875 0.51132
14.875 77.125 0.032262
14.875 77.375 -0.61485
14.875 77.625 -0.99333
14.875 77.875 -1.0521
14.875 78.125 -1.159
14.875 78.375 -1.0834
14.875 78.625 -0.98051
14.875 78.875 -1.2903
14.875 79.125 -1.4383
14.875 79.375 -1.0674
14.875 79.625 -1.605
14.875 79.875 -1.6042
15.125 74.125 -1.1209
15.125 74.375 0.93542
15.125 74.625 -1.046
15.125 74.875 -1.0785
15.125 75.125 -1.3148
15.125 75.375 -0.51402
15.125 75.625 0.74433
15.125 75.875 0.25488
15.125 76.125 -0.63044
15.125 76.375 -0.58504
15.125 76.625 -0.74903
15.125 76.875 -0.77647
15.125 77.125 -1.3612
15.125 77.375 -0.56303
15.125 77.625 -0.58218
15.125 77.875 -1.2691
15.125 78.125 -1.8575
15.125 78.375 -1.5625
15.125 78.625 -0.98725
15.125 78.875 -1.1033
15.125 79.125 -1.2861
15.125 79.375 -1.5121
15.125 79.625 -1.5104
15.125 79.875 -1.7525
15.375 73.875 -1.3336
15.375 74.125 -1.1781
15.375 74.375 -0.13201
15.375 74.625 -1.5081
15.375 74.875 0.018721
15.375 75.125 -0.94657
15.375 75.375 0.5372
15.375 75.625 0.73934
15.375 75.875 -0.18779
15.375 76.125 -0.81377
15.375 76.375 -0.94005
15.375 76.625 -1.0108
15.375 76.875 -1.0772
15.375 77.125 -1.2845
15.375 77.375 -1.9654
15.375 77.625 -0.64487
15.375 77.875 -1.3283
15.375 78.125 -1.6847
15.375 78.375 -1.5938
15.375 78.625 -0.86259
15.375 78.875 -1.1519
15.375 79.125 -1.5525
15.375 79.375 -1.8224
15.375 79.625 -1.8171
15.375 79.875 -1.5995
15.625 73.875 -1.1646
15.625 74.125 -0.81174
15.625 74.375 -1.2903
15.625 74.625 -0.37417
15.625 74.875 -0.066758
15.625 75.125 -0.5744
15.625 75.375 0.042671
15.625 75.625 0.39927
15.625 75.875 -0.30327
15.625 76.125 -1.1888
15.625 76.375 -1.291
15.625 76.625 -0.78786
15.625 76.875 -0.94632
15.625 77.125 -1.7016
15.625 77.375 -1.6272
15.625 77.625 -1.605
15.625 77.875 -1.5228
15.625 78.125 -1.6362
15.625 78.375 -1.8002
15.625 78.625 -1.9814
15.625 78.875 -1.2467
15.625 79.125 -1.6103
15.625 79.375 -1.7065
15.625 79.625 -0.42018
15.625 79.875 -1.418
15.625 80.125 -1.677
15.875 73.875 0.64476
15.875 74.125 0.15123
15.875 74.375 -0.61592
15.875 74.625 -0.52055
15.875 74.875 -0.074755
15.875 75.125 0.089065
15.875 75.375 -0.1323
15.875 75.625 -0.57507
15.875 75.875 -0.7465
15.875 76.125 -1.4643
15.875 76.375 -1.5808
15.875 76.625 -0.76114
15.875 76.875 -0.45851
15.875 77.125 -1.3795
15.875 77.375 -1.1097
15.875 77.625 -2.0152
15.875 77.875 -1.6578
15.875 78.125 -1.3207
15.875 78.375 -1.6794
15.875 78.625 -1.5412
15.875 78.875 -2.1215
15.875 79.125 -1.8238
15.875 79.375 0.33509
15.875 79.625 -0.89664
15.875 79.875 -1.5749
15.875 80.125 -1.5016
15.875 80.375 -0.62621
NaN NaN NaN
15.875 80.875 -0.94205
16.125 73.625 0.99504
16.125 73.875 0.67401
16.125 74.125 0.038966
16.125 74.375 -0.28052
16.125 74.625 0.067704
16.125 74.875 -0.074033
16.125 75.125 -0.75383
16.125 75.375 -0.39537
16.125 75.625 -1.1107
16.125 75.875 -1.5392
16.125 76.125 -1.8676
16.125 76.375 -2.0125
16.125 76.625 -1.186
16.125 76.875 -0.85872
16.125 77.125 -1.1656
16.125 77.375 -0.88428
16.125 77.625 -1.3353
16.125 77.875 -1.0001
16.125 78.125 -0.88226
16.125 78.375 -1.7759
16.125 78.625 -1.7128
16.125 78.875 -2.0133
16.125 79.125 -1.7079
16.125 79.375 -1.3032
16.125 79.625 -1.4136
16.125 79.875 -1.1219
16.125 80.125 -0.32465
16.125 80.375 -0.13874
16.125 80.625 -0.57481
16.125 80.875 -0.77651
16.375 73.625 -0.43816
16.375 73.875 1.6104
16.375 74.125 0.16818
16.375 74.375 0.053835
16.375 74.625 -0.36372
16.375 74.875 -0.55777
16.375 75.125 -0.81343
16.375 75.375 -0.41595
16.375 75.625 -1.1714
16.375 75.875 -1.1513
16.375 76.125 -1.0258
16.375 76.375 -1.0765
16.375 76.625 -1.8468
16.375 76.875 -1.206
16.375 77.125 -1.0604
16.375 77.375 -1.4728
16.375 77.625 -2.0616
16.375 77.875 -1.1682
16.375 78.125 -0.87823
16.375 78.375 -2.0151
16.375 78.625 -2.0687
16.375 78.875 -1.7804
16.375 79.125 -1.4829
16.375 79.375 -1.2691
16.375 79.625 -1.6599
16.375 79.875 -0.99872
16.375 80.125 -0.42203
16.375 80.375 -0.53601
16.375 80.625 -0.30856
16.375 80.875 -0.40552
16.375 81.125 0.20391
NaN NaN NaN
NaN NaN NaN
16.625 73.625 -0.72859
16.625 73.875 -0.53482
16.625 74.125 1.7096
16.625 74.375 -2.2722
16.625 74.625 0.093724
16.625 74.875 -0.44639
16.625 75.125 -0.27747
16.625 75.375 -1.3859
16.625 75.625 -1.0437
16.625 75.875 -1.0266
16.625 76.125 -0.79801
16.625 76.375 -1.0677
16.625 76.625 -1.1497
16.625 76.875 -0.86218
16.625 77.125 -1.0959
16.625 77.375 -2.0195
16.625 77.625 -1.9686
16.625 77.875 -1.5897
16.625 78.125 -1.4035
16.625 78.375 -1.8631
16.625 78.625 -1.5257
16.625 78.875 -1.9554
16.625 79.125 -1.5314
16.625 79.375 -0.92285
16.625 79.625 -0.93156
16.625 79.875 -1.1793
16.625 80.125 -0.77767
16.625 80.375 -0.79306
16.625 80.625 -0.74377
16.625 80.875 -0.41655
16.625 81.125 -0.73168
16.625 81.375 -0.064621
16.625 81.625 0.74718
16.625 81.875 2.0983
16.625 82.125 1.9319
16.875 73.375 -0.78121
16.875 73.625 -0.93113
16.875 73.875 -0.33436
16.875 74.125 -1.2173
16.875 74.375 1.0918
16.875 74.625 -0.62772
16.875 74.875 -0.18009
16.875 75.125 -0.32667
16.875 75.375 -0.62382
16.875 75.625 -0.3888
16.875 75.875 -0.90533
16.875 76.125 -1.4529
16.875 76.375 -1.6123
16.875 76.625 -2.1978
16.875 76.875 -1.6654
16.875 77.125 -1.2856
16.875 77.375 -1.2188
16.875 77.625 -1.641
16.875 77.875 -1.1063
16.875 78.125 -1.5761
16.875 78.375 -1.8748
16.875 78.625 -1.3343
16.875 78.875 -1.8431
16.875 79.125 -1.6157
16.875 79.375 -1.0926
16.875 79.625 -0.86493
16.875 79.875 -1.0542
16.875 80.125 -0.87601
16.875 80.375 -1.0077
16.875 80.625 -0.77208
16.875 80.875 -0.60267
16.875 81.125 -0.60988
16.875 81.375 0.25861
16.875 81.625 0.59155
16.875 81.875 0.67596
16.875 82.125 0.38866
17.125 73.375 -0.52602
17.125 73.625 -0.11504
17.125 73.875 0.26637
17.125 74.125 -0.18419
17.125 74.375 -0.49508
17.125 74.625 -0.84261
17.125 74.875 -1.1304
17.125 75.125 -1.6176
17.125 75.375 -1.2186
17.125 75.625 -0.079219
17.125 75.875 -1.7221
17.125 76.125 -2.1775
17.125 76.375 -2.0267
17.125 76.625 -1.896
17.125 76.875 -1.685
17.125 77.125 -1.254
17.125 77.375 -1.4149
17.125 77.625 -0.913
17.125 77.875 -0.81324
17.125 78.125 -0.40843
17.125 78.375 -1.449
17.125 78.625 -0.77156
17.125 78.875 -0.19962
17.125 79.125 0.022102
17.125 79.375 -0.69022
17.125 79.625 -0.70694
17.125 79.875 -0.84585
17.125 80.125 -0.62892
17.125 80.375 -1.0645
17.125 80.625 -0.70907
17.125 80.875 -0.85424
17.125 81.125 -0.33663
17.125 81.375 0.10658
17.125 81.625 -0.037479
17.125 81.875 -0.55085
17.125 82.125 -0.18493
17.125 82.375 -0.30376
17.375 73.375 -0.52606
17.375 73.625 -0.56524
17.375 73.875 1.3643
17.375 74.125 -1.6122
17.375 74.375 -1.5497
17.375 74.625 -1.324
17.375 74.875 -1.5637
17.375 75.125 -2.2363
17.375 75.375 -2.133
17.375 75.625 -2.0129
17.375 75.875 -2.0017
17.375 76.125 -1.5805
17.375 76.375 -1.6692
17.375 76.625 -1.9996
17.375 76.875 -1.3094
17.375 77.125 -1.2777
17.375 77.375 -1.1679
17.375 77.625 -1.0592
17.375 77.875 -0.8179
17.375 78.125 -0.71164
17.375 78.375 -0.73867
17.375 78.625 -1.2269
17.375 78.875 0.2691
17.375 79.125 0.66398
17.375 79.375 0.11236
17.375 79.625 -0.84603
17.375 79.875 -0.47652
17.375 80.125 -0.34853
17.375 80.375 -0.78578
17.375 80.625 -1.0407
17.375 80.875 -0.62683
17.375 81.125 -0.45063
17.375 81.375 0.31377
17.375 81.625 -0.32295
17.375 81.875 -0.45466
17.375 82.125 -0.034661
17.375 82.375 -0.55969
NaN NaN NaN
17.625 73.375 0.31402
17.625 73.625 -2.028
17.625 73.875 0.36512
17.625 74.125 -1.6208
17.625 74.375 -1.6545
17.625 74.625 -1.9727
17.625 74.875 -1.4007
17.625 75.125 -1.2363
17.625 75.375 -1.5407
17.625 75.625 -1.9444
17.625 75.875 -2.1031
17.625 76.125 -1.8382
17.625 76.375 -2.1096
17.625 76.625 -1.9391
17.625 76.875 -1.2503
17.625 77.125 -1.377
17.625 77.375 -1.5941
17.625 77.625 -1.8212
17.625 77.875 -1.4869
17.625 78.125 -0.92756
17.625 78.375 -0.11061
17.625 78.625 0.080396
17.625 78.875 -0.60482
17.625 79.125 -0.24763
17.625 79.375 -1.2474
17.625 79.625 -1.3858
17.625 79.875 -0.71619
17.625 80.125 -0.26049
17.625 80.375 -0.6344
17.625 80.625 -1.0587
17.625 80.875 -0.54367
17.625 81.125 -0.65552
17.625 81.375 0.47336
17.625 81.625 -0.0089846
17.625 81.875 -0.072846
17.625 82.125 0.17286
17.625 82.375 0.054757
17.625 82.625 0.19705
17.625 82.875 1.2487
17.625 83.125 0.4745
17.875 73.375 0.8456
17.875 73.625 -0.389
17.875 73.875 0.41357
17.875 74.125 -0.40933
17.875 74.375 -0.7228
17.875 74.625 -1.708
17.875 74.875 -0.89264
17.875 75.125 -1.8932
17.875 75.375 -1.874
17.875 75.625 -1.8564
17.875 75.875 -1.933
17.875 76.125 -2.0307
17.875 76.375 -2.0826
17.875 76.625 -1.7381
17.875 76.875 -1.8268
17.875 77.125 -1.0696
17.875 77.375 -0.95625
17.875 77.625 -0.14974
17.875 77.875 0.46096
17.875 78.125 0.78489
17.875 78.375 0.68934
17.875 78.625 0.85943
17.875 78.875 0.27186
17.875 79.125 -0.38916
17.875 79.375 -1.1052
17.875 79.625 -1.0644
17.875 79.875 -1.047
17.875 80.125 -1.0873
17.875 80.375 -1.3214
17.875 80.625 -1.1881
17.875 80.875 -0.29515
17.875 81.125 -0.18783
17.875 81.375 0.92107
17.875 81.625 0.57503
17.875 81.875 0.043272
17.875 82.125 -0.38927
17.875 82.375 -0.93647
17.875 82.625 0.3099
17.875 82.875 0.40315
17.875 83.125 0.31554
17.875 83.375 0.32385
NaN NaN NaN
18.125 73.375 -0.82627
18.125 73.625 0.93385
18.125 73.875 1.2343
18.125 74.125 -0.10833
18.125 74.375 -0.3451
18.125 74.625 -1.2945
18.125 74.875 -0.78642
18.125 75.125 -1.4696
18.125 75.375 -1.89
18.125 75.625 -1.9564
18.125 75.875 -2.095
18.125 76.125 -1.8216
18.125 76.375 -1.7455
18.125 76.625 -2.0301
18.125 76.875 -1.6814
18.125 77.125 0.52192
18.125 77.375 0.19365
18.125 77.625 0.84279
18.125 77.875 0.57916
18.125 78.125 0.54318
18.125 78.375 0.36692
18.125 78.625 0.54728
18.125 78.875 0.18775
18.125 79.125 -0.23297
18.125 79.375 -1.2037
18.125 79.625 -0.20592
18.125 79.875 -1.0376
18.125 80.125 -1.1353
18.125 80.375 -1.6705
18.125 80.625 -1.7843
18.125 80.875 -0.12871
18.125 81.125 -0.23734
18.125 81.375 0.8378
18.125 81.625 1.1693
18.125 81.875 1.3252
18.125 82.125 -0.034996
18.125 82.375 -0.48878
18.125 82.625 0.36557
18.125 82.875 0.28093
18.125 83.125 1.0587
18.125 83.375 0.79863
18.125 83.625 0.84852
18.375 73.125 -0.13164
18.375 73.375 0.56855
18.375 73.625 1.2451
18.375 73.875 1.2839
18.375 74.125 0.57591
18.375 74.375 0.08623
18.375 74.625 -1.968
18.375 74.875 -2.1548
18.375 75.125 -1.3898
18.375 75.375 -0.42655
18.375 75.625 -1.4491
18.375 75.875 -1.9604
18.375 76.125 -1.5651
18.375 76.375 -1.7561
18.375 76.625 -1.7104
18.375 76.875 -1.5574
18.375 77.125 -0.65125
18.375 77.375 -0.15128
18.375 77.625 -0.027158
18.375 77.875 0.2469
18.375 78.125 0.48153
18.375 78.375 1.0945
18.375 78.625 0.43066
18.375 78.875 -0.18177
18.375 79.125 -0.045454
18.375 79.375 -0.63726
18.375 79.625 -0.50649
18.375 79.875 -1.062
18.375 80.125 -0.97254
18.375 80.375 -0.03548
18.375 80.625 0.1719
18.375 80.875 -0.72018
18.375 81.125 0.11151
18.375 81.375 0.79309
18.375 81.625 1.1712
18.375 81.875 1.1192
18.375 82.125 1.3076
18.375 82.375 2.0473
18.375 82.625 -0.075526
18.375 82.875 -0.62719
18.375 83.125 0.52618
18.375 83.375 -0.10383
18.375 83.625 0.30675
18.375 83.875 1.1563
18.625 73.125 1.1157
18.625 73.375 1.4203
18.625 73.625 1.4718
18.625 73.875 1.5874
18.625 74.125 0.58014
18.625 74.375 0.83118
18.625 74.625 -0.84836
18.625 74.875 -1.1548
18.625 75.125 -1.8281
18.625 75.375 -1.7449
18.625 75.625 -1.3652
18.625 75.875 -1.3661
18.625 76.125 -1.6409
18.625 76.375 -0.89922
18.625 76.625 -0.5267
18.625 76.875 -0.94976
18.625 77.125 -0.96184
18.625 77.375 -0.40979
18.625 77.625 0.12998
18.625 77.875 0.32726
18.625 78.125 -0.9185
18.625 78.375 -0.12835
18.625 78.625 -0.18278
18.625 78.875 -0.16923
18.625 79.125 0.010449
18.625 79.375 -0.62042
18.625 79.625 -0.8028
18.625 79.875 -0.39348
18.625 80.125 -0.051222
18.625 80.375 1.4347
18.625 80.625 1.3552
18.625 80.875 -0.29879
18.625 81.125 -0.49012
18.625 81.375 0.60101
18.625 81.625 0.78752
18.625 81.875 1.0093
18.625 82.125 1.0236
18.625 82.375 1.4167
18.625 82.625 2.0439
18.625 82.875 0.70739
18.625 83.125 -0.24327
18.625 83.375 -0.054565
18.625 83.625 0.39173
18.625 83.875 0.56292
18.625 84.125 0.49213
18.875 73.125 0.77812
18.875 73.375 0.77554
18.875 73.625 1.4689
18.875 73.875 1.5298
18.875 74.125 -0.84704
18.875 74.375 -1.2333
18.875 74.625 -0.69045
18.875 74.875 -1.015
18.875 75.125 -1.7386
18.875 75.375 -1.9395
18.875 75.625 -1.8574
18.875 75.875 -1.9329
18.875 76.125 -0.88859
18.875 76.375 -0.72181
18.875 76.625 -0.67333
18.875 76.875 -0.76828
18.875 77.125 -0.92093
18.875 77.375 -0.94467
18.875 77.625 -0.66298
18.875 77.875 -0.61508
18.875 78.125 -0.94765
18.875 78.375 -2.1399
18.875 78.625 0.47007
18.875 78.875 0.9665
18.875 79.125 0.25348
18.875 79.375 -0.24752
18.875 79.625 -0.92962
18.875 79.875 -0.36361
18.875 80.125 -0.13835
18.875 80.375 0.85299
18.875 80.625 1.4124
18.875 80.875 1.3922
18.875 81.125 1.0661
18.875 81.375 1.5063
18.875 81.625 0.60146
18.875 81.875 1.1961
18.875 82.125 1.1309
18.875 82.375 1.2425
18.875 82.625 0.7598
18.875 82.875 1.0773
18.875 83.125 -1.3579
18.875 83.375 0.40469
18.875 83.625 0.45159
18.875 83.875 0.6344
18.875 84.125 0.99312
18.875 84.375 1.0342
19.125 73.125 0.43749
19.125 73.375 0.6418
19.125 73.625 0.96476
19.125 73.875 0.93339
19.125 74.125 -0.40059
19.125 74.375 -0.95406
19.125 74.625 -0.90017
19.125 74.875 -1.469
19.125 75.125 -1.4095
19.125 75.375 -1.6351
19.125 75.625 -1.8514
19.125 75.875 -1.8251
19.125 76.125 -1.1578
19.125 76.375 -1.0995
19.125 76.625 -0.63986
19.125 76.875 -0.88735
19.125 77.125 -1.0185
19.125 77.375 -0.15185
19.125 77.625 -1.1453
19.125 77.875 -1.6714
19.125 78.125 -1.8655
19.125 78.375 -1.5559
19.125 78.625 -0.62765
19.125 78.875 0.30703
19.125 79.125 0.055698
19.125 79.375 -0.32907
19.125 79.625 0.029374
19.125 79.875 -0.17433
19.125 80.125 -0.083824
19.125 80.375 0.16612
19.125 80.625 1.3401
19.125 80.875 1.99
19.125 81.125 1.6017
19.125 81.375 1.2605
19.125 81.625 0.66325
19.125 81.875 0.31474
19.125 82.125 1.1141
19.125 82.375 1.3667
19.125 82.625 0.25762
19.125 82.875 1.2068
19.125 83.125 0.5319
19.125 83.375 0.57313
19.125 83.625 0.30464
19.125 83.875 0.13126
19.125 84.125 0.7993
19.125 84.375 1.2649
19.125 84.625 1.4773
19.375 72.875 0.50826
19.375 73.125 -0.31065
19.375 73.375 0.80086
19.375 73.625 1.0034
19.375 73.875 0.69411
19.375 74.125 0.23194
19.375 74.375 -0.76782
19.375 74.625 -0.97898
19.375 74.875 -1.3472
19.375 75.125 -0.63626
19.375 75.375 -1.2174
19.375 75.625 -1.7653
19.375 75.875 -1.9763
19.375 76.125 -1.6533
19.375 76.375 -1.9289
19.375 76.625 -1.7214
19.375 76.875 -1.5204
19.375 77.125 -1.5891
19.375 77.375 -2.0623
19.375 77.625 -1.9286
19.375 77.875 -1.3912
19.375 78.125 -1.5158
19.375 78.375 -1.4624
19.375 78.625 -1.0209
19.375 78.875 -0.47146
19.375 79.125 -0.30725
19.375 79.375 -0.40707
19.375 79.625 -0.16167
19.375 79.875 -0.17684
19.375 80.125 0.021399
19.375 80.375 0.30118
19.375 80.625 1.1596
19.375 80.875 1.3175
19.375 81.125 1.2938
19.375 81.375 1.2325
19.375 81.625 0.96418
19.375 81.875 0.92864
19.375 82.125 0.92837
19.375 82.375 0.64723
19.375 82.625 0.005345
19.375 82.875 0.9015
19.375 83.125 0.09397
19.375 83.375 0.33948
19.375 83.625 0.23122
19.375 83.875 -0.63891
19.375 84.125 0.55405
19.375 84.375 0.73109
19.375 84.625 0.99919
19.375 84.875 1.2447
19.625 72.875 0.57185
19.625 73.125 0.98686
19.625 73.375 0.99546
19.625 73.625 0.94435
19.625 73.875 0.8343
19.625 74.125 0.23087
19.625 74.375 -0.71864
19.625 74.625 -1.3008
19.625 74.875 -1.2332
19.625 75.125 -1.0663
19.625 75.375 -1.4868
19.625 75.625 -1.6441
19.625 75.875 -1.6678
19.625 76.125 -1.6244
19.625 76.375 -1.8265
19.625 76.625 -1.9046
19.625 76.875 -1.9036
19.625 77.125 -1.7654
19.625 77.375 -1.623
19.625 77.625 -1.5719
19.625 77.875 -1.3868
19.625 78.125 -1.8752
19.625 78.375 -1.9563
19.625 78.625 -1.1075
19.625 78.875 -0.88652
19.625 79.125 -0.93103
19.625 79.375 -1.6488
19.625 79.625 -1.2402
19.625 79.875 -0.79603
19.625 80.125 -0.20281
19.625 80.375 0.081727
19.625 80.625 0.92324
19.625 80.875 1.2004
19.625 81.125 1.2296
19.625 81.375 0.97101
19.625 81.625 0.82347
19.625 81.875 1.1075
19.625 82.125 0.75355
19.625 82.375 0.41437
19.625 82.625 0.48954
19.625 82.875 0.042215
19.625 83.125 0.085867
19.625 83.375 0.78461
19.625 83.625 0.80998
19.625 83.875 0.80701
19.625 84.125 0.79461
19.625 84.375 0.41945
19.625 84.625 1.531
19.625 84.875 0.89435
19.625 85.125 0.8072
19.625 85.375 1.2713
19.875 72.875 1.2483
19.875 73.125 0.87139
19.875 73.375 0.94204
19.875 73.625 1.7634
19.875 73.875 1.432
19.875 74.125 -0.2742
19.875 74.375 -0.67361
19.875 74.625 -0.81705
19.875 74.875 -0.15819
19.875 75.125 -1.0175
19.875 75.375 -1.2526
19.875 75.625 -1.2052
19.875 75.875 -0.58837
19.875 76.125 -1.2359
19.875 76.375 -1.1541
19.875 76.625 -1.7779
19.875 76.875 -1.4229
19.875 77.125 -1.6161
19.875 77.375 -1.5878
19.875 77.625 -1.365
19.875 77.875 -1.5164
19.875 78.125 -1.883
19.875 78.375 -2.0694
19.875 78.625 -1.3042
19.875 78.875 -1.0599
19.875 79.125 -1.0745
19.875 79.375 -1.936
19.875 79.625 -1.5289
19.875 79.875 -0.78564
19.875 80.125 -0.26947
19.875 80.375 -0.16241
19.875 80.625 0.5533
19.875 80.875 1.0447
19.875 81.125 1.0346
19.875 81.375 -0.35338
19.875 81.625 0.96437
19.875 81.875 1.7806
19.875 82.125 0.80347
19.875 82.375 0.49907
19.875 82.625 0.44417
19.875 82.875 0.37488
19.875 83.125 0.72534
19.875 83.375 1.0939
19.875 83.625 1.037
19.875 83.875 1.2291
19.875 84.125 0.75436
19.875 84.375 0.53653
19.875 84.625 1.1749
19.875 84.875 0.97703
19.875 85.125 1.0771
19.875 85.375 1.5762
NaN NaN NaN
NaN NaN NaN
NaN NaN NaN
20.125 72.875 1.4675
20.125 73.125 1.3245
20.125 73.375 -0.02653
20.125 73.625 2.2441
20.125 73.875 1.7999
20.125 74.125 2.0859
20.125 74.375 -0.24818
20.125 74.625 -0.41122
20.125 74.875 -0.65234
20.125 75.125 -0.95489
20.125 75.375 -0.75728
20.125 75.625 -0.90669
20.125 75.875 -1.4008
20.125 76.125 -1.5078
20.125 76.375 -1.6888
20.125 76.625 -1.8147
20.125 76.875 -1.5385
20.125 77.125 -1.8369
20.125 77.375 -2.1849
20.125 77.625 -1.2435
20.125 77.875 -1.7973
20.125 78.125 -2.0736
20.125 78.375 -1.8962
20.125 78.625 -1.2704
20.125 78.875 -1.2434
20.125 79.125 -1.4798
20.125 79.375 -1.4413
20.125 79.625 -0.69038
20.125 79.875 0.13762
20.125 80.125 0.11387
20.125 80.375 -0.63423
20.125 80.625 0.05713
20.125 80.875 0.26646
20.125 81.125 0.40957
20.125 81.375 0.69289
20.125 81.625 1.0443
20.125 81.875 1.6952
20.125 82.125 1.6579
20.125 82.375 0.53347
20.125 82.625 1.0517
20.125 82.875 1.5233
20.125 83.125 1.3304
20.125 83.375 1.4962
20.125 83.625 1.4656
20.125 83.875 1.4094
20.125 84.125 1.6658
20.125 84.375 1.4507
20.125 84.625 1.8242
20.125 84.875 1.4119
20.125 85.125 1.7908
20.125 85.375 1.4748
20.125 85.625 0.92863
20.125 85.875 0.74448
20.125 86.125 1.3889
NaN NaN NaN
20.375 73.125 1.5879
20.375 73.375 1.2035
20.375 73.625 1.548
20.375 73.875 0.80823
20.375 74.125 0.8656
20.375 74.375 -0.46687
20.375 74.625 -1.2947
20.375 74.875 -0.75944
20.375 75.125 0.45159
20.375 75.375 0.86848
20.375 75.625 -0.72046
20.375 75.875 -1.4135
20.375 76.125 -1.4566
20.375 76.375 -2.2136
20.375 76.625 -2.0264
20.375 76.875 -2.3845
20.375 77.125 -2.2059
20.375 77.375 -2.0531
20.375 77.625 -0.045501
20.375 77.875 -1.5896
20.375 78.125 -1.6846
20.375 78.375 -1.6109
20.375 78.625 -1.5259
20.375 78.875 -1.3361
20.375 79.125 -1.0537
20.375 79.375 -0.52279
20.375 79.625 -0.29877
20.375 79.875 -0.11478
20.375 80.125 0.064805
20.375 80.375 -0.64263
20.375 80.625 0.16158
20.375 80.875 0.67587
20.375 81.125 0.69684
20.375 81.375 0.87582
20.375 81.625 1.1882
20.375 81.875 1.6441
20.375 82.125 1.8218
20.375 82.375 1.8286
20.375 82.625 1.837
20.375 82.875 1.5683
20.375 83.125 1.6925
20.375 83.375 1.8976
20.375 83.625 1.5324
20.375 83.875 1.2451
20.375 84.125 1.3326
20.375 84.375 0.34336
20.375 84.625 1.471
20.375 84.875 2.0014
20.375 85.125 1.64
20.375 85.375 1.6945
20.375 85.625 1.9053
20.375 85.875 1.7492
20.375 86.125 1.8125
20.375 86.375 1.4327
NaN NaN NaN
20.625 73.125 1.4035
20.625 73.375 1.2721
20.625 73.625 1.6363
20.625 73.875 1.8653
20.625 74.125 0.9151
20.625 74.375 -0.54407
20.625 74.625 0.084445
20.625 74.875 0.85325
20.625 75.125 -0.048391
20.625 75.375 0.2332
20.625 75.625 -0.52136
20.625 75.875 -2.221
20.625 76.125 -0.68281
20.625 76.375 -1.9124
20.625 76.625 -2.2707
20.625 76.875 -2.314
20.625 77.125 -1.6643
20.625 77.375 -1.2959
20.625 77.625 -0.88733
20.625 77.875 -1.1927
20.625 78.125 -0.89728
20.625 78.375 -1.1017
20.625 78.625 -1.3676
20.625 78.875 -1.3676
20.625 79.125 -1.033
20.625 79.375 -0.95047
20.625 79.625 -0.11887
20.625 79.875 -0.081539
20.625 80.125 0.3123
20.625 80.375 0.097002
20.625 80.625 1.2668
20.625 80.875 1.3891
20.625 81.125 0.90173
20.625 81.375 1.1056
20.625 81.625 1.3483
20.625 81.875 1.8919
20.625 82.125 1.8289
20.625 82.375 1.6969
20.625 82.625 1.6461
20.625 82.875 1.6078
20.625 83.125 1.5175
20.625 83.375 1.8717
20.625 83.625 1.7425
20.625 83.875 0.93713
20.625 84.125 1.035
20.625 84.375 1.2224
20.625 84.625 1.1982
20.625 84.875 1.12
20.625 85.125 1.9452
20.625 85.375 2.0016
20.625 85.625 1.3374
20.625 85.875 1.5046
20.625 86.125 1.8649
20.625 86.375 1.9221
20.625 86.625 1.8209
NaN NaN NaN
20.875 70.625 0.96067
20.875 70.875 1.11
20.875 71.125 0.96992
20.875 71.375 1.5439
20.875 72.875 1.136
20.875 73.125 1.2798
20.875 73.375 1.0443
20.875 73.625 1.9225
20.875 73.875 1.872
20.875 74.125 0.92019
20.875 74.375 0.29302
20.875 74.625 -0.070175
20.875 74.875 -0.14759
20.875 75.125 -0.70729
20.875 75.375 -1.1684
20.875 75.625 -1.3603
20.875 75.875 -1.6922
20.875 76.125 -1.2593
20.875 76.375 -1.9675
20.875 76.625 -1.6069
20.875 76.875 -1.5411
20.875 77.125 -1.5026
20.875 77.375 -1.4741
20.875 77.625 -1.5039
20.875 77.875 -1.6812
20.875 78.125 -1.3698
20.875 78.375 -1.0931
20.875 78.625 -1.3968
20.875 78.875 -1.2063
20.875 79.125 -1.29
20.875 79.375 -0.75003
20.875 79.625 -0.13382
20.875 79.875 0.20379
20.875 80.125 0.20295
20.875 80.375 0.027901
20.875 80.625 0.78776
20.875 80.875 1.159
20.875 81.125 0.83014
20.875 81.375 0.88769
20.875 81.625 1.7672
20.875 81.875 1.3573
20.875 82.125 0.99684
20.875 82.375 1.8891
20.875 82.625 1.7818
20.875 82.875 1.4641
20.875 83.125 1.5541
20.875 83.375 1.1808
20.875 83.625 1.5879
20.875 83.875 1.6053
20.875 84.125 1.1534
20.875 84.375 1.7688
20.875 84.625 1.5622
20.875 84.875 0.98108
20.875 85.125 1.9347
20.875 85.375 1.4
20.875 85.625 1.3232
20.875 85.875 1.9445
20.875 86.125 1.8607
20.875 86.375 1.7538
20.875 86.625 1.6761
21.125 70.375 0.49849
21.125 70.625 0.61992
21.125 70.875 0.81059
21.125 71.125 1.5304
21.125 71.375 1.1501
NaN NaN NaN
NaN NaN NaN
21.125 72.875 -0.53978
21.125 73.125 -0.06286
21.125 73.375 1.5066
21.125 73.625 -0.38429
21.125 73.875 -0.28876
21.125 74.125 -0.70777
21.125 74.375 -0.40965
21.125 74.625 -0.26333
21.125 74.875 0.00062134
21.125 75.125 -0.81987
21.125 75.375 -0.79328
21.125 75.625 -0.1148
21.125 75.875 -0.81657
21.125 76.125 -1.1321
21.125 76.375 -1.7992
21.125 76.625 -1.4027
21.125 76.875 -1.5249
21.125 77.125 -1.3288
21.125 77.375 -1.5484
21.125 77.625 -1.3386
21.125 77.875 -1.3628
21.125 78.125 -1.841
21.125 78.375 -1.8672
21.125 78.625 -1.3908
21.125 78.875 -1.0517
21.125 79.125 -0.88561
21.125 79.375 -0.74571
21.125 79.625 0.59371
21.125 79.875 1.1531
21.125 80.125 0.63182
21.125 80.375 0.093412
21.125 80.625 0.59776
21.125 80.875 0.93346
21.125 81.125 0.49202
21.125 81.375 1.3199
21.125 81.625 1.0934
21.125 81.875 1.0843
21.125 82.125 1.2935
21.125 82.375 1.1755
21.125 82.625 1.4305
21.125 82.875 0.84878
21.125 83.125 1.051
21.125 83.375 1.553
21.125 83.625 1.6383
21.125 83.875 1.8905
21.125 84.125 1.8264
21.125 84.375 1.7983
21.125 84.625 1.9706
21.125 84.875 2.0921
21.125 85.125 1.8978
21.125 85.375 1.5124
21.125 85.625 1.7679
21.125 85.875 2.0609
21.125 86.125 1.6338
21.125 86.375 1.4582
21.125 86.625 1.7266
21.375 70.125 -0.47303
21.375 70.375 -0.38276
21.375 70.625 0.66825
21.375 70.875 0.92129
21.375 71.125 0.99247
21.375 71.375 0.77256
21.375 71.625 0.69685
21.375 71.875 0.68287
21.375 72.875 0.80075
21.375 73.125 1.9976
21.375 73.375 1.6693
21.375 73.625 -0.15905
21.375 73.875 -0.81638
21.375 74.125 -0.99003
21.375 74.375 -1.3459
21.375 74.625 -0.81934
21.375 74.875 -0.010616
21.375 75.125 -0.77925
21.375 75.375 -1.348
21.375 75.625 -0.37577
21.375 75.875 -0.98632
21.375 76.125 -0.26516
21.375 76.375 -1.3062
21.375 76.625 -1.1481
21.375 76.875 -1.3006
21.375 77.125 -1.3457
21.375 77.375 -1.4216
21.375 77.625 -1.1868
21.375 77.875 -1.1534
21.375 78.125 -1.2186
21.375 78.375 -1.7592
21.375 78.625 -1.496
21.375 78.875 -1.1706
21.375 79.125 -1.3205
21.375 79.375 -0.23366
21.375 79.625 0.88805
21.375 79.875 0.84143
21.375 80.125 -0.3666
21.375 80.375 -0.6264
21.375 80.625 -0.45429
21.375 80.875 -0.75715
21.375 81.125 0.29386
21.375 81.375 1.4535
21.375 81.625 1.5459
21.375 81.875 1.6636
21.375 82.125 1.1129
21.375 82.375 1.1431
21.375 82.625 0.91417
21.375 82.875 0.81866
21.375 83.125 1.1319
21.375 83.375 1.5318
21.375 83.625 1.3547
21.375 83.875 1.7601
21.375 84.125 1.7057
21.375 84.375 1.8043
21.375 84.625 1.9135
21.375 84.875 1.6014
21.375 85.125 1.5888
21.375 85.375 1.6913
21.375 85.625 1.1415
21.375 85.875 1.6021
21.375 86.125 2.0127
21.375 86.375 1.834
21.375 86.625 1.6873
21.375 86.875 1.5888
21.625 69.875 0.096759
21.625 70.125 -0.62732
21.625 70.375 0.47869
21.625 70.625 0.62211
21.625 70.875 0.78653
21.625 71.125 0.59281
21.625 71.375 0.92522
21.625 71.625 0.98342
21.625 71.875 0.73598
21.625 72.125 0.68814
21.625 72.875 0.77819
21.625 73.125 1.1297
21.625 73.375 0.49803
21.625 73.625 -0.75255
21.625 73.875 -1.2286
21.625 74.125 -0.82864
21.625 74.375 -1.0783
21.625 74.625 -1.4907
21.625 74.875 -0.64762
21.625 75.125 -0.92311
21.625 75.375 -1.0467
21.625 75.625 -0.71738
21.625 75.875 -0.99983
21.625 76.125 -0.50589
21.625 76.375 -1.3424
21.625 76.625 -1.4972
21.625 76.875 -1.423
21.625 77.125 -1.1951
21.625 77.375 -1.0996
21.625 77.625 -1.607
21.625 77.875 -0.4897
21.625 78.125 -0.55273
21.625 78.375 -1.179
21.625 78.625 -1.1744
21.625 78.875 -1.4401
21.625 79.125 -1.6788
21.625 79.375 -0.87461
21.625 79.625 1.104
21.625 79.875 1.0366
21.625 80.125 0.43388
21.625 80.375 1.3235
21.625 80.625 -1.2659
21.625 80.875 -0.41607
21.625 81.125 -0.96828
21.625 81.375 0.4071
21.625 81.625 1.0415
21.625 81.875 1.6429
21.625 82.125 1.5358
21.625 82.375 0.94024
21.625 82.625 0.92942
21.625 82.875 0.24806
21.625 83.125 0.64792
21.625 83.375 0.80257
21.625 83.625 1.3554
21.625 83.875 1.4788
21.625 84.125 1.6799
21.625 84.375 1.8964
21.625 84.625 1.8385
21.625 84.875 1.7778
21.625 85.125 1.4491
21.625 85.375 1.7151
21.625 85.625 2.0406
21.625 85.875 1.94
21.625 86.125 1.9882
21.625 86.375 1.9692
21.625 86.625 1.5234
21.625 86.875 1.1456
21.625 87.125 0.94417
NaN NaN NaN
NaN NaN NaN
21.875 69.625 -0.85053
21.875 69.875 0.11584
21.875 70.125 -0.16108
21.875 70.375 0.67675
21.875 70.625 0.86945
21.875 70.875 0.60745
21.875 71.125 0.22243
21.875 71.375 0.83179
21.875 71.625 1.1357
21.875 71.875 0.56699
21.875 72.125 0.53756
NaN NaN NaN
21.875 72.875 -0.76984
21.875 73.125 0.44981
21.875 73.375 -0.4751
21.875 73.625 -0.72833
21.875 73.875 -1.2413
21.875 74.125 -1.7711
21.875 74.375 -1.4797
21.875 74.625 -0.99032
21.875 74.875 -0.84619
21.875 75.125 -0.94884
21.875 75.375 -0.44782
21.875 75.625 -0.12521
21.875 75.875 -0.80795
21.875 76.125 -0.74649
21.875 76.375 -1.0519
21.875 76.625 -1.1213
21.875 76.875 -1.078
21.875 77.125 -1.0348
21.875 77.375 -0.75922
21.875 77.625 -1.508
21.875 77.875 -1.4612
21.875 78.125 -0.60169
21.875 78.375 -0.057408
21.875 78.625 -0.27699
21.875 78.875 -0.61209
21.875 79.125 -0.96887
21.875 79.375 -0.50784
21.875 79.625 0.98145
21.875 79.875 0.79634
21.875 80.125 1.9967
21.875 80.375 2.1241
21.875 80.625 1.215
21.875 80.875 0.61448
21.875 81.125 -0.55152
21.875 81.375 0.62688
21.875 81.625 1.7486
21.875 81.875 1.4509
21.875 82.125 2.2071
21.875 82.375 1.6694
21.875 82.625 -0.096599
21.875 82.875 -0.10779
21.875 83.125 0.51786
21.875 83.375 1.1232
21.875 83.625 0.68955
21.875 83.875 1.7273
21.875 84.125 1.7986
21.875 84.375 2.1993
21.875 84.625 1.987
21.875 84.875 1.9129
21.875 85.125 2.1901
21.875 85.375 1.8474
21.875 85.625 2.0332
21.875 85.875 2.0025
21.875 86.125 1.8836
21.875 86.375 2.0172
21.875 86.625 1.6042
21.875 86.875 1.5108
21.875 87.125 1.1025
21.875 87.375 1.1762
21.875 87.625 1.9612
21.875 87.875 1.7181
21.875 88.375 0.84781
NaN NaN NaN
NaN NaN NaN
22.125 69.125 -1.0221
22.125 69.375 -1.277
22.125 69.625 -0.83822
22.125 69.875 -0.24982
22.125 70.125 -0.26613
22.125 70.375 0.16571
22.125 70.625 0.80522
22.125 70.875 0.9365
22.125 71.125 -0.15635
22.125 71.375 0.97422
22.125 71.625 1.241
22.125 71.875 0.28546
22.125 72.125 0.19387
NaN NaN NaN
22.125 72.875 -0.44617
22.125 73.125 -1.0392
22.125 73.375 -0.97117
22.125 73.625 -0.77698
22.125 73.875 -1.144
22.125 74.125 -1.0688
22.125 74.375 -1.504
22.125 74.625 -1.4592
22.125 74.875 -0.54993
22.125 75.125 -0.83779
22.125 75.375 -1.1911
22.125 75.625 -0.95038
22.125 75.875 -0.77877
22.125 76.125 -0.89774
22.125 76.375 -1.1552
22.125 76.625 -1.1094
22.125 76.875 -1.1613
22.125 77.125 -0.85925
22.125 77.375 -1.1986
22.125 77.625 -1.9663
22.125 77.875 -1.3673
22.125 78.125 -1.0629
22.125 78.375 -1.1981
22.125 78.625 0.039876
22.125 78.875 0.12304
22.125 79.125 -0.40943
22.125 79.375 -0.80056
22.125 79.625 -0.56066
22.125 79.875 1.3979
22.125 80.125 1.9001
22.125 80.375 1.7766
22.125 80.625 1.4021
22.125 80.875 0.70166
22.125 81.125 -0.41659
22.125 81.375 1.9913
22.125 81.625 0.72761
22.125 81.875 1.3284
22.125 82.125 1.5201
22.125 82.375 1.659
22.125 82.625 -0.28274
22.125 82.875 -0.64933
22.125 83.125 0.20195
22.125 83.375 1.423
22.125 83.625 1.4811
22.125 83.875 1.4504
22.125 84.125 1.7687
22.125 84.375 2.0868
22.125 84.625 2.1378
22.125 84.875 2.2
22.125 85.125 2.1287
22.125 85.375 1.9617
22.125 85.625 1.2726
22.125 85.875 1.4776
22.125 86.125 1.7905
22.125 86.375 1.6486
22.125 86.625 1.0026
22.125 86.875 1.092
22.125 87.125 1.1132
22.125 87.375 0.46742
22.125 87.625 0.85475
22.125 87.875 1.1809
22.125 88.125 1.0134
22.125 88.375 0.89687
NaN NaN NaN
22.375 69.125 -0.29866
22.375 69.875 0.30459
22.375 70.125 0.037366
22.375 70.375 0.14554
22.375 70.625 0.84491
22.375 70.875 0.98238
22.375 71.125 0.90058
22.375 71.375 0.76051
22.375 71.625 0.56364
22.375 71.875 0.83019
22.375 72.125 0.9669
NaN NaN NaN
22.375 72.875 -0.67666
22.375 73.125 -0.57023
22.375 73.375 -0.69026
22.375 73.625 -0.10574
22.375 73.875 -0.49758
22.375 74.125 -1.0896
22.375 74.375 -1.1423
22.375 74.625 -1.3484
22.375 74.875 -1.2597
22.375 75.125 -1.1789
22.375 75.375 -1.2839
22.375 75.625 -1.4192
22.375 75.875 -0.80596
22.375 76.125 -0.7324
22.375 76.375 -0.99233
22.375 76.625 -0.12547
22.375 76.875 -1.2442
22.375 77.125 -1.0643
22.375 77.375 -1.3725
22.375 77.625 -1.6009
22.375 77.875 -0.4392
22.375 78.125 -0.45768
22.375 78.375 -0.88983
22.375 78.625 -0.32407
22.375 78.875 0.38995
22.375 79.125 0.22056
22.375 79.375 0.22069
22.375 79.625 0.20031
22.375 79.875 1.1259
22.375 80.125 1.1504
22.375 80.375 1.2078
22.375 80.625 1.3896
22.375 80.875 1.1859
22.375 81.125 1.4712
22.375 81.375 2.0542
22.375 81.625 1.4428
22.375 81.875 1.5765
22.375 82.125 0.58292
22.375 82.375 1.3626
22.375 82.625 -0.35549
22.375 82.875 -0.84705
22.375 83.125 -0.73688
22.375 83.375 -1.1542
22.375 83.625 -1.3199
22.375 83.875 0.94219
22.375 84.125 1.1298
22.375 84.375 1.8358
22.375 84.625 2.0259
22.375 84.875 1.9738
22.375 85.125 1.828
22.375 85.375 1.6437
22.375 85.625 1.5876
22.375 85.875 1.8695
22.375 86.125 1.7763
22.375 86.375 0.99861
22.375 86.625 0.69147
22.375 86.875 0.97227
22.375 87.125 1.0726
22.375 87.375 -0.15427
22.375 87.625 -0.16124
22.375 87.875 0.71857
22.375 88.125 0.013088
22.375 88.375 0.47476
22.375 88.625 0.53231
22.375 88.875 0.49975
NaN NaN NaN
22.625 70.375 0.34696
22.625 70.625 1.1443
22.625 70.875 0.96436
22.625 71.125 0.74171
22.625 71.375 0.67166
22.625 71.625 0.52161
22.625 71.875 0.40421
22.625 72.125 0.39225
22.625 72.375 0.94977
22.625 72.625 1.552
22.625 72.875 -0.29543
22.625 73.125 -0.59475
22.625 73.375 -0.40491
22.625 73.625 -1.0173
22.625 73.875 -0.79429
22.625 74.125 -0.80986
22.625 74.375 -0.77599
22.625 74.625 -1.0782
22.625 74.875 -1.2229
22.625 75.125 -1.0973
22.625 75.375 -1.3585
22.625 75.625 -1.3656
22.625 75.875 -1.0029
22.625 76.125 -0.7143
22.625 76.375 -0.91356
22.625 76.625 -0.30585
22.625 76.875 -0.50057
22.625 77.125 -1.2215
22.625 77.375 -1.4187
22.625 77.625 -1.4979
22.625 77.875 0.053242
22.625 78.125 0.068896
22.625 78.375 0.053444
22.625 78.625 0.95097
22.625 78.875 0.66152
22.625 79.125 0.5256
22.625 79.375 0.56099
22.625 79.625 0.65516
22.625 79.875 1.1765
22.625 80.125 0.82489
22.625 80.375 0.29632
22.625 80.625 0.50377
22.625 80.875 0.687
22.625 81.125 1.3506
22.625 81.375 2.0841
22.625 81.625 1.8329
22.625 81.875 1.4746
22.625 82.125 0.48258
22.625 82.375 -0.59701
22.625 82.625 -0.77758
22.625 82.875 -1.1648
22.625 83.125 -1.4603
22.625 83.375 0.42271
22.625 83.625 0.64461
22.625 83.875 -1.3726
22.625 84.125 0.27311
22.625 84.375 0.54003
22.625 84.625 1.6503
22.625 84.875 1.9683
22.625 85.125 1.8027
22.625 85.375 1.4419
22.625 85.625 1.9414
22.625 85.875 1.683
22.625 86.125 1.7794
22.625 86.375 1.1548
22.625 86.625 0.26955
22.625 86.875 0.52262
22.625 87.125 0.68309
22.625 87.375 0.1102
22.625 87.625 0.42611
22.625 87.875 0.71226
22.625 88.125 0.7502
22.625 88.375 0.44481
22.625 88.625 0.45736
22.625 88.875 0.49982
22.625 92.625 0.32289
22.625 92.875 1.6919
NaN NaN NaN
NaN NaN NaN
NaN NaN NaN
22.875 70.625 1.2914
22.875 70.875 0.96019
22.875 71.125 0.62409
22.875 71.375 0.52648
22.875 71.625 0.61771
22.875 71.875 0.67695
22.875 72.125 -0.0227
22.875 72.375 0.4209
22.875 72.625 0.74792
22.875 72.875 0.10204
22.875 73.125 0.12293
22.875 73.375 -0.13314
22.875 73.625 -0.92836
22.875 73.875 -1.2827
22.875 74.125 -0.9188
22.875 74.375 -0.8985
22.875 74.625 -0.938
22.875 74.875 -0.92571
22.875 75.125 -0.96287
22.875 75.375 -0.90842
22.875 75.625 -1.3249
22.875 75.875 -1.3894
22.875 76.125 -1.2382
22.875 76.375 -1.1565
22.875 76.625 -1.3637
22.875 76.875 -1.0888
22.875 77.125 -0.59308
22.875 77.375 -1.7404
22.875 77.625 -1.7204
22.875 77.875 -0.70549
22.875 78.125 0.086329
22.875 78.375 0.64634
22.875 78.625 0.91486
22.875 78.875 1.2169
22.875 79.125 1.1019
22.875 79.375 0.17526
22.875 79.625 -0.093227
22.875 79.875 1.3796
22.875 80.125 0.80037
22.875 80.375 0.38489
22.875 80.625 0.52429
22.875 80.875 0.93185
22.875 81.125 1.4207
22.875 81.375 0.72215
22.875 81.625 0.93925
22.875 81.875 0.58183
22.875 82.125 -0.18025
22.875 82.375 -0.13284
22.875 82.625 -0.43299
22.875 82.875 -0.19572
22.875 83.125 -1.4304
22.875 83.375 0.57999
22.875 83.625 1.3939
22.875 83.875 -0.56121
22.875 84.125 -1.0475
22.875 84.375 0.069101
22.875 84.625 1.583
22.875 84.875 2.0683
22.875 85.125 1.934
22.875 85.375 2.0721
22.875 85.625 1.4415
22.875 85.875 1.0742
22.875 86.125 0.90462
22.875 86.375 1.3474
22.875 86.625 1.0618
22.875 86.875 0.74982
22.875 87.125 0.37856
22.875 87.375 0.35691
22.875 87.625 0.31214
22.875 87.875 -0.2056
22.875 88.125 0.43845
22.875 88.375 0.86669
22.875 88.625 0.90814
22.875 92.625 0.6458
22.875 92.875 1.1478
23.125 68.875 0.014285
23.125 69.125 0.27331
23.125 69.375 0.4205
23.125 69.625 0.45511
23.125 69.875 0.34337
23.125 70.125 0.48846
23.125 70.875 0.84942
23.125 71.125 0.68009
23.125 71.375 0.49055
23.125 71.625 0.7055
23.125 71.875 0.58674
23.125 72.125 1.1431
23.125 72.375 0.16611
23.125 72.625 0.21163
23.125 72.875 -0.18981
23.125 73.125 -0.54569
23.125 73.375 0.059598
23.125 73.625 -0.12535
23.125 73.875 -1.2557
23.125 74.125 -1.0284
23.125 74.375 -0.90063
23.125 74.625 -1.0598
23.125 74.875 -0.64859
23.125 75.125 -0.46839
23.125 75.375 -0.99633
23.125 75.625 -1.0383
23.125 75.875 -1.0996
23.125 76.125 -0.74229
23.125 76.375 -0.55969
23.125 76.625 -0.96272
23.125 76.875 -0.47276
23.125 77.125 0.033854
23.125 77.375 -0.90542
23.125 77.625 -0.57391
23.125 77.875 -0.034693
23.125 78.125 -0.10327
23.125 78.375 -0.10845
23.125 78.625 -0.70214
23.125 78.875 0.10543
23.125 79.125 0.88825
23.125 79.375 0.93244
23.125 79.625 -0.2512
23.125 79.875 0.56758
23.125 80.125 0.62267
23.125 80.375 0.20813
23.125 80.625 1.2326
23.125 80.875 1.7556
23.125 81.125 2.2112
23.125 81.375 2.2874
23.125 81.625 1.1269
23.125 81.875 0.60094
23.125 82.125 -0.38415
23.125 82.375 0.20279
23.125 82.625 0.98174
23.125 82.875 0.23348
23.125 83.125 0.78322
23.125 83.375 2.1088
23.125 83.625 2.2678
23.125 83.875 1.8807
23.125 84.125 -0.045112
23.125 84.375 -0.017142
23.125 84.625 -0.27254
23.125 84.875 0.67551
23.125 85.125 1.2327
23.125 85.375 1.671
23.125 85.625 1.1225
23.125 85.875 -0.37293
23.125 86.125 -0.14461
23.125 86.375 1.1067
23.125 86.625 0.82573
23.125 86.875 1.1419
23.125 87.125 0.63529
23.125 87.375 0.16266
23.125 87.625 -0.80754
23.125 87.875 -1.2056
23.125 88.125 -1.142
23.125 88.375 0.27463
23.125 88.625 0.79479
NaN NaN NaN
23.125 92.625 0.20302
23.125 92.875 -0.025965
NaN NaN NaN
23.375 68.875 0.18658
23.375 69.125 0.23101
23.375 69.375 0.32613
23.375 69.625 0.46967
23.375 69.875 0.43723
23.375 70.125 0.71642
23.375 70.375 1.074
23.375 70.625 0.83315
23.375 70.875 0.79557
23.375 71.125 0.82752
23.375 71.375 0.53808
23.375 71.625 0.2217
23.375 71.875 0.49059
23.375 72.125 0.12288
23.375 72.375 0.13649
23.375 72.625 0.11172
23.375 72.875 0.0089282
23.375 73.125 -0.13229
23.375 73.375 -0.023032
23.375 73.625 -0.28246
23.375 73.875 -0.69446
23.375 74.125 -0.76569
23.375 74.375 -0.47585
23.375 74.625 -0.43495
23.375 74.875 -0.3244
23.375 75.125 -0.26292
23.375 75.375 -0.37329
23.375 75.625 -0.9895
23.375 75.875 -0.62651
23.375 76.125 0.57873
23.375 76.375 0.0090766
23.375 76.625 -0.66772
23.375 76.875 -0.55083
23.375 77.125 -0.35508
23.375 77.375 -0.68164
23.375 77.625 -1.1078
23.375 77.875 0.24578
23.375 78.125 -0.48351
23.375 78.375 -0.89961
23.375 78.625 -0.47612
23.375 78.875 0.5415
23.375 79.125 0.55734
23.375 79.375 -0.10868
23.375 79.625 1.4615
23.375 79.875 1.0499
23.375 80.125 0.39851
23.375 80.375 1.0196
23.375 80.625 1.466
23.375 80.875 1.7668
23.375 81.125 2.258
23.375 81.375 2.1168
23.375 81.625 1.7823
23.375 81.875 0.80582
23.375 82.125 1.0147
23.375 82.375 1.9535
23.375 82.625 1.5743
23.375 82.875 1.1495
23.375 83.125 1.8929
23.375 83.375 2.1236
23.375 83.625 2.2704
23.375 83.875 1.9747
23.375 84.125 -0.57821
23.375 84.375 0.36614
23.375 84.625 -0.67122
23.375 84.875 0.67356
23.375 85.125 1.1979
23.375 85.375 1.0277
23.375 85.625 1.37
23.375 85.875 0.25219
23.375 86.125 0.039564
23.375 86.375 0.6066
23.375 86.625 1.0989
23.375 86.875 0.9439
23.375 87.125 0.76867
23.375 87.375 -0.011497
23.375 87.625 -1.3418
23.375 87.875 -1.0921
23.375 88.125 -0.3678
23.375 88.375 -0.50408
23.375 88.625 -0.25752
23.375 91.375 -1.0997
23.375 91.625 0.61843
23.375 92.625 -0.0040452
23.375 92.875 -0.35885
23.375 93.125 -1.2142
23.625 68.625 0.34838
23.625 68.875 0.28528
23.625 69.125 0.23284
23.625 69.375 0.35471
23.625 69.625 0.39694
23.625 69.875 0.60211
23.625 70.125 0.88269
23.625 70.375 0.78501
23.625 70.625 0.58878
23.625 70.875 0.79277
23.625 71.125 0.78969
23.625 71.375 1.0896
23.625 71.625 0.025643
23.625 71.875 -0.27708
23.625 72.125 -0.59505
23.625 72.375 -0.48708
23.625 72.625 -0.34127
23.625 72.875 -0.5452
23.625 73.125 -0.50746
23.625 73.375 -0.40981
23.625 73.625 -0.35695
23.625 73.875 -0.11939
23.625 74.125 0.23804
23.625 74.375 0.15017
23.625 74.625 -0.14298
23.625 74.875 -0.32984
23.625 75.125 -0.8168
23.625 75.375 0.11014
23.625 75.625 -0.36537
23.625 75.875 0.55218
23.625 76.125 1.0334
23.625 76.375 0.88767
23.625 76.625 -0.10151
23.625 76.875 -1.0332
23.625 77.125 -0.30175
23.625 77.375 -0.43487
23.625 77.625 -0.54529
23.625 77.875 0.041408
23.625 78.125 -0.12568
23.625 78.375 -0.5579
23.625 78.625 0.16684
23.625 78.875 0.4837
23.625 79.125 0.45981
23.625 79.375 0.27936
23.625 79.625 0.52891
23.625 79.875 1.535
23.625 80.125 0.024522
23.625 80.375 0.88961
23.625 80.625 1.4118
23.625 80.875 1.8547
23.625 81.125 2.1113
23.625 81.375 1.8753
23.625 81.625 2.1546
23.625 81.875 1.8316
23.625 82.125 1.4914
23.625 82.375 2.1231
23.625 82.625 2.0726
23.625 82.875 1.8855
23.625 83.125 1.8545
23.625 83.375 1.8776
23.625 83.625 1.6647
23.625 83.875 1.1326
23.625 84.125 1.0083
23.625 84.375 1.0601
23.625 84.625 1.0266
23.625 84.875 1.1111
23.625 85.125 1.0303
23.625 85.375 0.66659
23.625 85.625 1.14
23.625 85.875 1.6113
23.625 86.125 -1.4469
23.625 86.375 0.54388
23.625 86.625 1.5494
23.625 86.875 0.45529
23.625 87.125 0.35467
23.625 87.375 -1.4243
23.625 87.625 0.006653
23.625 87.875 -1.8126
23.625 88.125 -1.0234
23.625 88.375 -1.0182
23.625 91.375 -0.031531
23.625 91.625 0.74785
NaN NaN NaN
23.625 92.375 -0.7982
23.625 92.625 -0.073784
23.625 92.875 -0.43557
23.625 93.125 -1.5739
23.875 68.875 0.28976
23.875 69.125 0.224
23.875 69.375 0.29328
23.875 69.625 0.40287
23.875 69.875 0.788
23.875 70.125 0.67969
23.875 70.375 0.66637
23.875 70.625 0.60354
23.875 70.875 0.78646
23.875 71.125 0.57045
23.875 71.375 1.0025
23.875 71.625 0.97316
23.875 71.875 -0.021037
23.875 72.125 -0.21564
23.875 72.375 -0.17452
23.875 72.625 -0.48741
23.875 72.875 -0.416
23.875 73.125 -0.48322
23.875 73.375 -0.36404
23.875 73.625 0.16999
23.875 73.875 0.23028
23.875 74.125 0.025631
23.875 74.375 0.14888
23.875 74.625 0.065202
23.875 74.875 0.08881
23.875 75.125 -0.077209
23.875 75.375 0.56774
23.875 75.625 0.023433
23.875 75.875 0.82516
23.875 76.125 1.4207
23.875 76.375 1.0077
23.875 76.625 0.40891
23.875 76.875 0.43887
23.875 77.125 0.94487
23.875 77.375 0.29
23.875 77.625 0.069968
23.875 77.875 0.55389
23.875 78.125 0.48592
23.875 78.375 0.053373
23.875 78.625 -0.12682
23.875 78.875 0.40151
23.875 79.125 0.71691
23.875 79.375 1.3222
23.875 79.625 0.96367
23.875 79.875 0.46267
23.875 80.125 0.80648
23.875 80.375 0.46956
23.875 80.625 1.1794
23.875 80.875 1.6497
23.875 81.125 1.7278
23.875 81.375 1.8875
23.875 81.625 2.2841
23.875 81.875 2.1624
23.875 82.125 1.6044
23.875 82.375 1.9541
23.875 82.625 1.7967
23.875 82.875 1.4918
23.875 83.125 0.80852
23.875 83.375 0.51541
23.875 83.625 0.73388
23.875 83.875 0.95835
23.875 84.125 0.50604
23.875 84.375 0.37568
23.875 84.625 -0.057271
23.875 84.875 -0.083205
23.875 85.125 -0.93052
23.875 85.375 -0.3894
23.875 85.625 0.16444
23.875 85.875 -0.2919
23.875 86.125 0.27835
23.875 86.375 0.66573
23.875 86.625 0.33904
23.875 86.875 0.076939
23.875 87.125 0.20017
23.875 87.375 -0.89914
23.875 87.625 -1.3563
23.875 87.875 -1.4242
23.875 88.125 -1.7891
23.875 88.375 -1.8584
23.875 91.375 0.46695
23.875 91.625 0.68285
23.875 91.875 1.1207
23.875 92.125 0.82101
23.875 92.375 -0.45396
23.875 92.625 -0.038102
23.875 92.875 -1.0424
23.875 93.125 -1.8987
23.875 93.375 -1.8415
24.125 68.875 0.28491
24.125 69.125 0.24754
24.125 69.375 0.28607
24.125 69.625 0.58245
24.125 69.875 0.88594
24.125 70.125 0.70505
24.125 70.375 0.61877
24.125 70.625 0.38503
24.125 70.875 0.38609
24.125 71.125 0.40134
24.125 71.375 0.073837
24.125 71.625 -0.10646
24.125 71.875 -0.23583
24.125 72.125 -0.011703
24.125 72.375 -0.11842
24.125 72.625 0.013174
24.125 72.875 -0.15496
24.125 73.125 -0.62087
24.125 73.375 -0.77287
24.125 73.625 0.16858
24.125 73.875 0.022495
24.125 74.125 -0.30507
24.125 74.375 -0.093404
24.125 74.625 0.25188
24.125 74.875 -0.17013
24.125 75.125 -0.79165
24.125 75.375 0.38568
24.125 75.625 0.59313
24.125 75.875 0.81289
24.125 76.125 0.44938
24.125 76.375 0.83249
24.125 76.625 0.75617
24.125 76.875 0.92704
24.125 77.125 0.70885
24.125 77.375 0.42522
24.125 77.625 -1.1136
24.125 77.875 0.70379
24.125 78.125 1.2732
24.125 78.375 1.2584
24.125 78.625 -0.078313
24.125 78.875 -0.10883
24.125 79.125 0.15455
24.125 79.375 1.0074
24.125 79.625 0.65603
24.125 79.875 1.3096
24.125 80.125 1.1898
24.125 80.375 0.63214
24.125 80.625 1.4205
24.125 80.875 1.5276
24.125 81.125 0.83131
24.125 81.375 1.7955
24.125 81.625 1.8946
24.125 81.875 1.6759
24.125 82.125 1.7268
24.125 82.375 1.6548
24.125 82.625 1.177
24.125 82.875 0.33837
24.125 83.125 0.23266
24.125 83.375 -0.67553
24.125 83.625 -0.82937
24.125 83.875 0.33754
24.125 84.125 0.52759
24.125 84.375 0.11769
24.125 84.625 -0.19642
24.125 84.875 -0.64095
24.125 85.125 -0.99615
24.125 85.375 -0.60205
24.125 85.625 -0.71452
24.125 85.875 -0.47428
24.125 86.125 -0.26256
24.125 86.375 -0.30526
24.125 86.625 -0.12039
24.125 86.875 -0.35214
24.125 87.125 -0.35846
24.125 87.375 0.010467
24.125 87.625 -0.52646
24.125 87.875 -0.4593
24.125 88.125 -1.2074
24.125 88.375 -1.649
24.125 91.875 0.70289
24.125 92.125 0.21977
24.125 92.375 0.58812
24.125 92.625 0.076788
24.125 92.875 -0.87563
24.125 93.125 -2.0198
24.125 93.375 -1.3817
24.125 93.625 -0.88117
24.125 93.875 -0.76497
NaN NaN NaN
24.375 71.375 -0.22148
24.375 71.625 -0.093079
24.375 71.875 -0.27742
24.375 72.125 -0.055819
24.375 72.375 -0.33769
24.375 72.625 0.10716
24.375 72.875 -0.3165
24.375 73.125 -0.74023
24.375 73.375 -1.3639
24.375 73.625 -1.3562
24.375 73.875 -0.85358
24.375 74.125 -0.6477
24.375 74.375 -0.11695
24.375 74.625 -0.52433
24.375 74.875 -0.84826
24.375 75.125 -0.62579
24.375 75.375 0.22804
24.375 75.625 0.37601
24.375 75.875 0.89777
24.375 76.125 -0.62342
24.375 76.375 0.16938
24.375 76.625 0.70923
24.375 76.875 1.1396
24.375 77.125 0.78738
24.375 77.375 0.55538
24.375 77.625 -0.15356
24.375 77.875 0.11124
24.375 78.125 1.6272
24.375 78.375 1.2819
24.375 78.625 -0.073284
24.375 78.875 0.6277
24.375 79.125 0.52394
24.375 79.375 0.59771
24.375 79.625 1.0291
24.375 79.875 1.0389
24.375 80.125 0.94194
24.375 80.375 1.3836
24.375 80.625 1.4652
24.375 80.875 0.96581
24.375 81.125 0.89191
24.375 81.375 1.8395
24.375 81.625 1.9979
24.375 81.875 2.1467
24.375 82.125 1.5503
24.375 82.375 1.4029
24.375 82.625 1.3315
24.375 82.875 0.8992
24.375 83.125 0.42632
24.375 83.375 0.17132
24.375 83.625 -0.36601
24.375 83.875 0.36579
24.375 84.125 0.38309
24.375 84.375 0.70151
24.375 84.625 -0.93463
24.375 84.875 -0.41811
24.375 85.125 0.02736
24.375 85.375 -0.21275
24.375 85.625 -0.60309
24.375 85.875 -1.1384
24.375 86.125 -1.2216
24.375 86.375 -0.77155
24.375 86.625 -0.10905
24.375 86.875 -0.23415
24.375 87.125 -1.4127
24.375 87.375 -2.0351
24.375 87.625 -1.3353
24.375 87.875 -1.2788
24.375 88.125 -0.84674
24.375 92.375 -0.17836
24.375 92.625 -1.2092
24.375 92.875 -1.7713
24.375 93.125 -2.1441
24.375 93.375 -1.3449
24.375 93.625 -1.0763
24.375 93.875 -0.47107
24.375 94.125 0.011846
24.625 71.125 -0.2598
24.625 71.375 -0.17281
24.625 71.625 -0.072089
24.625 71.875 -0.64679
24.625 72.125 -0.86376
24.625 72.375 -0.58314
24.625 72.625 -0.50806
24.625 72.875 -0.45591
24.625 73.125 -0.88506
24.625 73.375 -1.1489
24.625 73.625 -1.3374
24.625 73.875 -1.2597
24.625 74.125 -0.99425
24.625 74.375 -0.47528
24.625 74.625 -0.35329
24.625 74.875 -0.52918
24.625 75.125 -0.94724
24.625 75.375 -0.36898
24.625 75.625 0.076922
24.625 75.875 -0.12621
24.625 76.125 -0.31377
24.625 76.375 -0.026142
24.625 76.625 0.043111
24.625 76.875 0.77847
24.625 77.125 0.72881
24.625 77.375 0.83369
24.625 77.625 0.098332
24.625 77.875 0.45437
24.625 78.125 1.2103
24.625 78.375 1.137
24.625 78.625 0.50639
24.625 78.875 0.76791
24.625 79.125 0.57205
24.625 79.375 0.62095
24.625 79.625 1.0806
24.625 79.875 1.3416
24.625 80.125 1.288
24.625 80.375 1.6223
24.625 80.625 1.8142
24.625 80.875 0.088508
24.625 81.125 0.47426
24.625 81.375 2.3129
24.625 81.625 2.3159
24.625 81.875 2.075
24.625 82.125 0.67484
24.625 82.375 1.0113
24.625 82.625 1.2746
24.625 82.875 1.0814
24.625 83.125 -0.20411
24.625 83.375 -0.40454
24.625 83.625 0.19916
24.625 83.875 -0.30825
24.625 84.125 0.89504
24.625 84.375 0.98241
24.625 84.625 -0.93432
24.625 84.875 -0.56039
24.625 85.125 -0.33647
24.625 85.375 -0.012154
24.625 85.625 -1.8219
24.625 85.875 -1.0496
24.625 86.125 -0.61242
24.625 86.375 0.027154
24.625 86.625 0.76656
24.625 86.875 0.71207
24.625 87.125 -1.7911
24.625 87.375 -1.8431
24.625 87.625 -1.1184
24.625 87.875 -0.78168
24.625 92.375 -1.1165
24.625 92.625 -1.6495
24.625 92.875 -1.9905
24.625 93.125 -0.85419
24.625 93.375 -0.011389
24.625 93.625 -0.74146
24.625 93.875 0.42017
24.625 94.125 0.61724
NaN NaN NaN
24.875 71.125 0.10404
24.875 71.375 -0.2901
24.875 71.625 -0.44812
24.875 71.875 -0.82393
24.875 72.125 -0.59547
24.875 72.375 -0.96637
24.875 72.625 -1.0227
24.875 72.875 -1.0003
24.875 73.125 -1.8204
24.875 73.375 -1.313
24.875 73.625 -1.3284
24.875 73.875 -0.6397
24.875 74.125 -0.44234
24.875 74.375 -0.42135
24.875 74.625 -0.32202
24.875 74.875 -0.4398
24.875 75.125 -1.1269
24.875 75.375 -1.1182
24.875 75.625 -0.24911
24.875 75.875 0.15655
24.875 76.125 -0.13054
24.875 76.375 -0.051815
24.875 76.625 0.18345
24.875 76.875 0.71425
24.875 77.125 1.1898
24.875 77.375 1.4311
24.875 77.625 0.76299
24.875 77.875 0.85819
24.875 78.125 1.0177
24.875 78.375 0.72253
24.875 78.625 0.22084
24.875 78.875 1.4384
24.875 79.125 0.88239
24.875 79.375 0.94235
24.875 79.625 1.2522
24.875 79.875 1.7505
24.875 80.125 1.3091
24.875 80.375 1.5766
24.875 80.625 1.8596
24.875 80.875 0.73538
24.875 81.125 1.0732
24.875 81.375 1.0652
24.875 81.625 1.9676
24.875 81.875 1.5945
24.875 82.125 0.23572
24.875 82.375 0.11761
24.875 82.625 1.5328
24.875 82.875 0.1506
24.875 83.125 -0.28974
24.875 83.375 -0.62906
24.875 83.625 0.29787
24.875 83.875 -0.21549
24.875 84.125 -0.10675
24.875 84.375 -0.82804
24.875 84.625 -1.1681
24.875 84.875 -0.79064
24.875 85.125 -0.1203
24.875 85.375 -0.66226
24.875 85.625 -0.20349
24.875 85.875 -0.60399
24.875 86.125 -0.74662
24.875 86.375 0.066864
24.875 86.625 -0.15051
24.875 86.875 -0.45288
24.875 87.125 -1.7088
24.875 87.375 -0.73675
24.875 87.625 -0.092314
24.875 87.875 -0.36197
24.875 88.125 -0.68318
24.875 92.625 -0.95117
24.875 92.875 -0.2929
24.875 93.125 1.28
24.875 93.375 -1.0206
24.875 93.625 0.19913
24.875 93.875 1.0691
24.875 94.125 0.60376
24.875 94.375 0.49938
25.125 71.125 0.14129
25.125 71.375 -0.17554
25.125 71.625 -0.51415
25.125 71.875 -1.1861
25.125 72.125 -0.81053
25.125 72.375 -0.70737
25.125 72.625 -0.91619
25.125 72.875 -1.1223
25.125 73.125 -1.2701
25.125 73.375 -1.1743
25.125 73.625 -0.64387
25.125 73.875 -0.58441
25.125 74.125 -0.43669
25.125 74.375 -0.81682
25.125 74.625 -0.92958
25.125 74.875 -0.63211
25.125 75.125 -0.97833
25.125 75.375 -0.022554
25.125 75.625 -0.1779
25.125 75.875 -0.95463
25.125 76.125 -0.36566
25.125 76.375 -0.25086
25.125 76.625 0.43693
25.125 76.875 0.65559
25.125 77.125 0.92731
25.125 77.375 1.0059
25.125 77.625 1.2745
25.125 77.875 1.3518
25.125 78.125 1.2347
25.125 78.375 1.0083
25.125 78.625 0.52439
25.125 78.875 0.33337
25.125 79.125 0.8797
25.125 79.375 1.2625
25.125 79.625 1.1718
25.125 79.875 1.4172
25.125 80.125 1.0907
25.125 80.375 1.5093
25.125 80.625 1.7303
25.125 80.875 1.398
25.125 81.125 0.12136
25.125 81.375 1.2979
25.125 81.625 0.45223
25.125 81.875 1.2646
25.125 82.125 1.0093
25.125 82.375 1.6921
25.125 82.625 1.5918
25.125 82.875 0.47088
25.125 83.125 -0.53629
25.125 83.375 -0.39466
25.125 83.625 0.1893
25.125 83.875 0.20814
25.125 84.125 0.32998
25.125 84.375 -0.12663
25.125 84.625 -0.91903
25.125 84.875 -0.65314
25.125 85.125 -0.015188
25.125 85.375 -1.2666
25.125 85.625 0.73501
25.125 85.875 0.50489
25.125 86.125 -0.60755
25.125 86.375 -0.07629
25.125 86.625 0.47573
25.125 86.875 -0.57935
25.125 87.125 -0.83723
25.125 87.375 -0.82643
25.125 87.625 -0.41788
25.125 87.875 -1.0393
25.125 88.125 -1.2216
25.125 88.375 -1.3341
25.125 92.375 -0.88009
25.125 92.625 -0.4948
25.125 92.875 0.10654
25.125 93.125 0.83482
25.125 93.375 -0.67664
25.125 93.625 -0.31476
25.125 93.875 0.49406
25.125 94.125 0.33606
25.125 94.375 0.40905
25.375 70.875 0.41947
25.375 71.125 0.11186
25.375 71.375 -0.074656
25.375 71.625 -0.3304
25.375 71.875 -0.72267
25.375 72.125 -0.34434
25.375 72.375 -0.61646
25.375 72.625 -0.85996
25.375 72.875 -1.086
25.375 73.125 -1.0542
25.375 73.375 -0.8133
25.375 73.625 -0.64938
25.375 73.875 -0.74365
25.375 74.125 -0.70924
25.375 74.375 -0.99232
25.375 74.625 -1.1422
25.375 74.875 -0.75493
25.375 75.125 -0.86839
25.375 75.375 0.13484
25.375 75.625 0.35525
25.375 75.875 -0.25667
25.375 76.125 -0.12788
25.375 76.375 0.16411
25.375 76.625 0.24483
25.375 76.875 0.64764
25.375 77.125 1.1992
25.375 77.375 1.1741
25.375 77.625 1.3133
25.375 77.875 1.3769
25.375 78.125 1.0192
25.375 78.375 0.96698
25.375 78.625 -0.35735
25.375 78.875 -1.1122
25.375 79.125 1.1309
25.375 79.375 1.9925
25.375 79.625 1.1917
25.375 79.875 1.3594
25.375 80.125 1.3824
25.375 80.375 1.7298
25.375 80.625 1.3846
25.375 80.875 -0.80815
25.375 81.125 -0.19797
25.375 81.375 1.4585
25.375 81.625 2.02
25.375 81.875 -0.15612
25.375 82.125 -0.90189
25.375 82.375 -1.027
25.375 82.625 -0.91343
25.375 82.875 -0.13126
25.375 83.125 -0.50912
25.375 83.375 1.0566
25.375 83.625 0.51583
25.375 83.875 0.97439
25.375 84.125 0.80972
25.375 84.375 0.032936
25.375 84.625 -0.26221
25.375 84.875 0.23118
25.375 85.125 -0.28069
25.375 85.375 -1.2735
25.375 85.625 -0.39194
25.375 85.875 1.1919
25.375 86.125 1.9903
25.375 86.375 0.51923
25.375 86.625 -1.193
25.375 86.875 -0.056286
25.375 87.125 -1.1951
25.375 87.375 -0.89818
25.375 87.625 -0.15047
25.375 87.875 -1.0608
25.375 88.125 -1.1078
25.375 88.375 -1.1626
25.375 88.625 -1.2687
25.375 90.125 -0.30495
25.375 90.375 -0.39801
25.375 90.625 0.34633
25.375 90.875 0.17362
25.375 91.125 0.4181
25.375 91.375 0.51937
25.375 91.625 -1.4805
25.375 91.875 -1.0637
25.375 92.125 -0.926
25.375 92.375 -0.72193
25.375 92.625 -0.94695
25.375 92.875 -0.053862
25.375 93.125 -0.32014
25.375 93.375 -0.57162
25.375 93.625 0.23614
25.375 93.875 0.027025
25.375 94.125 0.24296
25.375 94.375 0.69214
25.625 70.875 0.20225
25.625 71.125 -0.064251
25.625 71.375 -0.068585
25.625 71.625 -0.10941
25.625 71.875 0.022292
25.625 72.125 0.023278
25.625 72.375 -0.037828
25.625 72.625 -0.58199
25.625 72.875 -0.67725
25.625 73.125 -0.81176
25.625 73.375 -0.61423
25.625 73.625 -0.5622
25.625 73.875 -0.26395
25.625 74.125 -0.31049
25.625 74.375 -0.56728
25.625 74.625 -0.93582
25.625 74.875 0.33193
25.625 75.125 -0.58196
25.625 75.375 -0.32411
25.625 75.625 0.8517
25.625 75.875 0.45065
25.625 76.125 0.39429
25.625 76.375 0.2009
25.625 76.625 0.43492
25.625 76.875 1.8441
25.625 77.125 1.8443
25.625 77.375 1.4975
25.625 77.625 1.0637
25.625 77.875 0.62769
25.625 78.125 0.70338
25.625 78.375 0.34494
25.625 78.625 0.10259
25.625 78.875 -0.40106
25.625 79.125 1.8016
25.625 79.375 2.1169
25.625 79.625 1.2041
25.625 79.875 0.98516
25.625 80.125 1.2368
25.625 80.375 1.5514
25.625 80.625 -0.058903
25.625 80.875 -1.0897
25.625 81.125 1.6748
25.625 81.375 1.7853
25.625 81.625 0.62594
25.625 81.875 0.27625
25.625 82.125 -0.8129
25.625 82.375 0.55246
25.625 82.625 -0.79733
25.625 82.875 -0.45002
25.625 83.125 -0.24094
25.625 83.375 1.0956
25.625 83.625 0.67696
25.625 83.875 0.01284
25.625 84.125 -0.58747
25.625 84.375 -0.89443
25.625 84.625 0.1178
25.625 84.875 -0.33307
25.625 85.125 -0.62468
25.625 85.375 -1.125
25.625 85.625 -0.16722
25.625 85.875 0.10196
25.625 86.125 -0.29879
25.625 86.375 -0.6929
25.625 86.625 0.2181
25.625 86.875 0.48353
25.625 87.125 -0.83323
25.625 87.375 -0.979
25.625 87.625 -0.69008
25.625 87.875 -0.81783
25.625 88.125 -1.5686
25.625 90.125 0.53317
25.625 90.375 0.064301
25.625 90.625 -0.025389
25.625 90.875 0.95994
25.625 91.125 2.0305
25.625 91.375 1.4164
25.625 91.625 1.4003
25.625 91.875 -0.76529
25.625 92.125 -0.63507
25.625 92.375 -0.44618
25.625 92.625 -1.3968
25.625 92.875 -0.13512
25.625 93.125 -0.56608
25.625 93.375 -0.50695
25.625 93.625 -0.31676
25.625 93.875 0.91697
25.625 94.125 1.1651
25.625 94.375 1.0585
NaN NaN NaN
NaN NaN NaN
25.875 70.375 0.65459
25.875 70.625 0.49008
25.875 70.875 0.22909
25.875 71.125 0.19703
25.875 71.375 -0.011134
25.875 71.625 -0.14353
25.875 71.875 0.28517
25.875 72.125 0.48183
25.875 72.375 0.075536
25.875 72.625 -0.53636
25.875 72.875 -0.52986
25.875 73.125 -0.65887
25.875 73.375 -0.38849
25.875 73.625 -0.18612
25.875 73.875 -0.30356
25.875 74.125 -0.091869
25.875 74.375 -0.2919
25.875 74.625 0.25939
25.875 74.875 -0.04185
25.875 75.125 -0.54401
25.875 75.375 -0.84394
25.875 75.625 -0.20403
25.875 75.875 0.26484
25.875 76.125 0.082757
25.875 76.375 1.1721
25.875 76.625 1.0347
25.875 76.875 1.099
25.875 77.125 1.1479
25.875 77.375 0.9761
25.875 77.625 0.87139
25.875 77.875 0.015702
25.875 78.125 1.2501
25.875 78.375 0.94851
25.875 78.625 0.99063
25.875 78.875 0.59362
25.875 79.125 0.4714
25.875 79.375 0.55666
25.875 79.625 0.25868
25.875 79.875 0.90795
25.875 80.125 0.22024
25.875 80.375 0.80662
25.875 80.625 -0.056111
25.875 80.875 -0.94411
25.875 81.125 -1.2213
25.875 81.375 1.5675
25.875 81.625 0.4745
25.875 81.875 1.1456
25.875 82.125 -1.3023
25.875 82.375 0.076084
25.875 82.625 -0.13474
25.875 82.875 0.66799
25.875 83.125 -0.81636
25.875 83.375 -1.1771
25.875 83.625 0.69664
25.875 83.875 -0.60135
25.875 84.125 0.58928
25.875 84.375 -1.6104
25.875 84.625 -0.15107
25.875 84.875 -1.0743
25.875 85.125 -0.78846
25.875 85.375 -1.3727
25.875 85.625 0.07798
25.875 85.875 0.021906
25.875 86.125 -0.78732
25.875 86.375 -0.7607
25.875 86.625 0.84093
25.875 86.875 0.075102
25.875 87.125 -1.7757
25.875 87.375 -1.0817
25.875 87.625 -1.0753
25.875 87.875 -1.6003
25.875 90.125 -0.99526
25.875 90.375 -0.64936
25.875 90.625 0.19164
25.875 90.875 0.15905
25.875 91.125 0.56933
25.875 91.375 0.36303
25.875 91.625 -0.47654
25.875 91.875 -1.1744
25.875 92.125 -0.41542
25.875 92.375 -0.39544
25.875 92.625 -0.38031
25.875 92.875 -0.33645
25.875 93.125 -1.4759
25.875 93.375 -1.9483
25.875 93.625 -0.32433
25.875 93.875 1.8012
25.875 94.125 1.5054
25.875 94.375 1.2673
25.875 94.625 1.0695
25.875 94.875 0.87402
26.125 70.375 0.52457
26.125 70.625 0.17904
26.125 70.875 0.10513
26.125 71.125 0.37236
26.125 71.375 0.10771
26.125 71.625 0.14553
26.125 71.875 0.24812
26.125 72.125 0.31198
26.125 72.375 0.050762
26.125 72.625 -0.33509
26.125 72.875 -0.34052
26.125 73.125 -0.46228
26.125 73.375 -0.47411
26.125 73.625 0.35893
26.125 73.875 0.091186
26.125 74.125 -0.49803
26.125 74.375 -0.13925
26.125 74.625 -0.55793
26.125 74.875 0.17364
26.125 75.125 0.18006
26.125 75.375 -0.23249
26.125 75.625 -0.10409
26.125 75.875 -0.3034
26.125 76.125 -0.29595
26.125 76.375 0.86508
26.125 76.625 1.0025
26.125 76.875 0.4501
26.125 77.125 0.85735
26.125 77.375 0.43427
26.125 77.625 0.6345
26.125 77.875 0.29349
26.125 78.125 0.69244
26.125 78.375 1.6081
26.125 78.625 1.6333
26.125 78.875 1.23
26.125 79.125 1.1591
26.125 79.375 1.3669
26.125 79.625 -0.66342
26.125 79.875 -0.15287
26.125 80.125 0.78416
26.125 80.375 0.56062
26.125 80.625 -0.90441
26.125 80.875 1.2344
26.125 81.125 0.50272
26.125 81.375 -0.91739
26.125 81.625 1.1864
26.125 81.875 1.0796
26.125 82.125 -0.45621
26.125 82.375 -0.31822
26.125 82.625 0.12196
26.125 82.875 0.40387
26.125 83.125 -0.73615
26.125 83.375 -1.2207
26.125 83.625 -0.96194
26.125 83.875 0.18474
26.125 84.125 0.77682
26.125 84.375 -0.9196
26.125 84.625 -0.56731
26.125 84.875 -1.0291
26.125 85.125 0.75865
26.125 85.375 -1.8922
26.125 85.625 -0.38818
26.125 85.875 1.1759
26.125 86.125 -1.2891
26.125 86.375 -1.7853
26.125 86.625 -0.86687
26.125 86.875 -0.29303
26.125 87.125 -1.3062
26.125 87.375 -1.49
26.125 87.625 -1.1135
26.125 87.875 -1.1154
26.125 88.125 -1.5506
26.125 89.375 -1.7908
26.125 89.875 -1.1039
26.125 90.125 -1.1722
26.125 90.375 -0.83874
26.125 90.625 -0.093181
26.125 90.875 -0.83931
26.125 91.125 -0.39348
26.125 91.375 1.1093
26.125 91.625 -0.64882
26.125 91.875 -0.79071
26.125 92.125 -0.49136
26.125 92.375 -0.1689
26.125 92.625 0.28782
26.125 92.875 -0.8264
26.125 93.125 -1.3546
26.125 93.375 0.28762
26.125 93.625 1.1329
26.125 93.875 1.9621
26.125 94.125 1.531
26.125 94.375 1.0939
26.125 94.625 0.7336
26.125 94.875 0.52363
26.375 70.375 -0.53497
26.375 70.625 -0.49375
26.375 70.875 -0.61615
26.375 71.125 -0.37523
26.375 71.375 -0.20902
26.375 71.625 -0.04499
26.375 71.875 0.15049
26.375 72.125 0.27881
26.375 72.375 -0.029601
26.375 72.625 -0.49165
26.375 72.875 -0.40172
26.375 73.125 -0.74271
26.375 73.375 -0.83523
26.375 73.625 0.036598
26.375 73.875 0.042771
26.375 74.125 -0.41202
26.375 74.375 0.47331
26.375 74.625 -0.90106
26.375 74.875 -0.25642
26.375 75.125 0.16462
26.375 75.375 0.6034
26.375 75.625 -0.0076058
26.375 75.875 0.053662
26.375 76.125 0.24678
26.375 76.375 0.28159
26.375 76.625 0.72102
26.375 76.875 0.53598
26.375 77.125 0.64008
26.375 77.375 1.1948
26.375 77.625 0.74325
26.375 77.875 -0.4711
26.375 78.125 0.50549
26.375 78.375 1.091
26.375 78.625 2.0903
26.375 78.875 1.6271
26.375 79.125 1.7014
26.375 79.375 -0.86943
26.375 79.625 -1.3222
26.375 79.875 1.5561
26.375 80.125 1.8395
26.375 80.375 0.41251
26.375 80.625 -0.039645
26.375 80.875 0.72609
26.375 81.125 -0.052477
26.375 81.375 -1.496
26.375 81.625 -0.9828
26.375 81.875 -0.4143
26.375 82.125 -0.35917
26.375 82.375 0.32636
26.375 82.625 -0.23305
26.375 82.875 0.2803
26.375 83.125 -0.23561
26.375 83.375 -0.87779
26.375 83.625 -0.15925
26.375 83.875 -0.20223
26.375 84.125 0.84783
26.375 84.375 -1.0826
26.375 84.625 -0.75787
26.375 84.875 -1.707
26.375 85.125 -1.8711
26.375 85.375 -1.9166
26.375 85.625 -1.7362
26.375 85.875 -1.3652
26.375 86.125 -1.6729
26.375 86.375 -2.0099
26.375 86.625 -1.6449
26.375 86.875 -0.81163
26.375 87.125 -1.227
26.375 87.625 -1.501
26.375 87.875 -1.6619
26.375 88.125 -1.5434
26.375 88.375 -1.3289
26.375 88.875 -0.73298
26.375 89.375 -1.5885
26.375 89.625 -1.4758
26.375 89.875 -1.7704
26.375 90.125 -1.4548
26.375 90.375 -1.1002
26.375 90.625 -1.4522
26.375 90.875 -1.2726
26.375 91.125 -1.4091
26.375 91.375 -1.614
26.375 91.625 -1.1383
26.375 91.875 -0.4652
26.375 92.125 -0.35903
26.375 92.375 1.7048
26.375 92.625 2.012
26.375 92.875 0.29429
26.375 93.125 -0.43295
26.375 93.375 -0.22457
26.375 93.625 0.50093
26.375 93.875 1.8562
26.375 94.125 1.5752
26.375 94.375 0.47178
26.375 94.625 0.2347
26.375 94.875 0.11335
26.625 69.875 -0.62307
26.625 70.125 -0.6973
26.625 70.375 -0.78134
26.625 70.625 -0.17789
26.625 70.875 -0.26516
26.625 71.125 -0.36609
26.625 71.375 -0.45739
26.625 71.625 -0.26586
26.625 71.875 -0.040826
26.625 72.125 0.30674
26.625 72.375 -0.23963
26.625 72.625 -0.51491
26.625 72.875 -0.54349
26.625 73.125 -0.4933
26.625 73.375 -0.5427
26.625 73.625 -0.15623
26.625 73.875 -0.054839
26.625 74.125 -0.30895
26.625 74.375 0.081833
26.625 74.625 -0.16352
26.625 74.875 0.17013
26.625 75.125 -0.13813
26.625 75.375 0.48624
26.625 75.625 0.27662
26.625 75.875 -0.23559
26.625 76.125 0.89485
26.625 76.375 0.19059
26.625 76.625 0.26348
26.625 76.875 0.60725
26.625 77.125 0.9223
26.625 77.375 1.4634
26.625 77.625 1.0761
26.625 77.875 -0.90074
26.625 78.125 0.42762
26.625 78.375 1.6943
26.625 78.625 1.767
26.625 78.875 1.0571
26.625 79.125 -0.49135
26.625 79.375 0.74124
26.625 79.625 1.4325
26.625 79.875 0.74653
26.625 80.125 -0.92241
26.625 80.375 1.2345
26.625 80.625 0.15966
26.625 80.875 0.80267
26.625 81.125 1.2962
26.625 81.375 -0.1346
26.625 81.625 -0.13545
26.625 81.875 0.91812
26.625 82.125 -0.15886
26.625 82.375 1.3268
26.625 82.625 -1.3182
26.625 82.875 0.013954
26.625 83.125 0.092541
26.625 83.375 -0.64127
26.625 83.625 -0.72852
26.625 83.875 -0.808
26.625 84.125 2.02
26.625 84.375 -0.67085
26.625 84.625 -1.4071
26.625 84.875 -2.0971
26.625 85.125 -1.2989
26.625 85.375 -1.7221
26.625 85.625 -1.7437
26.625 86.125 -2.1334
26.625 88.375 -1.6363
26.625 88.625 -0.32081
26.625 88.875 -0.96031
26.625 89.125 -0.79657
26.625 89.375 -1.0739
26.625 89.625 -1.7885
26.625 89.875 -1.9273
26.625 90.125 -1.7934
26.625 90.375 -1.7882
26.625 90.625 -2.1456
26.625 90.875 -2.0687
26.625 91.125 -1.4863
26.625 91.375 -1.1301
26.625 91.625 -0.84908
26.625 91.875 -0.81567
26.625 92.125 0.92056
26.625 92.375 0.97512
26.625 92.625 -0.19269
26.625 92.875 -0.44086
26.625 93.125 -1.0285
26.625 93.375 -1.3501
26.625 93.625 0.93395
26.625 93.875 0.32825
26.625 94.125 -1.0225
26.625 94.375 -0.39511
26.625 94.625 -0.073431
26.625 94.875 0.45432
26.625 95.125 0.63459
26.875 69.625 -0.57714
26.875 69.875 -0.57195
26.875 70.125 -0.65202
26.875 70.375 -0.57839
26.875 70.625 -0.0077034
26.875 70.875 -0.11094
26.875 71.125 -0.30183
26.875 71.375 -0.65678
26.875 71.625 -0.45307
26.875 71.875 -0.18613
26.875 72.125 0.36396
26.875 72.375 0.044252
26.875 72.625 -0.32714
26.875 72.875 -0.10981
26.875 73.125 0.43468
26.875 73.375 0.24867
26.875 73.625 0.42148
26.875 73.875 0.56521
26.875 74.125 0.023342
26.875 74.375 0.30062
26.875 74.625 0.56473
26.875 74.875 0.86063
26.875 75.125 0.25561
26.875 75.375 0.048685
26.875 75.625 -0.53315
26.875 75.875 -0.084853
26.875 76.125 1.3449
26.875 76.375 0.49703
26.875 76.625 -0.017418
26.875 76.875 0.83891
26.875 77.125 0.86545
26.875 77.375 0.3208
26.875 77.625 0.9538
26.875 77.875 0.84492
26.875 78.125 0.47825
26.875 78.375 0.98181
26.875 78.625 1.3421
26.875 78.875 1.1983
26.875 79.125 1.3816
26.875 79.375 1.577
26.875 79.625 1.7216
26.875 79.875 1.4616
26.875 80.125 0.1882
26.875 80.375 0.8657
26.875 80.625 1.4123
26.875 80.875 1.0855
26.875 81.125 1.1575
26.875 81.375 0.8085
26.875 81.625 -0.60792
26.875 81.875 0.69373
26.875 82.125 0.91979
26.875 82.375 -0.83356
26.875 82.625 -0.19988
26.875 82.875 0.053181
26.875 83.125 -0.12862
26.875 83.375 -1.0268
26.875 83.625 -1.0012
26.875 83.875 -0.77398
26.875 84.125 1.1439
26.875 84.375 -1.296
26.875 84.625 -1.4582
26.875 84.875 -2.1095
26.875 88.375 -0.9142
26.875 88.625 -1.3629
26.875 88.875 -1.265
26.875 92.375 -0.86386
26.875 92.625 -0.83809
26.875 92.875 -0.84696
26.875 93.125 -0.43538
26.875 93.375 -1.3737
26.875 93.625 -1.6628
26.875 93.875 -1.409
26.875 94.125 -1.3927
26.875 94.375 0.16226
26.875 94.625 -0.21321
26.875 94.875 0.34843
26.875 95.125 0.61867
26.875 95.375 0.53773
26.875 95.625 -1.5899
27.125 69.875 -0.38695
27.125 70.125 -0.30912
27.125 70.375 -0.27116
27.125 70.625 -0.26045
27.125 70.875 -0.1056
27.125 71.125 -0.38321
27.125 71.375 -0.75122
27.125 71.625 -0.66832
27.125 71.875 0.4002
27.125 72.125 0.41534
27.125 72.375 0.26482
27.125 72.625 0.093488
27.125 72.875 -0.064033
27.125 73.125 0.20663
27.125 73.375 0.21717
27.125 73.625 0.36107
27.125 73.875 1.1101
27.125 74.125 0.80754
27.125 74.375 0.32479
27.125 74.625 0.34701
27.125 74.875 -0.30901
27.125 75.125 -0.31972
27.125 75.375 0.010275
27.125 75.625 0.40521
27.125 75.875 0.32251
27.125 76.125 0.35519
27.125 76.375 0.38506
27.125 76.625 0.84675
27.125 76.875 0.93332
27.125 77.125 1.6996
27.125 77.375 0.046589
27.125 77.625 1.0122
27.125 77.875 0.16624
27.125 78.125 1.2145
27.125 78.375 0.60733
27.125 78.625 -0.75241
27.125 78.875 0.46362
27.125 79.125 1.2498
27.125 79.375 0.4201
27.125 79.625 0.90274
27.125 79.875 0.98927
27.125 80.125 1.2062
27.125 80.375 1.5574
27.125 80.625 0.11213
27.125 80.875 -1.0695
27.125 81.125 1.7757
27.125 81.375 1.4507
27.125 81.625 0.67269
27.125 81.875 0.70465
27.125 82.125 0.65007
27.125 82.375 -0.42079
27.125 82.625 0.89927
27.125 82.875 0.51302
27.125 83.125 -0.2248
27.125 83.375 0.74888
27.125 83.625 0.67463
27.125 83.875 0.17584
27.125 84.125 -1.0815
27.125 84.375 -0.74188
27.125 84.625 -1.4971
27.125 88.125 -0.68474
27.125 88.375 -0.46388
27.125 88.625 -1.1599
27.125 92.125 -1.2602
27.125 92.375 -0.074377
27.125 92.625 -0.004425
27.125 92.875 -0.46062
27.125 93.125 -0.83214
27.125 93.375 -0.45043
27.125 93.625 -1.1056
27.125 93.875 0.4412
27.125 94.125 0.07832
27.125 94.375 0.16868
27.125 94.625 -1.0709
27.125 94.875 -1.0966
27.125 95.125 0.91248
27.125 95.375 0.26823
27.125 95.625 -1.949
27.125 95.875 -2.143
27.375 70.125 -0.2923
27.375 70.375 -0.28739
27.375 70.625 -0.30157
27.375 70.875 -0.21903
27.375 71.125 -0.657
27.375 71.375 -0.79839
27.375 71.625 -0.81045
27.375 71.875 0.27562
27.375 72.125 0.46619
27.375 72.375 0.33764
27.375 72.625 -0.17084
27.375 72.875 -0.2859
27.375 73.125 -0.21599
27.375 73.375 -0.14237
27.375 73.625 0.24455
27.375 73.875 0.63837
27.375 74.125 0.38711
27.375 74.375 0.30704
27.375 74.625 0.16391
27.375 74.875 0.18019
27.375 75.125 -0.21613
27.375 75.375 -0.19894
27.375 75.625 0.69624
27.375 75.875 0.76073
27.375 76.125 0.10108
27.375 76.375 0.27511
27.375 76.625 0.4615
27.375 76.875 1.2099
27.375 77.125 0.22254
27.375 77.375 -1.7623
27.375 77.625 0.053293
27.375 77.875 1.1287
27.375 78.125 1.5332
27.375 78.375 0.56912
27.375 78.625 0.77635
27.375 78.875 1.4117
27.375 79.125 1.6318
27.375 79.375 0.049453
27.375 79.625 -0.13451
27.375 79.875 1.0427
27.375 80.125 0.68411
27.375 80.375 0.57511
27.375 80.625 -1.5533
27.375 80.875 -1.8569
27.375 81.125 0.7744
27.375 81.375 0.76628
27.375 81.625 -0.48356
27.375 81.875 0.40879
27.375 82.125 0.38653
27.375 82.375 0.21304
27.375 82.625 0.90592
27.375 82.875 0.16448
27.375 83.125 -0.17419
27.375 83.625 0.51804
27.375 84.125 -0.090845
27.375 84.375 -0.99755
27.375 88.125 0.11602
27.375 88.375 -2.2298
27.375 88.625 -2.0838
27.375 92.125 -1.1018
27.375 92.375 -0.15113
27.375 92.625 -0.0021757
27.375 92.875 -0.57477
27.375 93.125 -1.5753
27.375 93.375 -1.7218
27.375 93.625 -0.092617
27.375 93.875 0.14405
27.375 94.125 -0.25742
27.375 94.375 -1.4131
27.375 94.625 -1.4317
27.375 94.875 -1.2795
27.375 95.125 -0.029945
27.375 95.375 -0.74172
27.375 95.625 -2.144
27.375 95.875 -1.6897
27.375 96.125 -2.2443
27.375 96.375 -1.6965
NaN NaN NaN
27.375 96.875 -0.4645
27.625 70.125 -0.28662
27.625 70.375 -0.30901
27.625 70.625 -0.28951
27.625 70.875 -0.48576
27.625 71.125 -0.76244
27.625 71.375 -0.57257
27.625 71.625 -0.39204
27.625 71.875 0.23916
27.625 72.125 0.4499
27.625 72.375 0.37986
27.625 72.625 -0.10333
27.625 72.875 -0.36312
27.625 73.125 -0.44831
27.625 73.375 -0.18861
27.625 73.625 0.10204
27.625 73.875 0.31387
27.625 74.125 0.37916
27.625 74.375 0.24184
27.625 74.625 0.091176
27.625 74.875 0.17591
27.625 75.125 -0.38647
27.625 75.375 -0.11985
27.625 75.625 0.45837
27.625 75.875 0.20108
27.625 76.125 0.074965
27.625 76.375 0.19031
27.625 76.625 1.2536
27.625 76.875 1.6139
27.625 77.125 -0.96249
27.625 77.375 -0.88959
27.625 77.625 -1.4081
27.625 77.875 0.061409
27.625 78.125 1.6378
27.625 78.375 1.2358
27.625 78.625 0.038094
27.625 78.875 1.2846
27.625 79.125 1.2034
27.625 79.375 -0.36831
27.625 79.625 0.38702
27.625 79.875 1.9002
27.625 80.125 1.4747
27.625 80.375 0.23961
27.625 80.625 -0.55709
27.625 80.875 -0.15505
27.625 81.125 1.0766
27.625 81.375 1.1198
27.625 81.625 0.1498
27.625 81.875 0.020349
27.625 82.125 0.24326
27.625 82.375 0.22867
27.625 82.625 0.69545
27.625 88.375 -2.1146
27.625 88.625 -2.2118
27.625 91.625 -0.96534
27.625 91.875 -1.1403
27.625 92.125 -0.85577
27.625 92.375 -0.32784
27.625 92.625 -0.25913
27.625 92.875 -0.8359
27.625 93.125 -1.2622
27.625 93.375 -1.4865
27.625 93.625 -1.7121
27.625 93.875 -2.1914
27.625 94.125 -2.0963
27.625 94.375 -1.4387
27.625 94.625 -1.753
27.625 94.875 -1.8778
27.625 95.125 -2.121
27.625 95.375 -2.1032
27.625 95.625 -2.1588
27.625 95.875 -1.9923
27.625 96.125 -1.9318
27.625 96.375 -1.9272
27.625 96.625 -0.47239
27.625 96.875 -0.4722
27.875 70.375 -0.29562
27.875 71.875 -0.031158
27.875 72.125 0.053111
27.875 72.375 0.026185
27.875 72.625 -0.035532
27.875 72.875 -0.14678
27.875 73.125 -0.051869
27.875 73.375 0.22452
27.875 73.625 0.17907
27.875 73.875 0.17027
27.875 74.125 0.07189
27.875 74.375 -0.20183
27.875 74.625 -0.29818
27.875 74.875 -0.14536
27.875 75.125 -0.037696
27.875 75.375 0.35876
27.875 75.625 0.50329
27.875 75.875 -0.31077
27.875 76.125 0.19615
27.875 76.375 0.47152
27.875 76.625 0.28337
27.875 76.875 0.53477
27.875 77.125 0.65442
27.875 77.375 -0.3368
27.875 77.625 -1.5296
27.875 77.875 0.32738
27.875 78.125 1.1181
27.875 78.375 2.0427
27.875 78.625 1.2451
27.875 78.875 0.55742
27.875 79.125 0.14573
27.875 79.375 0.82102
27.875 79.625 1.6351
27.875 79.875 2.0978
27.875 80.125 1.7415
27.875 80.375 0.61805
27.875 80.625 -0.074657
27.875 80.875 -0.41921
27.875 81.125 0.84436
27.875 81.375 1.4748
27.875 81.625 1.2159
27.875 88.375 0.11472
27.875 88.625 0.172
27.875 92.875 -1.2487
27.875 93.125 -1.2951
27.875 93.375 -1.4463
27.875 93.625 -1.761
27.875 93.875 -2.2664
27.875 94.125 -1.9703
27.875 94.375 -1.6059
27.875 94.625 -1.5832
27.875 94.875 -1.389
27.875 95.125 -1.4856
27.875 95.375 -2.0271
27.875 95.625 -2.1204
27.875 95.875 -2.2287
27.875 96.125 -1.9871
27.875 96.375 -2.1641
27.875 96.625 -0.48331
NaN NaN NaN
27.875 97.125 -0.47887
28.125 72.125 -0.35695
28.125 72.375 -0.6155
28.125 72.625 -0.13155
28.125 72.875 0.23037
28.125 73.125 0.62106
28.125 73.375 0.53326
28.125 73.625 0.1478
28.125 73.875 0.011398
28.125 74.125 -0.26229
28.125 74.375 -0.36458
28.125 74.625 -0.6816
28.125 74.875 -0.51763
28.125 75.125 0.12992
28.125 75.375 0.10214
28.125 75.625 0.49542
28.125 75.875 -0.34826
28.125 76.125 0.58069
28.125 76.375 -0.072482
28.125 76.625 1.0531
28.125 76.875 1.8362
28.125 77.125 0.60389
28.125 77.375 0.7439
28.125 77.625 0.2556
28.125 77.875 0.46972
28.125 78.125 1.6415
28.125 78.375 1.7255
28.125 78.625 0.75806
28.125 78.875 1.1962
28.125 79.125 0.91237
28.125 79.375 0.42487
28.125 79.625 0.71259
28.125 79.875 1.4329
28.125 80.125 1.1758
28.125 80.375 0.81161
28.125 80.625 0.71284
28.125 80.875 0.22596
28.125 81.125 0.32682
28.125 81.375 1.1599
28.125 92.875 -1.2162
28.125 93.125 -1.441
28.125 93.375 -1.5274
28.125 93.625 -1.7274
28.125 93.875 -2.0965
28.125 94.125 -1.5943
28.125 94.375 -1.2896
28.125 94.625 -1.5682
28.125 94.875 -1.52
28.125 95.125 -1.4149
28.125 95.375 -1.6143
28.125 95.625 -1.9388
28.125 95.875 -1.9581
28.125 96.125 -2.0926
28.125 96.375 -0.49256
NaN NaN NaN
NaN NaN NaN
NaN NaN NaN
28.375 72.375 -0.86909
28.375 72.625 -0.6659
28.375 72.875 -0.27946
28.375 73.125 0.27896
28.375 73.375 0.090204
28.375 73.625 -0.041229
28.375 73.875 -0.12135
28.375 74.125 -0.34203
28.375 74.375 -0.45515
28.375 74.625 -0.53803
28.375 74.875 -0.47936
28.375 75.125 -0.29535
28.375 75.375 0.10411
28.375 75.625 0.5004
28.375 75.875 0.47769
28.375 76.125 1.1135
28.375 76.375 0.44642
28.375 76.625 0.57253
28.375 76.875 0.88635
28.375 77.125 0.012959
28.375 77.375 0.049558
28.375 77.625 -0.052633
28.375 77.875 0.17541
28.375 78.125 1.5257
28.375 78.375 1.26
28.375 78.625 0.39259
28.375 78.875 -0.60493
28.375 79.125 1.0937
28.375 79.375 0.30861
28.375 79.625 -0.65187
28.375 79.875 0.034201
28.375 80.125 0.37951
28.375 80.375 0.65852
28.375 80.625 0.63329
28.375 80.875 0.40544
28.375 81.125 0.72521
28.375 93.375 -1.4725
28.375 93.625 -1.2923
28.375 93.875 -1.2723
28.375 94.125 -1.044
28.375 94.375 -0.92726
28.375 94.625 -0.98501
28.375 94.875 -1.3312
28.375 95.125 -1.3679
28.375 95.375 -1.321
28.375 95.625 -1.8269
28.375 95.875 -1.823
28.375 96.125 -2.0067
NaN NaN NaN
28.625 72.375 -0.89421
28.625 72.625 -0.63836
28.625 72.875 -0.39067
28.625 73.125 -0.021534
28.625 73.375 0.21552
28.625 73.625 0.19745
28.625 73.875 -0.25956
28.625 74.125 -0.53182
28.625 74.375 -0.70474
28.625 74.625 -0.48959
28.625 74.875 -0.3768
28.625 75.125 -0.38199
28.625 75.375 -0.1389
28.625 75.625 0.22385
28.625 75.875 0.31793
28.625 76.125 0.64483
28.625 76.375 0.38852
28.625 76.625 0.76919
28.625 76.875 0.41274
28.625 77.125 -0.72755
28.625 77.375 -0.34683
28.625 77.625 -0.38624
28.625 77.875 -0.58387
28.625 78.125 0.69113
28.625 78.375 1.2293
28.625 78.625 -0.80862
28.625 78.875 -0.31967
28.625 79.125 1.2562
28.625 79.375 -0.46848
28.625 79.625 0.026832
28.625 79.875 -0.57976
28.625 80.125 0.25041
28.625 80.375 0.77281
28.625 80.625 0.58862
28.625 93.625 -0.54984
28.625 93.875 0.086822
28.625 94.125 -0.68747
28.625 94.375 -0.64697
28.625 94.625 -0.71595
28.625 94.875 -0.87098
28.625 95.125 -1.2278
28.625 95.375 -1.1886
28.625 95.625 -1.6302
28.625 95.875 -1.7269
28.625 96.125 -0.93302
NaN NaN NaN
28.875 72.875 -0.42586
28.875 73.125 -0.14
28.875 73.375 0.32767
28.875 73.625 0.32324
28.875 73.875 -0.19962
28.875 74.125 -0.78276
28.875 74.375 -1.1638
28.875 74.625 -1.0159
28.875 74.875 -0.53608
28.875 75.125 -0.69611
28.875 75.375 -0.27176
28.875 75.625 -0.17379
28.875 75.875 0.16228
28.875 76.125 0.037261
28.875 76.375 -0.49011
28.875 76.625 -0.88606
28.875 76.875 -0.43199
28.875 77.125 0.29804
28.875 77.375 1.0196
28.875 77.625 1.1364
28.875 77.875 0.87214
28.875 78.125 0.43301
28.875 78.375 0.47427
28.875 78.625 -0.59983
28.875 78.875 -0.4305
28.875 79.125 0.95868
28.875 79.375 1.2623
28.875 79.625 0.78686
28.875 79.875 0.39705
28.875 94.125 -0.25102
28.875 94.375 -0.25301
28.875 94.625 -0.5607
28.875 94.875 -0.62063
28.875 95.125 -0.70994
28.875 95.375 -1.3283
28.875 95.625 -0.82042
28.875 95.875 -0.85173
28.875 96.125 -0.11003
NaN NaN NaN
29.125 73.125 -1.2722
29.125 73.375 0.55365
29.125 73.625 -0.20968
29.125 73.875 -0.10366
29.125 74.125 -0.42416
29.125 74.375 -1.0077
29.125 74.625 -1.1003
29.125 74.875 -1.1193
29.125 75.125 -0.48225
29.125 75.375 -0.28246
29.125 75.625 -0.33009
29.125 75.875 -1.0938
29.125 76.125 -1.2036
29.125 76.375 -1.2842
29.125 76.625 -0.66657
29.125 76.875 -1.2848
29.125 77.125 -0.23695
29.125 77.375 0.51484
29.125 77.625 1.4616
29.125 77.875 1.436
29.125 78.125 1.091
29.125 78.375 0.97287
29.125 78.625 1.259
29.125 78.875 -0.20206
29.125 79.125 1.0613
29.125 79.375 1.1641
29.125 79.625 -0.77913
29.125 79.875 -0.27183
29.125 80.125 0.048685
29.125 94.375 -0.23555
29.125 94.625 -0.21726
29.125 94.875 -0.16607
29.125 95.625 -0.81264
29.125 95.875 0.26967
29.125 96.125 NaN
29.375 73.375 -0.27948
29.375 73.625 -0.30523
29.375 73.875 0.017744
29.375 74.125 -0.035298
29.375 74.375 -0.60301
29.375 74.625 -0.58128
29.375 74.875 -0.34546
29.375 75.125 -0.19222
29.375 75.375 -0.49132
29.375 75.625 -0.93952
29.375 75.875 -1.921
29.375 76.125 -0.84774
29.375 76.375 -1.4106
29.375 76.625 -0.27303
29.375 76.875 -1.6371
29.375 77.125 -1.2935
29.375 77.375 1.079
29.375 77.625 1.3063
29.375 77.875 1.4406
29.375 78.125 0.47943
29.375 78.375 0.65013
29.375 78.625 -0.99849
29.375 78.875 -1.4641
29.375 79.125 -0.2109
29.375 79.375 1.9514
29.375 79.625 -1.0025
29.375 79.875 0.14688
29.375 80.125 0.627
NaN NaN NaN
29.625 73.375 -0.19131
29.625 73.625 -0.024026
29.625 73.875 0.17862
29.625 74.125 -0.064225
29.625 74.375 -1.0113
29.625 74.625 -1.344
29.625 74.875 -0.90948
29.625 75.125 -0.70458
29.625 75.375 -0.76047
29.625 75.625 0.33371
29.625 75.875 -1.0058
29.625 76.125 -0.64939
29.625 76.375 -0.79012
29.625 76.625 -0.53109
29.625 76.875 -0.55617
29.625 77.125 -0.86086
29.625 77.375 -0.18969
29.625 77.625 0.54649
29.625 77.875 0.36639
29.625 78.125 -0.13179
29.625 78.375 -1.1107
29.625 78.625 -1.9301
29.625 78.875 -1.728
29.625 79.125 -0.47634
29.625 79.375 1.1309
29.625 79.625 0.25106
29.625 79.875 0.6714
29.625 80.125 1.0117
29.875 73.625 0.022585
29.875 73.875 0.1143
29.875 74.125 -0.41839
29.875 74.375 -1.7987
29.875 74.625 -2.0519
29.875 74.875 -2.0199
29.875 75.125 -1.7276
29.875 75.375 -1.3318
29.875 75.625 -0.94001
29.875 75.875 -1.1017
29.875 76.125 -0.71229
29.875 76.375 -0.36941
29.875 76.625 -0.04408
29.875 76.875 -1.6849
29.875 77.125 -0.80899
29.875 77.375 -0.34617
29.875 77.625 0.059505
29.875 77.875 0.35091
29.875 78.125 -1.3471
29.875 78.375 -0.36568
29.875 78.625 -1.1794
29.875 78.875 -0.4907
29.875 79.125 -0.672
29.875 79.375 0.48059
29.875 79.625 1.6221
29.875 79.875 0.69853
29.875 80.125 1.0132
29.875 80.375 0.96621
30.125 74.125 -1.0569
30.125 74.375 -1.6529
30.125 74.625 -1.7346
30.125 74.875 -1.9165
30.125 75.125 -1.3672
30.125 75.375 -0.895
30.125 75.625 -1.3707
30.125 75.875 -1.4125
30.125 76.125 0.12987
30.125 76.375 -0.46522
30.125 76.625 -0.63107
30.125 76.875 -0.74867
30.125 77.125 -1.2294
30.125 77.375 -1.7994
30.125 77.625 -0.45427
30.125 77.875 -0.62322
30.125 78.125 0.17527
30.125 78.375 1.4391
30.125 78.625 0.66579
30.125 78.875 1.8917
30.125 79.125 1.0605
30.125 79.375 1.4387
30.125 79.625 1.8011
30.125 79.875 0.7752
30.125 80.125 0.78001
30.125 80.375 0.96014
30.125 80.625 0.97638
30.375 74.125 -1.0832
30.375 74.375 -1.3168
30.375 74.625 -1.6429
30.375 74.875 -1.7082
30.375 75.125 -1.2853
30.375 75.375 -0.52029
30.375 75.625 -0.49354
30.375 75.875 -1.1937
30.375 76.125 -1.7256
30.375 76.375 -0.82562
30.375 76.625 -1.8477
30.375 76.875 -1.8143
30.375 77.125 0.54974
30.375 77.375 -0.10856
30.375 77.625 0.17874
30.375 77.875 -0.40057
30.375 78.125 -0.59335
30.375 78.375 -0.71218
30.375 78.625 1.8374
30.375 78.875 1.6454
30.375 79.125 1.3028
30.375 79.375 1.8306
30.375 79.625 1.5525
30.375 79.875 1.4758
30.375 80.125 1.1628
30.375 80.375 0.8884
30.375 80.625 0.88535
30.625 74.375 -1.6241
30.625 74.625 -2.0371
30.625 74.875 -2.1106
30.625 75.125 -1.7406
30.625 75.375 -0.98858
30.625 75.625 -1.3072
30.625 75.875 -1.8434
30.625 76.125 -2.1395
30.625 76.375 -1.8526
30.625 76.625 -0.24296
30.625 76.875 0.23252
30.625 77.125 0.10983
30.625 77.375 -0.32582
30.625 77.625 -0.28921
30.625 77.875 -0.11344
30.625 78.125 -0.030476
30.625 78.375 -1.1511
30.625 78.625 0.53792
30.625 78.875 1.9171
30.625 79.125 1.6321
30.625 79.375 0.84953
30.625 79.625 1.9374
30.625 79.875 1.6346
30.625 80.125 1.1917
30.875 74.625 -1.8771
30.875 74.875 -1.7739
30.875 75.125 -0.34576
30.875 75.375 -2.0693
30.875 75.625 -1.6509
30.875 75.875 -1.8085
30.875 76.125 -1.5125
30.875 76.375 -0.52908
30.875 76.625 0.3445
30.875 76.875 -0.62851
30.875 77.125 0.48253
30.875 77.375 -0.49986
30.875 77.625 0.11058
30.875 77.875 0.88223
30.875 78.125 0.44345
30.875 78.375 0.32201
30.875 78.625 0.52352
30.875 78.875 1.9263
30.875 79.125 1.5559
30.875 79.375 0.6174
30.875 79.625 0.68448
30.875 79.875 1.7749
31.125 74.875 -1.7556
31.125 75.125 -0.49447
31.125 75.375 -2.1682
31.125 75.625 -2.0357
31.125 75.875 -0.96031
31.125 76.125 1.1558
31.125 76.375 -0.39442
31.125 76.625 -0.42739
31.125 76.875 0.66816
31.125 77.125 0.51674
31.125 77.375 -0.49024
31.125 77.625 0.081695
31.125 77.875 1.1283
31.125 78.125 0.59572
31.125 78.375 0.59754
31.125 78.625 0.54398
31.125 78.875 1.9408
31.125 79.125 1.8025
31.375 74.875 -1.8135
31.375 75.125 -1.3343
31.375 75.375 -2.0486
31.375 75.625 -1.329
31.375 75.875 -0.39598
31.375 76.125 -1.6854
31.375 76.375 -1.0919
31.375 76.625 -0.86025
31.375 76.875 0.28317
31.375 77.125 0.98183
31.375 77.375 0.9821
31.375 77.625 1.3606
31.375 77.875 0.55707
31.375 78.125 0.40969
31.375 78.375 0.42721
31.375 78.625 0.5472
31.625 74.875 -0.39909
31.625 75.125 0.49171
31.625 75.375 0.22466
31.625 75.625 -0.048178
31.625 75.875 0.36367
31.625 76.125 -0.74893
31.625 76.375 -0.57852
31.625 76.625 -0.37367
31.625 76.875 -0.30459
31.625 77.125 0.31811
31.625 77.375 1.6258
31.625 77.625 1.6912
31.625 77.875 1.112
31.625 78.125 0.52784
31.625 78.375 0.23075
31.625 78.625 0.3708
31.875 74.875 1.1379
31.875 75.125 1.1778
31.875 75.375 -1.0831
31.875 75.625 -0.092623
31.875 75.875 -0.39399
31.875 76.125 -0.1519
31.875 76.375 -0.0029113
31.875 76.625 0.25533
31.875 76.875 -0.1346
31.875 77.125 -0.15318
31.875 77.375 0.8376
31.875 77.625 1.8908
31.875 77.875 1.0119
31.875 78.125 0.67225
31.875 78.375 0.33921
31.875 78.625 0.21203
32.125 75.375 0.75499
32.125 75.625 0.7269
32.125 75.875 0.17895
32.125 76.125 0.84969
32.125 76.375 -0.23401
32.125 76.625 0.90928
32.125 76.875 0.073666
32.125 77.125 0.414
32.125 77.375 -0.17165
32.125 77.625 0.35134
32.125 77.875 1.3723
32.125 78.125 0.56528
32.125 78.375 0.2521
32.375 75.375 1.092
32.375 75.625 0.93816
32.375 75.875 0.56472
32.375 76.125 -1.0356
32.375 76.375 -0.34905
32.375 76.625 0.37417
32.375 76.875 0.13223
32.375 77.125 0.23746
32.375 77.375 -0.23063
32.375 77.625 -0.28484
32.375 77.875 1.1687
32.375 78.125 1.0273
32.375 78.375 1.0333
32.625 74.875 0.82689
32.625 75.125 -0.093186
32.625 75.375 0.082771
32.625 75.625 0.45854
32.625 75.875 0.44537
32.625 76.125 0.12535
32.625 76.375 0.23118
32.625 76.625 -0.3233
32.625 76.875 0.19787
32.625 77.125 0.19403
32.625 77.375 -0.12197
32.625 77.625 -0.23911
32.625 77.875 -0.079241
32.625 78.125 0.68554
32.625 78.375 0.42411
32.625 78.625 0.31442
32.625 78.875 0.16772
32.625 79.125 0.26893
32.625 79.375 0.45672
32.875 74.375 1.1235
32.875 74.625 1.3473
32.875 74.875 0.82747
32.875 75.125 -0.23845
32.875 75.375 -0.75814
32.875 75.625 -0.60016
32.875 75.875 0.083128
32.875 76.125 0.35301
32.875 76.375 0.39159
32.875 76.625 0.048775
32.875 76.875 -0.016036
32.875 77.125 -0.058478
32.875 77.375 -0.11885
32.875 77.625 -0.16535
32.875 77.875 -0.25963
32.875 78.125 0.3103
32.875 78.375 0.8459
32.875 78.625 0.67834
32.875 78.875 0.50097
32.875 79.125 0.33941
32.875 79.375 0.071362
33.125 73.875 0.64697
33.125 74.125 0.5842
33.125 74.375 1.0702
33.125 74.625 1.2904
33.125 74.875 0.94839
33.125 75.125 -0.34965
33.125 75.375 -1.0692
33.125 75.625 -1.2633
33.125 75.875 -0.26598
33.125 76.125 -0.041076
33.125 76.375 -0.24485
33.125 76.625 -0.1555
33.125 76.875 0.045407
33.125 77.125 -1.0148
33.125 77.375 -0.13363
33.125 77.625 0.039092
33.125 77.875 0.089809
33.125 78.125 0.41075
33.125 78.375 0.4436
33.125 78.625 0.54029
33.125 78.875 0.54194
33.125 79.125 0.42792
33.375 73.875 1.0369
33.375 74.125 0.88142
33.375 74.375 0.45908
33.375 74.625 -0.65316
33.375 74.875 -0.64108
33.375 75.125 -0.798
33.375 75.375 -1.065
33.375 75.625 -0.99117
33.375 75.875 -0.45923
33.375 76.125 -0.15653
33.375 76.375 0.014168
33.375 76.625 -0.39314
33.375 76.875 -0.24717
33.375 77.125 0.12386
33.375 77.375 0.1542
33.375 77.625 0.2014
33.375 77.875 -0.061986
33.375 78.125 0.17181
33.375 78.375 0.33943
33.375 78.625 0.4007
33.375 78.875 0.45802
33.625 73.875 1.887
33.625 74.125 1.4007
33.625 74.375 -1.276
33.625 74.625 -1.0782
33.625 74.875 -0.55787
33.625 75.125 -0.49416
33.625 75.375 -0.5605
33.625 75.625 -0.77498
33.625 75.875 -0.31388
33.625 76.125 -0.44873
33.625 76.375 -0.051756
33.625 76.625 -0.36733
33.625 76.875 0.341
33.625 77.125 0.64804
33.625 77.375 0.78573
33.625 77.625 0.96238
33.625 77.875 0.29517
33.625 78.125 0.15264
33.625 78.375 0.23462
33.625 78.625 0.32829
33.625 78.875 0.36239
33.875 73.875 1.4018
33.875 74.125 -0.10823
33.875 74.375 -1.0191
33.875 74.625 -0.019834
33.875 74.875 -0.079661
33.875 75.125 0.22834
33.875 75.375 -0.16401
33.875 75.625 -0.5344
33.875 75.875 -0.95908
33.875 76.125 -0.88947
33.875 76.375 -0.5655
33.875 76.625 -0.32424
33.875 76.875 -0.092264
33.875 77.125 0.044202
33.875 77.375 0.42618
33.875 77.625 0.68944
33.875 77.875 0.44403
33.875 78.125 0.28056
33.875 78.375 0.22319
33.875 78.625 0.27867
33.875 78.875 0.31077
34.125 73.625 -0.48385
34.125 73.875 0.118
34.125 74.125 0.21226
34.125 74.375 -0.32902
34.125 74.625 -0.1987
34.125 74.875 -1.7525
34.125 75.125 -0.224
34.125 75.375 -0.24502
34.125 75.625 -1.1609
34.125 75.875 -1.2373
34.125 76.125 -1.5146
34.125 76.375 -0.57994
34.125 76.625 -0.16878
34.125 76.875 -0.15953
34.125 77.125 -0.011005
34.125 77.375 0.21916
34.125 77.625 0.41555
34.125 77.875 0.42045
34.125 78.125 0.33451
34.125 78.375 0.27763
34.125 78.625 0.27586
34.125 78.875 0.29456
34.125 79.125 0.39491
34.125 79.375 0.41986
34.375 73.625 -1.4161
34.375 73.875 -1.8283
34.375 74.125 -1.5896
34.375 74.375 -0.78748
34.375 74.625 -0.85035
34.375 74.875 -1.4182
34.375 75.125 -0.47679
34.375 75.375 -0.73705
34.375 75.625 -1.3281
34.375 75.875 -1.3331
34.375 76.125 -1.3356
34.375 76.375 -0.70167
34.375 76.625 -0.31831
34.375 76.875 -0.26444
34.375 77.125 -0.3053
34.375 77.375 -0.14645
34.375 77.625 0.17897
34.375 77.875 0.28172
34.375 78.125 0.30866
34.375 78.375 0.30984
34.375 78.625 0.29211
34.375 78.875 0.30105
34.375 79.125 0.30139
34.375 79.375 0.3119
34.625 73.875 -1.7753
34.625 74.125 -1.7181
34.625 74.375 -1.2453
34.625 74.625 -1.1683
34.625 74.875 -1.4572
34.625 75.125 -0.58082
34.625 75.375 -1.384
34.625 75.625 -1.4005
34.625 75.875 -1.3629
34.625 76.125 -1.1556
34.625 76.375 -0.73786
34.625 76.625 -0.64676
34.625 76.875 -0.41917
34.625 77.125 -0.39013
34.625 77.375 -0.28894
34.625 77.625 -0.12422
34.625 77.875 0.041487
34.625 78.125 0.18888
34.625 78.375 0.28058
34.625 78.625 0.33822
34.625 78.875 0.32248
34.625 79.125 0.30714
34.625 79.375 0.30722
34.625 79.625 0.31287
34.875 74.125 -1.6825
34.875 74.375 -1.4089
34.875 74.625 -1.3317
34.875 74.875 -1.2576
34.875 75.125 -1.2063
34.875 75.375 -1.5872
34.875 75.625 -1.4422
34.875 75.875 -1.3823
34.875 76.125 -0.98306
34.875 76.375 -0.73986
34.875 76.625 -0.65757
34.875 76.875 -0.46844
34.875 77.125 -0.41552
34.875 77.375 -0.37647
34.875 77.625 -0.28395
34.875 77.875 -0.16248
34.875 78.125 -0.045649
34.875 78.375 0.039548
34.875 78.625 0.20057
34.875 78.875 0.26888
34.875 79.125 0.29024
34.875 79.375 0.29741
34.875 79.625 0.30474
34.875 79.875 0.29993
35.125 74.375 -1.4711
35.125 74.625 -1.3582
35.125 74.875 -1.1552
35.125 75.125 -1.4411
35.125 75.375 -1.708
35.125 75.625 -1.5424
35.125 75.875 -1.3262
35.125 76.125 -1.2017
35.125 76.375 -0.73817
35.125 76.625 -0.66879
35.125 76.875 -0.50426
35.125 77.125 -0.45383
35.125 77.375 -0.43565
35.125 77.625 -0.38916
35.125 77.875 -0.32017
35.125 78.125 -0.24713
35.125 78.375 -0.17483
35.125 78.625 0.017945
35.125 78.875 0.1522
35.125 79.125 0.23187
35.125 79.375 0.2625
35.125 79.625 0.28362
35.125 79.875 0.29286
35.375 73.875 -1.939
35.375 74.125 -1.8119
35.375 74.375 -1.3262
35.375 74.625 -1.0792
35.375 74.875 -0.43776
35.375 75.125 -1.1918
35.375 75.375 -1.6503
35.375 75.625 -1.4629
35.375 75.875 -1.3423
35.375 76.125 -1.3188
35.375 76.375 -1.2822
35.375 76.625 -1.0433
35.375 76.875 -0.61302
35.375 77.125 -0.47535
35.375 77.375 -0.46624
35.375 77.625 -0.44494
35.375 77.875 -0.40357
35.375 78.125 -0.34114
35.375 78.375 -0.26563
35.375 78.625 -0.1282
35.375 78.875 0.013307
35.375 79.125 0.12915
35.375 79.375 0.19912
35.375 79.625 0.24078
35.375 79.875 0.26855
NaN NaN NaN
35.625 73.375 -1.5703
35.625 73.625 -1.5884
35.625 73.875 -1.7077
35.625 74.125 -1.5485
35.625 74.375 -1.1391
35.625 74.625 -0.84817
35.625 74.875 0.055324
35.625 75.125 -0.97316
35.625 75.375 -1.4993
35.625 75.625 -1.4055
35.625 75.875 -1.5551
35.625 76.125 -1.4062
35.625 76.375 -1.2253
35.625 76.625 -1.1953
35.625 76.875 -1.0853
35.625 77.125 -0.87709
35.625 78.375 -0.35137
35.625 78.625 -0.24733
35.625 78.875 -0.11975
35.625 79.125 0.0060853
35.625 79.375 0.11059
35.625 79.625 0.17241
35.625 79.875 0.22209
35.625 80.125 0.25002
35.875 73.125 -0.25677
35.875 73.375 -0.8345
35.875 73.625 -1.3764
35.875 73.875 -1.6069
35.875 74.125 -1.6465
35.875 74.375 -0.81203
35.875 74.625 -0.83224
35.875 74.875 -0.46972
35.875 75.125 -0.97573
35.875 75.375 -1.4762
35.875 75.625 -1.652
35.875 75.875 -1.6492
35.875 76.125 -1.6444
35.875 76.375 -1.3944
35.875 76.625 -1.2308
35.875 79.375 -0.0021545
36.125 72.625 0.13486
36.125 72.875 0.97713
36.125 73.125 0.95079
36.125 73.375 -0.41896
36.125 73.625 -0.86573
36.125 73.875 -1.2814
36.125 74.125 -1.5342
36.125 74.375 -1.2344
36.125 74.625 -1.0481
36.125 74.875 -0.82662
36.125 75.125 -1.0528
36.125 75.375 -1.3791
36.125 75.625 -1.5451
36.125 75.875 -1.6064
36.125 76.125 -1.6519
36.125 76.375 -1.5444
36.125 76.625 -1.4157
36.375 73.125 0.026056
36.375 73.375 -0.18117
36.375 73.625 -0.48761
36.375 73.875 -0.85452
36.375 74.125 -1.2116
36.375 74.375 -1.2655
36.375 74.625 -1.1921
36.375 74.875 -1.0442
36.375 75.125 -1.1184
36.375 75.375 -1.3604
36.375 75.625 -1.5121
36.375 75.875 -1.5823
36.375 76.125 -1.6266
36.625 73.375 -0.044202
36.625 73.625 -0.24853
36.625 73.875 -0.52113
36.625 74.125 -0.84097
36.625 74.375 -1.0578
36.625 74.625 -1.151
36.625 74.875 -1.1265
36.625 75.125 -1.1568
36.625 75.375 -1.3365
36.625 75.625 -1.4997
36.875 73.875 -0.29284
36.875 74.375 -0.78143
36.875 74.625 -0.96674
36.875 74.875 -1.0614
36.875 75.125 -1.1287
36.875 75.375 -1.2733
