8.125 77.375 1.0982
8.375 77.125 -0.33605
8.375 77.375 0.92755
8.375 77.625 1.3126
8.375 77.875 1.5275
8.625 76.875 -0.32624
8.625 77.125 0.83269
8.625 77.375 1.4061
8.625 77.625 0.48932
8.625 77.875 1.2388
8.875 76.875 -0.1974
8.875 77.125 1.5349
8.875 77.375 0.41819
8.875 77.625 0.37256
8.875 77.875 -0.26999
9.125 76.625 0.4783
9.125 76.875 0.96462
9.125 77.125 0.99101
9.125 77.375 0.20142
9.125 77.625 -0.23223
9.125 77.875 -0.98431
9.125 78.125 0.29973
NaN NaN NaN
9.375 76.625 -0.18458
9.375 76.875 0.32877
9.375 77.125 0.9142
9.375 77.375 0.65133
9.375 77.625 -0.32242
9.375 77.875 -0.24722
9.375 78.125 0.05388
9.375 78.375 0.079285
9.375 78.625 0.39357
NaN NaN NaN
9.625 76.375 -0.093084
9.625 76.625 0.27394
9.625 76.875 0.57144
9.625 77.125 0.55489
9.625 77.375 0.092321
9.625 77.625 -1.1688
9.625 77.875 0.41454
9.625 78.125 -0.34885
9.625 78.375 -0.088676
9.625 78.625 0.45512
9.875 76.625 -0.29553
9.875 76.875 -0.32552
9.875 77.125 1.291
9.875 77.375 -0.94664
9.875 77.625 -0.5981
9.875 77.875 -0.065407
9.875 78.125 -0.69324
9.875 78.375 0.25756
9.875 78.625 0.58617
9.875 78.875 0.51056
10.125 76.375 -0.74393
10.125 76.625 0.43826
10.125 76.875 1.6503
10.125 77.125 -0.12887
10.125 77.375 -1.0139
10.125 77.625 0.054323
10.125 77.875 0.066074
10.125 78.125 -0.23111
10.125 78.375 0.53136
10.125 78.625 -0.27075
10.125 78.875 -0.16727
10.125 79.125 0.24309
10.375 76.375 -0.86941
10.375 76.625 -0.50309
10.375 76.875 1.1667
10.375 77.125 0.88404
10.375 77.375 -0.34275
10.375 77.625 -0.098462
10.375 77.875 -0.66389
10.375 78.125 -0.54499
10.375 78.375 -0.30402
10.375 78.625 -0.33106
10.375 78.875 -0.26425
10.375 79.125 0.37493
NaN NaN NaN
NaN NaN NaN
10.625 76.125 -0.41734
10.625 76.375 -0.34408
10.625 76.625 -0.42929
10.625 76.875 0.48669
10.625 77.125 -0.69888
10.625 77.375 -1.1366
10.625 77.625 0.0071379
10.625 77.875 -0.47988
10.625 78.125 -1.0829
10.625 78.375 -1.258
10.625 78.625 -0.047716
10.625 78.875 0.43892
10.625 79.125 1.541
10.625 79.375 1.2924
10.625 79.625 1.3324
10.875 76.125 0.0062964
10.875 76.375 0.60804
10.875 76.625 0.43173
10.875 76.875 -0.66789
10.875 77.125 -0.98051
10.875 77.375 -0.18578
10.875 77.625 -0.75334
10.875 77.875 -0.59742
10.875 78.125 -1.2285
10.875 78.375 -0.35398
10.875 78.625 0.98262
10.875 78.875 0.68944
10.875 79.125 0.50357
10.875 79.375 0.57339
10.875 79.625 1.3343
11.125 76.125 -0.67365
11.125 76.375 0.061583
11.125 76.625 1.789
11.125 76.875 -1.0186
11.125 77.125 -0.4792
11.125 77.375 -0.43881
11.125 77.625 -0.2033
11.125 77.875 0.071457
11.125 78.125 -1.0742
11.125 78.375 0.5206
11.125 78.625 -0.16057
11.125 78.875 0.027641
11.125 79.125 0.69506
11.125 79.375 0.91728
11.125 79.625 0.86985
11.375 75.875 -0.83257
11.375 76.125 -1.0848
11.375 76.375 -0.25409
11.375 76.625 -0.1092
11.375 76.875 1.3588
11.375 77.125 -0.28587
11.375 77.375 -0.69466
11.375 77.625 -0.065341
11.375 77.875 0.15133
11.375 78.125 -0.25538
11.375 78.375 -0.59787
11.375 78.625 -1.091
11.375 78.875 -0.57947
11.375 79.125 -0.24241
11.375 79.375 0.6395
11.375 79.625 0.69463
11.625 75.875 -0.57672
11.625 76.125 0.7957
11.625 76.375 -0.29367
11.625 76.625 1.3551
11.625 76.875 -0.45649
11.625 77.125 -0.63632
11.625 77.375 0.20383
11.625 77.625 -0.32043
11.625 77.875 -0.74332
11.625 78.125 -0.63627
11.625 78.375 -0.87609
11.625 78.625 0.4515
11.625 78.875 -0.46252
11.625 79.125 1.3455
11.625 79.375 0.51758
NaN NaN NaN
NaN NaN NaN
11.875 75.875 -0.83042
11.875 76.125 -0.085626
11.875 76.375 0.7893
11.875 76.625 0.38381
11.875 76.875 -1.5661
11.875 77.125 0.51497
11.875 77.375 0.1122
11.875 77.625 0.0064837
11.875 77.875 -1.1272
11.875 78.125 -0.020008
11.875 78.375 -0.13643
11.875 78.625 -0.15224
11.875 78.875 -0.34083
11.875 79.125 1.5422
11.875 79.375 0.36759
11.875 79.625 0.36777
12.125 75.375 -1.671
12.125 75.625 -0.65736
12.125 75.875 0.68529
12.125 76.125 0.20295
12.125 76.375 -0.35644
12.125 76.625 -0.60237
12.125 76.875 -1.2878
12.125 77.125 0.40822
12.125 77.375 0.2541
12.125 77.625 0.085499
12.125 77.875 -1.1445
12.125 78.125 -0.066003
12.125 78.375 1.395
12.125 78.625 -0.31509
12.125 78.875 -1.0366
12.125 79.125 0.69701
12.125 79.375 0.53789
12.125 79.625 0.13705
12.375 75.125 -0.9386
12.375 75.375 -1.1736
12.375 75.625 -0.58161
12.375 75.875 0.52057
12.375 76.125 1.272
12.375 76.375 0.50748
12.375 76.625 1.1798
12.375 76.875 -0.72179
12.375 77.125 -1.5685
12.375 77.375 -0.57287
12.375 77.625 -0.27903
12.375 77.875 -0.35977
12.375 78.125 1.0908
12.375 78.375 1.6302
12.375 78.625 0.55481
12.375 78.875 0.066318
12.375 79.125 0.70095
12.375 79.375 0.2315
12.375 79.625 -0.066281
12.375 79.875 0.31671
12.625 75.125 -1.3266
12.625 75.375 -1.1296
12.625 75.625 -1.1503
12.625 75.875 0.33758
12.625 76.125 0.7731
12.625 76.375 1.8082
12.625 76.625 1.0036
12.625 76.875 0.64774
12.625 77.125 -1.0918
12.625 77.375 -0.48225
12.625 77.625 0.43862
12.625 77.875 -0.01387
12.625 78.125 0.9902
12.625 78.375 1.4726
12.625 78.625 1.1915
12.625 78.875 1.1989
12.625 79.125 1.0282
12.625 79.375 -0.49607
12.625 79.625 -0.30681
12.625 79.875 -1.0359
12.875 75.125 -0.72959
12.875 75.375 -0.15177
12.875 75.625 -1.8855
12.875 75.875 -0.14865
12.875 76.125 0.15343
12.875 76.375 2.2291
12.875 76.625 1.0613
12.875 76.875 0.19554
12.875 77.125 -0.58719
12.875 77.375 -0.0328
12.875 77.625 0.6785
12.875 77.875 1.2437
12.875 78.125 1.5058
12.875 78.375 1.5582
12.875 78.625 1.5217
12.875 78.875 1.0819
12.875 79.125 0.98319
12.875 79.375 1.0618
12.875 79.625 0.64243
12.875 79.875 -0.30809
NaN NaN NaN
13.125 75.125 -0.97391
13.125 75.375 -1.194
13.125 75.625 -0.64996
13.125 75.875 0.49017
13.125 76.125 1.0782
13.125 76.375 0.9136
13.125 76.625 1.9766
13.125 76.875 0.96502
13.125 77.125 -0.15231
13.125 77.375 0.15506
13.125 77.625 1.1584
13.125 77.875 0.83527
13.125 78.125 1.2286
13.125 78.375 1.3918
13.125 78.625 1.573
13.125 78.875 1.1019
13.125 79.125 1.0848
13.125 79.375 0.80122
13.125 79.625 1.244
13.125 79.875 1.2764
13.125 80.125 1.1583
NaN NaN NaN
13.375 75.125 -0.78007
13.375 75.375 -1.3737
13.375 75.625 -0.75601
13.375 75.875 0.35742
13.375 76.125 1.276
13.375 76.375 0.45215
13.375 76.625 0.092915
13.375 76.875 2.0201
13.375 77.125 1.575
13.375 77.375 0.1932
13.375 77.625 0.41959
13.375 77.875 1.5799
13.375 78.125 0.16844
13.375 78.375 0.69594
13.375 78.625 1.7876
13.375 78.875 1.3606
13.375 79.125 0.8586
13.375 79.375 0.50218
13.375 79.625 1.0817
13.375 79.875 1.1031
13.375 80.125 1.259
13.625 74.875 -1.6954
13.625 75.125 -0.60477
13.625 75.375 -0.49508
13.625 75.625 -0.063637
13.625 75.875 0.27905
13.625 76.125 0.24483
13.625 76.375 -0.43542
13.625 76.625 -0.82784
13.625 76.875 -1.1832
13.625 77.125 -0.82094
13.625 77.375 -0.36024
13.625 77.625 1.0654
13.625 77.875 1.3303
13.625 78.125 0.70392
13.625 78.375 0.8458
13.625 78.625 0.29177
13.625 78.875 1.4831
13.625 79.125 1.5463
13.625 79.375 1.6382
13.625 79.625 0.30866
13.625 79.875 0.7003
13.625 80.125 1.0788
13.875 74.875 -0.71128
13.875 75.125 0.24557
13.875 75.375 -0.096115
13.875 75.625 0.16784
13.875 75.875 -0.14096
13.875 76.125 -0.078538
13.875 76.375 -0.12413
13.875 76.625 -0.10961
13.875 76.875 -1.4951
13.875 77.125 -1.1249
13.875 77.375 0.72639
13.875 77.625 0.40626
13.875 77.875 -0.053151
13.875 78.125 -0.082753
13.875 78.375 1.0208
13.875 78.625 0.62565
13.875 78.875 1.5263
13.875 79.125 1.2484
13.875 79.375 0.85925
13.875 79.625 -0.55536
13.875 79.875 0.64977
14.125 74.625 -0.71118
14.125 74.875 -1.1329
14.125 75.125 -0.18293
14.125 75.375 -0.37874
14.125 75.625 -0.59083
14.125 75.875 -0.13416
14.125 76.125 0.60308
14.125 76.375 0.92756
14.125 76.625 -0.09251
14.125 76.875 -0.14
14.125 77.125 -0.28177
14.125 77.375 -0.10633
14.125 77.625 0.0073577
14.125 77.875 0.052018
14.125 78.125 -0.30419
14.125 78.375 0.33793
14.125 78.625 0.60265
14.125 78.875 1.1116
14.125 79.125 1.291
14.125 79.375 1.1062
14.125 79.625 0.97738
14.125 79.875 0.89942
14.375 74.625 -0.97505
14.375 74.875 -0.72575
14.375 75.125 -0.80267
14.375 75.375 -0.96841
14.375 75.625 -0.071074
14.375 75.875 0.22673
14.375 76.125 0.72765
14.375 76.375 1.2286
14.375 76.625 -0.035048
14.375 76.875 0.04612
14.375 77.125 0.86882
14.375 77.375 0.6977
14.375 77.625 0.05453
14.375 77.875 0.27909
14.375 78.125 0.13202
14.375 78.375 1.2859
14.375 78.625 1.073
14.375 78.875 1.53
14.375 79.125 1.5611
14.375 79.375 1.6603
14.375 79.625 1.3784
14.375 79.875 1.2133
NaN NaN NaN
14.625 74.625 -1.9879
14.625 74.875 -1.3557
14.625 75.125 -0.88346
14.625 75.375 -0.52438
14.625 75.625 -1.0991
14.625 75.875 -0.25283
14.625 76.125 0.080461
14.625 76.375 -0.69742
14.625 76.625 -1.2769
14.625 76.875 -0.93051
14.625 77.125 0.64085
14.625 77.375 0.51558
14.625 77.625 0.21384
14.625 77.875 0.92699
14.625 78.125 1.4864
14.625 78.375 1.696
14.625 78.625 1.0539
14.625 78.875 1.6262
14.625 79.125 1.5949
14.625 79.375 1.7277
14.625 79.625 0.76671
14.625 79.875 0.87737
14.875 74.375 -1.1625
14.875 74.625 -1.2115
14.875 74.875 -0.95983
14.875 75.125 -0.74293
14.875 75.375 -1.2585
14.875 75.625 -0.66598
14.875 75.875 -0.75711
14.875 76.125 -1.019
14.875 76.375 -1.2283
14.875 76.625 -1.2061
14.875 76.875 0.16848
14.875 77.125 -0.0065017
14.875 77.375 0.37127
14.875 77.625 0.19168
14.875 77.875 0.38543
14.875 78.125 1.0654
14.875 78.375 1.235
14.875 78.625 0.85413
14.875 78.875 1.3108
14.875 79.125 1.5552
14.875 79.375 1.7708
14.875 79.625 1.0957
14.875 79.875 1.1126
15.125 74.125 -1.5614
15.125 74.375 -0.6149
15.125 74.625 -0.67754
15.125 74.875 0.098841
15.125 75.125 -0.29538
15.125 75.375 -0.17359
15.125 75.625 0.20859
15.125 75.875 0.4963
15.125 76.125 -0.0099607
15.125 76.375 -1.3283
15.125 76.625 -1.5357
15.125 76.875 -0.39939
15.125 77.125 -1.0039
15.125 77.375 0.12947
15.125 77.625 0.16505
15.125 77.875 0.11742
15.125 78.125 0.60179
15.125 78.375 1.0622
15.125 78.625 0.94807
15.125 78.875 1.1505
15.125 79.125 1.0955
15.125 79.375 1.9903
15.125 79.625 2.118
15.125 79.875 1.8327
15.375 73.875 -1.6701
15.375 74.125 -1.5352
15.375 74.375 -0.84068
15.375 74.625 -0.48582
15.375 74.875 0.48381
15.375 75.125 0.93572
15.375 75.375 1.0532
15.375 75.625 0.72643
15.375 75.875 -0.20349
15.375 76.125 0.13563
15.375 76.375 -0.63542
15.375 76.625 -1.6266
15.375 76.875 -1.6542
15.375 77.125 -1.0213
15.375 77.375 -1.7906
15.375 77.625 -0.16413
15.375 77.875 -0.75569
15.375 78.125 0.43017
15.375 78.375 0.64964
15.375 78.625 1.1549
15.375 78.875 1.2143
15.375 79.125 1.3711
15.375 79.375 1.4444
15.375 79.625 1.5307
15.375 79.875 1.1749
15.625 73.875 -1.0413
15.625 74.125 -1.2309
15.625 74.375 -1.5021
15.625 74.625 0.11782
15.625 74.875 0.40204
15.625 75.125 0.016733
15.625 75.375 0.1864
15.625 75.625 -0.13672
15.625 75.875 0.30264
15.625 76.125 1.5365
15.625 76.375 0.36977
15.625 76.625 -0.57082
15.625 76.875 -0.89448
15.625 77.125 -0.89102
15.625 77.375 -1.285
15.625 77.625 0.13095
15.625 77.875 -0.7666
15.625 78.125 -0.11544
15.625 78.375 0.42484
15.625 78.625 0.81563
15.625 78.875 1.7581
15.625 79.125 1.457
15.625 79.375 1.2036
15.625 79.625 0.85946
15.625 79.875 0.49613
15.625 80.125 0.20222
15.875 73.875 0.27946
15.875 74.125 -0.47425
15.875 74.375 -0.97135
15.875 74.625 -0.23565
15.875 74.875 0.0083009
15.875 75.125 -0.057887
15.875 75.375 -0.39679
15.875 75.625 -0.47031
15.875 75.875 -0.20371
15.875 76.125 -0.20825
15.875 76.375 -0.10268
15.875 76.625 0.13737
15.875 76.875 -0.31992
15.875 77.125 -0.48761
15.875 77.375 0.19187
15.875 77.625 -1.1557
15.875 77.875 1.2562
15.875 78.125 0.6369
15.875 78.375 1.1063
15.875 78.625 1.3411
15.875 78.875 1.1261
15.875 79.125 1.0464
15.875 79.375 1.0148
15.875 79.625 -1.0446
15.875 79.875 -0.28963
15.875 80.125 -0.089004
15.875 80.375 -0.48522
NaN NaN NaN
15.875 80.875 -1.0382
16.125 73.625 0.36668
16.125 73.875 -0.69123
16.125 74.125 -0.40424
16.125 74.375 -0.72432
16.125 74.625 -0.32523
16.125 74.875 -0.86538
16.125 75.125 -1.7091
16.125 75.375 -1.036
16.125 75.625 -0.34822
16.125 75.875 0.22434
16.125 76.125 -1.8855
16.125 76.375 -0.85075
16.125 76.625 -0.48662
16.125 76.875 -0.8602
16.125 77.125 -0.16426
16.125 77.375 0.58454
16.125 77.625 -0.39484
16.125 77.875 0.9982
16.125 78.125 0.89602
16.125 78.375 0.92375
16.125 78.625 0.97723
16.125 78.875 0.87771
16.125 79.125 0.67807
16.125 79.375 0.10945
16.125 79.625 -0.90001
16.125 79.875 -0.24498
16.125 80.125 0.60486
16.125 80.375 0.11296
16.125 80.625 -0.34606
16.125 80.875 -0.54529
16.375 73.625 -0.4864
16.375 73.875 -0.23964
16.375 74.125 -1.0606
16.375 74.375 -0.055908
16.375 74.625 -1.9561
16.375 74.875 -1.1981
16.375 75.125 -2.0739
16.375 75.375 -1.3464
16.375 75.625 -0.76698
16.375 75.875 0.83919
16.375 76.125 1.433
16.375 76.375 0.74137
16.375 76.625 -0.73005
16.375 76.875 0.51915
16.375 77.125 0.13268
16.375 77.375 0.67457
16.375 77.625 0.73715
16.375 77.875 0.74213
16.375 78.125 1.0511
16.375 78.375 1.1534
16.375 78.625 1.3918
16.375 78.875 1.0164
16.375 79.125 0.76221
16.375 79.375 0.1774
16.375 79.625 -0.28655
16.375 79.875 -0.23151
16.375 80.125 -0.23794
16.375 80.375 -0.62431
16.375 80.625 -0.36859
16.375 80.875 0.36693
16.375 81.125 0.28817
NaN NaN NaN
NaN NaN NaN
16.625 73.625 -0.92854
16.625 73.875 -2.0979
16.625 74.125 0.77748
16.625 74.375 -1.7859
16.625 74.625 -0.57422
16.625 74.875 -1.1744
16.625 75.125 -1.5464
16.625 75.375 -0.80724
16.625 75.625 -0.3368
16.625 75.875 -0.22923
16.625 76.125 0.041169
16.625 76.375 0.15447
16.625 76.625 -1.6507
16.625 76.875 -0.29183
16.625 77.125 -0.29347
16.625 77.375 1.2286
16.625 77.625 -0.1633
16.625 77.875 0.77696
16.625 78.125 1.5535
16.625 78.375 1.3428
16.625 78.625 1.4457
16.625 78.875 0.65904
16.625 79.125 -0.090809
16.625 79.375 -0.59516
16.625 79.625 -0.32156
16.625 79.875 -0.34788
16.625 80.125 -0.24384
16.625 80.375 -1.0954
16.625 80.625 -1.1389
16.625 80.875 -0.50458
16.625 81.125 -0.67225
16.625 81.375 -0.95194
16.625 81.625 0.06063
16.625 81.875 0.22191
16.625 82.125 -0.14972
16.875 73.375 -1.107
16.875 73.625 -1.2093
16.875 73.875 -1.7918
16.875 74.125 -2.1937
16.875 74.375 -1.1561
16.875 74.625 -1.9116
16.875 74.875 -1.8965
16.875 75.125 -1.2962
16.875 75.375 1.3914
16.875 75.625 1.1099
16.875 75.875 -0.43183
16.875 76.125 -1.1454
16.875 76.375 -1.2339
16.875 76.625 -0.97483
16.875 76.875 -0.85636
16.875 77.125 -0.74115
16.875 77.375 0.26005
16.875 77.625 -0.58516
16.875 77.875 -0.53342
16.875 78.125 -0.22815
16.875 78.375 -0.1054
16.875 78.625 0.29807
16.875 78.875 -0.33148
16.875 79.125 -0.35614
16.875 79.375 -0.69824
16.875 79.625 -0.066386
16.875 79.875 -0.27256
16.875 80.125 0.0090396
16.875 80.375 -0.41056
16.875 80.625 -0.7443
16.875 80.875 -0.021913
16.875 81.125 -0.47238
16.875 81.375 -1.1711
16.875 81.625 -0.44097
16.875 81.875 -0.69511
16.875 82.125 -0.45563
17.125 73.375 -0.81628
17.125 73.625 -0.59529
17.125 73.875 -0.9998
17.125 74.125 -1.7977
17.125 74.375 -1.9967
17.125 74.625 -1.9945
17.125 74.875 -1.8305
17.125 75.125 -1.9578
17.125 75.375 -1.1496
17.125 75.625 -0.97629
17.125 75.875 -1.6595
17.125 76.125 -1.5816
17.125 76.375 -1.0915
17.125 76.625 -1.2135
17.125 76.875 -0.56598
17.125 77.125 -0.65816
17.125 77.375 -1.0993
17.125 77.625 -0.29519
17.125 77.875 -0.59482
17.125 78.125 -0.066873
17.125 78.375 0.54967
17.125 78.625 0.6692
17.125 78.875 1.4395
17.125 79.125 0.90627
17.125 79.375 0.067004
17.125 79.625 0.029992
17.125 79.875 -0.22891
17.125 80.125 -0.096871
17.125 80.375 -0.47156
17.125 80.625 -0.51799
17.125 80.875 -0.25827
17.125 81.125 -0.53345
17.125 81.375 -0.60453
17.125 81.625 -0.86354
17.125 81.875 -0.9142
17.125 82.125 -0.16272
17.125 82.375 -0.042424
17.375 73.375 -1.0044
17.375 73.625 -1.4434
17.375 73.875 -1.1444
17.375 74.125 -2.1496
17.375 74.375 -1.8997
17.375 74.625 -1.8909
17.375 74.875 -1.8424
17.375 75.125 -2.0209
17.375 75.375 -2.013
17.375 75.625 -1.4384
17.375 75.875 -1.5839
17.375 76.125 -1.2959
17.375 76.375 -0.93448
17.375 76.625 -0.96677
17.375 76.875 0.090497
17.375 77.125 -0.32499
17.375 77.375 -1.1272
17.375 77.625 0.055655
17.375 77.875 -0.55238
17.375 78.125 0.056446
17.375 78.375 -0.21642
17.375 78.625 0.88903
17.375 78.875 2.0084
17.375 79.125 1.5345
17.375 79.375 0.86645
17.375 79.625 0.52349
17.375 79.875 0.60282
17.375 80.125 0.66009
17.375 80.375 0.16833
17.375 80.625 -0.52652
17.375 80.875 -0.99739
17.375 81.125 -1.3374
17.375 81.375 -1.0736
17.375 81.625 -0.90531
17.375 81.875 -0.89536
17.375 82.125 -0.18837
17.375 82.375 0.096294
NaN NaN NaN
17.625 73.375 -0.25177
17.625 73.625 -2.1841
17.625 73.875 -1.4911
17.625 74.125 -1.9483
17.625 74.375 -1.8312
17.625 74.625 -2.0639
17.625 74.875 -1.3864
17.625 75.125 -1.4399
17.625 75.375 -1.6701
17.625 75.625 -1.4656
17.625 75.875 -1.6806
17.625 76.125 -1.5439
17.625 76.375 -1.4457
17.625 76.625 -0.58441
17.625 76.875 -0.23016
17.625 77.125 -0.32987
17.625 77.375 -1.0639
17.625 77.625 -0.92283
17.625 77.875 -0.43555
17.625 78.125 0.1112
17.625 78.375 0.51398
17.625 78.625 0.55546
17.625 78.875 0.76292
17.625 79.125 1.0061
17.625 79.375 0.6221
17.625 79.625 1.4722
17.625 79.875 1.0354
17.625 80.125 0.76812
17.625 80.375 0.21767
17.625 80.625 -0.56621
17.625 80.875 -0.7704
17.625 81.125 -0.75187
17.625 81.375 -0.24768
17.625 81.625 -0.94338
17.625 81.875 -0.73981
17.625 82.125 -0.44829
17.625 82.375 -0.15322
17.625 82.625 0.59608
17.625 82.875 0.49211
17.625 83.125 0.83189
17.875 73.375 0.35061
17.875 73.625 -1.8487
17.875 73.875 -0.51633
17.875 74.125 -1.7689
17.875 74.375 -1.3727
17.875 74.625 -1.5643
17.875 74.875 -0.66774
17.875 75.125 -1.8569
17.875 75.375 -1.9658
17.875 75.625 -1.6782
17.875 75.875 -1.7781
17.875 76.125 -1.458
17.875 76.375 -1.0812
17.875 76.625 -0.42952
17.875 76.875 0.052165
17.875 77.125 0.53995
17.875 77.375 -0.35163
17.875 77.625 0.31393
17.875 77.875 0.061715
17.875 78.125 0.62387
17.875 78.375 0.72256
17.875 78.625 1.0438
17.875 78.875 1.1022
17.875 79.125 1.0252
17.875 79.375 0.11077
17.875 79.625 0.15064
17.875 79.875 0.18823
17.875 80.125 -0.79082
17.875 80.375 -1.1996
17.875 80.625 -0.86285
17.875 80.875 -0.48339
17.875 81.125 -0.49358
17.875 81.375 0.64174
17.875 81.625 -0.19188
17.875 81.875 -0.84796
17.875 82.125 -1.0679
17.875 82.375 -0.68962
17.875 82.625 0.29747
17.875 82.875 0.84151
17.875 83.125 0.59654
17.875 83.375 0.081948
NaN NaN NaN
18.125 73.375 -1.354
18.125 73.625 0.52019
18.125 73.875 0.56072
18.125 74.125 -1.3652
18.125 74.375 -1.1005
18.125 74.625 -0.91406
18.125 74.875 -0.80201
18.125 75.125 -1.7776
18.125 75.375 -1.7492
18.125 75.625 -1.5036
18.125 75.875 -1.3445
18.125 76.125 -0.16905
18.125 76.375 0.12845
18.125 76.625 0.038973
18.125 76.875 0.59003
18.125 77.125 1.2417
18.125 77.375 0.28378
18.125 77.625 0.54507
18.125 77.875 0.31326
18.125 78.125 0.87504
18.125 78.375 0.94877
18.125 78.625 0.88247
18.125 78.875 1.7112
18.125 79.125 0.83646
18.125 79.375 -0.95221
18.125 79.625 -0.30509
18.125 79.875 -0.21559
18.125 80.125 -0.98536
18.125 80.375 -1.603
18.125 80.625 -1.704
18.125 80.875 -0.488
18.125 81.125 -0.54436
18.125 81.375 0.53506
18.125 81.625 0.85891
18.125 81.875 0.55271
18.125 82.125 -0.47116
18.125 82.375 -0.52473
18.125 82.625 0.11482
18.125 82.875 0.87509
18.125 83.125 1.1735
18.125 83.375 0.10237
18.125 83.625 0.97203
18.375 73.125 -0.39819
18.375 73.375 -0.25322
18.375 73.625 0.50846
18.375 73.875 0.82438
18.375 74.125 -1.3941
18.375 74.375 -1.2264
18.375 74.625 -1.7957
18.375 74.875 -1.5828
18.375 75.125 -1.052
18.375 75.375 -0.24423
18.375 75.625 -0.74456
18.375 75.875 -0.75662
18.375 76.125 0.15534
18.375 76.375 0.19682
18.375 76.625 -0.30741
18.375 76.875 0.26127
18.375 77.125 0.32989
18.375 77.375 -0.083313
18.375 77.625 -0.22206
18.375 77.875 0.082196
18.375 78.125 0.57868
18.375 78.375 1.2655
18.375 78.625 -0.14641
18.375 78.875 -0.70839
18.375 79.125 0.35596
18.375 79.375 -0.42549
18.375 79.625 -0.37522
18.375 79.875 -1.074
18.375 80.125 -1.3403
18.375 80.375 -0.50539
18.375 80.625 -0.14041
18.375 80.875 -0.82651
18.375 81.125 -0.35238
18.375 81.375 0.45619
18.375 81.625 0.87195
18.375 81.875 0.6952
18.375 82.125 0.69533
18.375 82.375 0.85954
18.375 82.625 0.1519
18.375 82.875 -1.646
18.375 83.125 0.77077
18.375 83.375 0.25706
18.375 83.625 0.5656
18.375 83.875 0.47498
18.625 73.125 0.77865
18.625 73.375 1.2946
18.625 73.625 0.74688
18.625 73.875 1.3774
18.625 74.125 -1.7181
18.625 74.375 -1.4827
18.625 74.625 -1.4142
18.625 74.875 -1.1191
18.625 75.125 -0.93385
18.625 75.375 -0.98373
18.625 75.625 0.15738
18.625 75.875 -0.066674
18.625 76.125 -0.54604
18.625 76.375 -0.22968
18.625 76.625 0.47436
18.625 76.875 0.51981
18.625 77.125 0.5295
18.625 77.375 -0.32597
18.625 77.625 0.058463
18.625 77.875 0.16477
18.625 78.125 -0.084232
18.625 78.375 -0.058383
18.625 78.625 -1.2981
18.625 78.875 -0.37237
18.625 79.125 -0.44013
18.625 79.375 -0.64196
18.625 79.625 -1.2355
18.625 79.875 -0.93908
18.625 80.125 -0.53136
18.625 80.375 0.97061
18.625 80.625 0.86388
18.625 80.875 -0.44191
18.625 81.125 -0.71134
18.625 81.375 0.10907
18.625 81.625 0.38916
18.625 81.875 0.49604
18.625 82.125 0.72169
18.625 82.375 1.186
18.625 82.625 1.4623
18.625 82.875 0.015278
18.625 83.125 -0.92091
18.625 83.375 -0.62613
18.625 83.625 -0.20007
18.625 83.875 0.014227
18.625 84.125 0.02505
18.875 73.125 0.57397
18.875 73.375 0.29189
18.875 73.625 1.1509
18.875 73.875 1.424
18.875 74.125 -1.6553
18.875 74.375 -0.38064
18.875 74.625 -0.503
18.875 74.875 -0.71423
18.875 75.125 -1.3629
18.875 75.375 0.3298
18.875 75.625 -0.57035
18.875 75.875 -1.1951
18.875 76.125 -0.35013
18.875 76.375 0.047135
18.875 76.625 0.25881
18.875 76.875 0.55976
18.875 77.125 -0.082538
18.875 77.375 -0.54476
18.875 77.625 0.41961
18.875 77.875 0.60582
18.875 78.125 -0.40221
18.875 78.375 -1.7712
18.875 78.625 -0.22687
18.875 78.875 0.26271
18.875 79.125 -0.43029
18.875 79.375 -0.4012
18.875 79.625 -1.2629
18.875 79.875 -0.88339
18.875 80.125 -0.78158
18.875 80.375 0.38907
18.875 80.625 1.0812
18.875 80.875 1.0169
18.875 81.125 0.6701
18.875 81.375 1.0942
18.875 81.625 -0.083725
18.875 81.875 0.78128
18.875 82.125 0.87411
18.875 82.375 0.9033
18.875 82.625 0.31519
18.875 82.875 0.51404
18.875 83.125 -0.96309
18.875 83.375 -0.38828
18.875 83.625 0.063174
18.875 83.875 0.15707
18.875 84.125 0.11715
18.875 84.375 -0.12871
19.125 73.125 -0.40961
19.125 73.375 0.29258
19.125 73.625 -0.23125
19.125 73.875 0.64472
19.125 74.125 -0.20536
19.125 74.375 1.2831
19.125 74.625 -0.1822
19.125 74.875 -0.16635
19.125 75.125 -0.29613
19.125 75.375 -0.36248
19.125 75.625 -0.66032
19.125 75.875 -1.1132
19.125 76.125 -0.48585
19.125 76.375 -0.34307
19.125 76.625 -0.34422
19.125 76.875 -1.0875
19.125 77.125 -0.56005
19.125 77.375 -0.53594
19.125 77.625 -0.4208
19.125 77.875 -0.61678
19.125 78.125 -1.3579
19.125 78.375 -1.3057
19.125 78.625 -0.78838
19.125 78.875 -0.3389
19.125 79.125 -0.41295
19.125 79.375 -0.2859
19.125 79.625 -0.20368
19.125 79.875 -0.65469
19.125 80.125 -0.70415
19.125 80.375 -0.30952
19.125 80.625 1.1338
19.125 80.875 1.5284
19.125 81.125 1.0838
19.125 81.375 0.6144
19.125 81.625 0.15739
19.125 81.875 -0.28324
19.125 82.125 0.81864
19.125 82.375 1.0802
19.125 82.625 -0.34027
19.125 82.875 0.11122
19.125 83.125 -0.69618
19.125 83.375 -0.55378
19.125 83.625 -0.56937
19.125 83.875 -0.35524
19.125 84.125 -0.078744
19.125 84.375 0.032071
19.125 84.625 0.14308
19.375 72.875 0.19372
19.375 73.125 -1.3456
19.375 73.375 0.41402
19.375 73.625 0.73262
19.375 73.875 0.37811
19.375 74.125 1.3937
19.375 74.375 1.4599
19.375 74.625 0.52944
19.375 74.875 0.067583
19.375 75.125 -0.48094
19.375 75.375 -0.435
19.375 75.625 -1.0402
19.375 75.875 -1.2672
19.375 76.125 -0.80633
19.375 76.375 -1.0919
19.375 76.625 -1.4193
19.375 76.875 -1.6482
19.375 77.125 -1.3615
19.375 77.375 -1.4578
19.375 77.625 -1.3939
19.375 77.875 -1.6129
19.375 78.125 -1.0093
19.375 78.375 -1.3623
19.375 78.625 -1.1995
19.375 78.875 -0.90947
19.375 79.125 -0.53919
19.375 79.375 -0.15032
19.375 79.625 -0.39731
19.375 79.875 -0.71887
19.375 80.125 -0.50392
19.375 80.375 -0.10636
19.375 80.625 0.77431
19.375 80.875 0.8725
19.375 81.125 0.49055
19.375 81.375 0.40418
19.375 81.625 0.21461
19.375 81.875 0.41885
19.375 82.125 0.56908
19.375 82.375 0.26651
19.375 82.625 -0.30876
19.375 82.875 0.35747
19.375 83.125 -0.2556
19.375 83.375 -0.61411
19.375 83.625 -0.64183
19.375 83.875 -0.84358
19.375 84.125 -0.12875
19.375 84.375 0.13085
19.375 84.625 0.1567
19.375 84.875 0.2392
19.625 72.875 0.24723
19.625 73.125 0.96975
19.625 73.375 0.89942
19.625 73.625 1.0812
19.625 73.875 1.1178
19.625 74.125 0.74992
19.625 74.375 0.48702
19.625 74.625 -0.049932
19.625 74.875 -0.51694
19.625 75.125 -0.77814
19.625 75.375 -0.75425
19.625 75.625 -0.84438
19.625 75.875 -0.71831
19.625 76.125 -0.62594
19.625 76.375 -1.2771
19.625 76.625 -1.6246
19.625 76.875 -1.9827
19.625 77.125 -1.5037
19.625 77.375 -1.1314
19.625 77.625 -0.96051
19.625 77.875 -1.5603
19.625 78.125 -1.6054
19.625 78.375 -1.504
19.625 78.625 -1.0449
19.625 78.875 -0.81078
19.625 79.125 -1.1915
19.625 79.375 -1.6903
19.625 79.625 -1.4044
19.625 79.875 -1.264
19.625 80.125 -0.8074
19.625 80.375 -0.54687
19.625 80.625 0.39432
19.625 80.875 0.77757
19.625 81.125 0.59536
19.625 81.375 0.10607
19.625 81.625 0.20911
19.625 81.875 0.64166
19.625 82.125 0.30034
19.625 82.375 0.10911
19.625 82.625 -0.004233
19.625 82.875 -0.25292
19.625 83.125 -0.3257
19.625 83.375 0.32685
19.625 83.625 0.53551
19.625 83.875 0.48018
19.625 84.125 -0.04917
19.625 84.375 -0.29608
19.625 84.625 0.52154
19.625 84.875 0.068443
19.625 85.125 -0.7045
19.625 85.375 -0.027206
19.875 72.875 1.3076
19.875 73.125 0.80282
19.875 73.375 1.1015
19.875 73.625 1.4862
19.875 73.875 1.488
19.875 74.125 0.95565
19.875 74.375 0.62603
19.875 74.625 0.1092
19.875 74.875 0.24318
19.875 75.125 -1.2827
19.875 75.375 -1.6051
19.875 75.625 -0.82285
19.875 75.875 -0.071997
19.875 76.125 -0.57306
19.875 76.375 -0.79772
19.875 76.625 -1.5439
19.875 76.875 -1.2738
19.875 77.125 -1.0622
19.875 77.375 -0.8992
19.875 77.625 -0.7221
19.875 77.875 -1.5629
19.875 78.125 -1.8945
19.875 78.375 -1.9508
19.875 78.625 -1.2562
19.875 78.875 -0.95504
19.875 79.125 -1.0731
19.875 79.375 -2.1
19.875 79.625 -1.7789
19.875 79.875 -1.451
19.875 80.125 -1.032
19.875 80.375 -0.80658
19.875 80.625 -0.20091
19.875 80.875 0.30863
19.875 81.125 0.31986
19.875 81.375 -0.84518
19.875 81.625 0.43999
19.875 81.875 1.4453
19.875 82.125 0.10741
19.875 82.375 -0.089537
19.875 82.625 -0.15805
19.875 82.875 -0.31232
19.875 83.125 0.15583
19.875 83.375 0.40164
19.875 83.625 0.73203
19.875 83.875 0.51399
19.875 84.125 -0.056181
19.875 84.375 -0.21816
19.875 84.625 0.52345
19.875 84.875 0.0061271
19.875 85.125 -0.51034
19.875 85.375 0.13192
NaN NaN NaN
NaN NaN NaN
NaN NaN NaN
20.125 72.875 1.5028
20.125 73.125 1.63
20.125 73.375 -0.31328
20.125 73.625 2.333
20.125 73.875 1.8686
20.125 74.125 2.2298
20.125 74.375 0.99234
20.125 74.625 0.78067
20.125 74.875 -0.40237
20.125 75.125 -0.93064
20.125 75.375 -1.5002
20.125 75.625 -1.6999
20.125 75.875 -1.5042
20.125 76.125 -1.3368
20.125 76.375 -1.0793
20.125 76.625 -1.2033
20.125 76.875 -1.2173
20.125 77.125 -1.3579
20.125 77.375 -0.75292
20.125 77.625 -0.41244
20.125 77.875 -1.7365
20.125 78.125 -1.9477
20.125 78.375 -1.8557
20.125 78.625 -1.453
20.125 78.875 -1.316
20.125 79.125 -1.5253
20.125 79.375 -1.6555
20.125 79.625 -1.3093
20.125 79.875 -0.89238
20.125 80.125 -0.78634
20.125 80.375 -0.99535
20.125 80.625 -0.52586
20.125 80.875 -0.31223
20.125 81.125 -0.16685
20.125 81.375 0.018968
20.125 81.625 0.51411
20.125 81.875 1.5096
20.125 82.125 1.1761
20.125 82.375 -0.0067971
20.125 82.625 0.13686
20.125 82.875 0.80158
20.125 83.125 0.67258
20.125 83.375 0.84106
20.125 83.625 0.8015
20.125 83.875 1.0977
20.125 84.125 1.1855
20.125 84.375 0.12372
20.125 84.625 0.84601
20.125 84.875 0.44235
20.125 85.125 1.4018
20.125 85.375 0.38879
20.125 85.625 0.26374
20.125 85.875 -0.52815
20.125 86.125 -0.084118
NaN NaN NaN
20.375 73.125 1.8711
20.375 73.375 1.235
20.375 73.625 1.5937
20.375 73.875 -0.064177
20.375 74.125 0.36756
20.375 74.375 0.22277
20.375 74.625 -0.70541
20.375 74.875 -0.70679
20.375 75.125 0.46717
20.375 75.375 1.836
20.375 75.625 -0.62193
20.375 75.875 -0.78573
20.375 76.125 -0.90205
20.375 76.375 -1.1777
20.375 76.625 -1.0899
20.375 76.875 -1.4174
20.375 77.125 -1.1585
20.375 77.375 -0.99704
20.375 77.625 0.038581
20.375 77.875 -1.8078
20.375 78.125 -1.5691
20.375 78.375 -1.3888
20.375 78.625 -1.3911
20.375 78.875 -1.4983
20.375 79.125 -1.2153
20.375 79.375 -1.1537
20.375 79.625 -1.0499
20.375 79.875 -0.94616
20.375 80.125 -0.57783
20.375 80.375 -1.0067
20.375 80.625 -0.38419
20.375 80.875 0.061592
20.375 81.125 0.0015943
20.375 81.375 0.08485
20.375 81.625 0.58348
20.375 81.875 1.1966
20.375 82.125 1.3684
20.375 82.375 1.3224
20.375 82.625 1.2553
20.375 82.875 0.96107
20.375 83.125 1.2405
20.375 83.375 1.5486
20.375 83.625 1.1377
20.375 83.875 0.78412
20.375 84.125 0.82197
20.375 84.375 -0.88521
20.375 84.625 0.02794
20.375 84.875 0.26668
20.375 85.125 0.68161
20.375 85.375 -0.004264
20.375 85.625 1.0525
20.375 85.875 0.61676
20.375 86.125 0.54667
20.375 86.375 0.38857
NaN NaN NaN
20.625 73.125 1.3239
20.625 73.375 0.93132
20.625 73.625 1.2974
20.625 73.875 2.23
20.625 74.125 2.039
20.625 74.375 1.3429
20.625 74.625 1.468
20.625 74.875 0.77984
20.625 75.125 -0.3642
20.625 75.375 0.86604
20.625 75.625 -0.075844
20.625 75.875 -1.4153
20.625 76.125 -0.72205
20.625 76.375 -1.1251
20.625 76.625 -1.6267
20.625 76.875 -1.4969
20.625 77.125 -1.1404
20.625 77.375 -1.2214
20.625 77.625 -0.85661
20.625 77.875 -1.1098
20.625 78.125 -0.90901
20.625 78.375 -1.0287
20.625 78.625 -1.091
20.625 78.875 -1.8686
20.625 79.125 -1.6639
20.625 79.375 -1.3797
20.625 79.625 -0.80345
20.625 79.875 -0.67992
20.625 80.125 -0.2035
20.625 80.375 -0.48264
20.625 80.625 0.16826
20.625 80.875 0.6949
20.625 81.125 0.40456
20.625 81.375 0.40066
20.625 81.625 0.70865
20.625 81.875 1.6586
20.625 82.125 1.5128
20.625 82.375 1.0324
20.625 82.625 0.93483
20.625 82.875 1.0621
20.625 83.125 1.1096
20.625 83.375 1.6557
20.625 83.625 1.5464
20.625 83.875 0.58614
20.625 84.125 0.3941
20.625 84.375 0.31342
20.625 84.625 0.27776
20.625 84.875 0.013247
20.625 85.125 1.093
20.625 85.375 1.4209
20.625 85.625 -0.66293
20.625 85.875 0.46207
20.625 86.125 0.72436
20.625 86.375 1.0409
20.625 86.625 0.83039
NaN NaN NaN
20.875 70.625 2.2243
20.875 70.875 2.1808
20.875 71.125 1.8628
20.875 71.375 2.2636
20.875 72.875 1.2602
20.875 73.125 1.2124
20.875 73.375 0.6808
20.875 73.625 1.7448
20.875 73.875 2.2124
20.875 74.125 2.0379
20.875 74.375 2.1208
20.875 74.625 1.1509
20.875 74.875 -0.2323
20.875 75.125 -0.82294
20.875 75.375 -1.3528
20.875 75.625 -1.7619
20.875 75.875 -1.3501
20.875 76.125 -0.80305
20.875 76.375 -1.3618
20.875 76.625 -1.0035
20.875 76.875 -1.0206
20.875 77.125 -1.6826
20.875 77.375 -1.5065
20.875 77.625 -1.0159
20.875 77.875 -1.3212
20.875 78.125 -1.1448
20.875 78.375 -1.1009
20.875 78.625 -1.8889
20.875 78.875 -1.7023
20.875 79.125 -1.6091
20.875 79.375 -1.6567
20.875 79.625 -0.92654
20.875 79.875 -0.40253
20.875 80.125 -0.34628
20.875 80.375 -1.0343
20.875 80.625 -0.064395
20.875 80.875 0.56557
20.875 81.125 0.35134
20.875 81.375 -0.29106
20.875 81.625 1.5227
20.875 81.875 0.63737
20.875 82.125 0.48064
20.875 82.375 1.3938
20.875 82.625 1.2381
20.875 82.875 1.0744
20.875 83.125 1.3043
20.875 83.375 0.86993
20.875 83.625 1.5038
20.875 83.875 1.0482
20.875 84.125 0.36925
20.875 84.375 1.1046
20.875 84.625 0.89641
20.875 84.875 0.37047
20.875 85.125 1.5438
20.875 85.375 0.8999
20.875 85.625 0.64361
20.875 85.875 0.89594
20.875 86.125 0.81154
20.875 86.375 0.33537
20.875 86.625 0.54231
21.125 70.375 1.4367
21.125 70.625 1.9084
21.125 70.875 0.78097
21.125 71.125 1.7625
21.125 71.375 2.042
NaN NaN NaN
NaN NaN NaN
21.125 72.875 -0.60489
21.125 73.125 -0.41622
21.125 73.375 1.2047
21.125 73.625 -0.71833
21.125 73.875 -0.56593
21.125 74.125 -0.24407
21.125 74.375 -0.38668
21.125 74.625 -0.23742
21.125 74.875 0.049406
21.125 75.125 -0.7104
21.125 75.375 -0.094547
21.125 75.625 0.68821
21.125 75.875 0.95494
21.125 76.125 0.48344
21.125 76.375 -1.1865
21.125 76.625 -1.1164
21.125 76.875 -1.3672
21.125 77.125 -1.1708
21.125 77.375 -1.5245
21.125 77.625 -0.77562
21.125 77.875 -0.40288
21.125 78.125 -0.94788
21.125 78.375 -1.1085
21.125 78.625 -1.3831
21.125 78.875 -1.0138
21.125 79.125 -1.1052
21.125 79.375 -1.8686
21.125 79.625 -0.31578
21.125 79.875 -0.019561
21.125 80.125 -0.033948
21.125 80.375 -1.2846
21.125 80.625 -0.56169
21.125 80.875 0.3649
21.125 81.125 -0.25736
21.125 81.375 1.132
21.125 81.625 0.39114
21.125 81.875 0.48247
21.125 82.125 1.052
21.125 82.375 0.61431
21.125 82.625 0.90283
21.125 82.875 0.60989
21.125 83.125 0.7403
21.125 83.375 1.1784
21.125 83.625 1.3837
21.125 83.875 1.456
21.125 84.125 1.3352
21.125 84.375 0.60533
21.125 84.625 1.6579
21.125 84.875 1.7006
21.125 85.125 1.4294
21.125 85.375 0.88833
21.125 85.625 1.0898
21.125 85.875 1.4699
21.125 86.125 0.4348
21.125 86.375 0.45474
21.125 86.625 0.75022
21.375 70.125 0.66478
21.375 70.375 0.34715
21.375 70.625 2.0239
21.375 70.875 1.4672
21.375 71.125 0.57845
21.375 71.375 1.0162
21.375 71.625 0.63311
21.375 71.875 1.6322
21.375 72.875 0.76395
21.375 73.125 1.8909
21.375 73.375 1.5911
21.375 73.625 0.091782
21.375 73.875 -0.87685
21.375 74.125 -0.39492
21.375 74.375 -0.27065
21.375 74.625 -0.21683
21.375 74.875 0.24267
21.375 75.125 -0.25958
21.375 75.375 -0.47896
21.375 75.625 -0.07332
21.375 75.875 -0.43445
21.375 76.125 0.441
21.375 76.375 -1.2786
21.375 76.625 -1.2965
21.375 76.875 -1.3385
21.375 77.125 -1.2416
21.375 77.375 -0.75223
21.375 77.625 -0.70654
21.375 77.875 -0.72682
21.375 78.125 -0.55596
21.375 78.375 -1.0316
21.375 78.625 -0.88316
21.375 78.875 -0.68713
21.375 79.125 -0.98648
21.375 79.375 -1.1638
21.375 79.625 -0.86314
21.375 79.875 -0.60019
21.375 80.125 -0.97757
21.375 80.375 -1.2932
21.375 80.625 -1.1545
21.375 80.875 -1.907
21.375 81.125 -1.2673
21.375 81.375 0.65882
21.375 81.625 0.91609
21.375 81.875 1.1018
21.375 82.125 0.77735
21.375 82.375 0.87067
21.375 82.625 0.45843
21.375 82.875 0.5325
21.375 83.125 0.77236
21.375 83.375 1.1315
21.375 83.625 1.045
21.375 83.875 1.317
21.375 84.125 1.2088
21.375 84.375 1.3053
21.375 84.625 1.6897
21.375 84.875 0.98056
21.375 85.125 0.87781
21.375 85.375 0.96936
21.375 85.625 0.35189
21.375 85.875 0.4461
21.375 86.125 0.97099
21.375 86.375 0.91002
21.375 86.625 0.66374
21.375 86.875 0.55689
21.625 69.875 0.43848
21.625 70.125 -0.052
21.625 70.375 0.95784
21.625 70.625 1.3825
21.625 70.875 1.1216
21.625 71.125 0.10306
21.625 71.375 1.8374
21.625 71.625 2.1865
21.625 71.875 1.0083
21.625 72.125 0.77877
21.625 72.875 0.37507
21.625 73.125 1.0833
21.625 73.375 0.2721
21.625 73.625 -1.0304
21.625 73.875 -1.0324
21.625 74.125 -0.40761
21.625 74.375 -0.32005
21.625 74.625 -0.036342
21.625 74.875 0.064717
21.625 75.125 -0.0051
21.625 75.375 -0.43982
21.625 75.625 -1.1391
21.625 75.875 -1.1912
21.625 76.125 -0.46611
21.625 76.375 -1.5118
21.625 76.625 -1.7212
21.625 76.875 -1.4446
21.625 77.125 -0.93203
21.625 77.375 -0.36807
21.625 77.625 -1.1842
21.625 77.875 -0.51584
21.625 78.125 -0.42449
21.625 78.375 -0.74211
21.625 78.625 -0.94752
21.625 78.875 -1.0342
21.625 79.125 -1.6677
21.625 79.375 -1.6977
21.625 79.625 -0.2331
21.625 79.875 -0.39681
21.625 80.125 -0.49504
21.625 80.375 0.033104
21.625 80.625 -2.117
21.625 80.875 -1.5875
21.625 81.125 -1.687
21.625 81.375 -1.1395
21.625 81.625 0.31425
21.625 81.875 1.1667
21.625 82.125 1.2349
21.625 82.375 -0.070981
21.625 82.625 -0.094196
21.625 82.875 -0.34148
21.625 83.125 0.20235
21.625 83.375 -0.10398
21.625 83.625 0.69182
21.625 83.875 0.9524
21.625 84.125 1.2499
21.625 84.375 1.6474
21.625 84.625 1.4503
21.625 84.875 1.3679
21.625 85.125 0.70023
21.625 85.375 1.047
21.625 85.625 1.3144
21.625 85.875 1.3995
21.625 86.125 1.1012
21.625 86.375 1.2778
21.625 86.625 0.52335
21.625 86.875 0.45123
21.625 87.125 0.55415
NaN NaN NaN
NaN NaN NaN
21.875 69.625 1.4156
21.875 69.875 1.5418
21.875 70.125 0.85532
21.875 70.375 1.4971
21.875 70.625 1.4303
21.875 70.875 0.33764
21.875 71.125 -0.41532
21.875 71.375 1.5336
21.875 71.625 1.673
21.875 71.875 0.87238
21.875 72.125 0.53555
NaN NaN NaN
21.875 72.875 -1.3585
21.875 73.125 0.44276
21.875 73.375 -0.35057
21.875 73.625 -0.83117
21.875 73.875 -1.1218
21.875 74.125 -1.1146
21.875 74.375 -0.83264
21.875 74.625 -0.34199
21.875 74.875 -0.35365
21.875 75.125 -0.74441
21.875 75.375 -0.84365
21.875 75.625 -0.5634
21.875 75.875 -0.99116
21.875 76.125 -0.72333
21.875 76.375 -1.4004
21.875 76.625 -1.3261
21.875 76.875 -1.1233
21.875 77.125 -0.84924
21.875 77.375 -0.42416
21.875 77.625 -1.16
21.875 77.875 -1.211
21.875 78.125 -0.91139
21.875 78.375 -0.6132
21.875 78.625 -0.79574
21.875 78.875 -0.37401
21.875 79.125 -0.86924
21.875 79.375 -0.8918
21.875 79.625 -0.58683
21.875 79.875 -0.38763
21.875 80.125 1.0361
21.875 80.375 0.88153
21.875 80.625 0.34084
21.875 80.875 -1.077
21.875 81.125 -1.5816
21.875 81.375 -0.90158
21.875 81.625 0.54004
21.875 81.875 -0.15979
21.875 82.125 1.6994
21.875 82.375 -0.62275
21.875 82.625 -1.604
21.875 82.875 -1.4476
21.875 83.125 -0.86773
21.875 83.375 -0.0056571
21.875 83.625 -0.38502
21.875 83.875 1.5045
21.875 84.125 1.3383
21.875 84.375 1.9498
21.875 84.625 1.598
21.875 84.875 1.547
21.875 85.125 1.677
21.875 85.375 1.5506
21.875 85.625 1.4475
21.875 85.875 1.5403
21.875 86.125 1.2633
21.875 86.375 1.4009
21.875 86.625 0.69229
21.875 86.875 0.62723
21.875 87.125 0.68398
21.875 87.375 0.80725
21.875 87.625 1.4191
21.875 87.875 1.1809
21.875 88.375 0.081055
NaN NaN NaN
NaN NaN NaN
22.125 69.125 1.613
22.125 69.375 1.8586
22.125 69.625 1.9349
22.125 69.875 1.7576
22.125 70.125 0.98545
22.125 70.375 1.0944
22.125 70.625 0.76221
22.125 70.875 1.4132
22.125 71.125 -0.39237
22.125 71.375 1.1578
22.125 71.625 1.3342
22.125 71.875 0.093146
22.125 72.125 0.38989
NaN NaN NaN
22.125 72.875 -0.90335
22.125 73.125 -1.1396
22.125 73.375 -0.89338
22.125 73.625 -0.62442
22.125 73.875 -1.0809
22.125 74.125 -0.36065
22.125 74.375 -0.91037
22.125 74.625 -1.3371
22.125 74.875 -0.96298
22.125 75.125 -0.92642
22.125 75.375 -1.5883
22.125 75.625 -0.96662
22.125 75.875 -0.99109
22.125 76.125 -1.3202
22.125 76.375 -1.5624
22.125 76.625 -1.2182
22.125 76.875 -1.0346
22.125 77.125 -0.93597
22.125 77.375 -1.1461
22.125 77.625 -1.5653
22.125 77.875 -1.2516
22.125 78.125 -1.2853
22.125 78.375 -1.4093
22.125 78.625 -1.0023
22.125 78.875 -0.55086
22.125 79.125 -0.83974
22.125 79.375 -1.4719
22.125 79.625 -0.89463
22.125 79.875 -0.045706
22.125 80.125 0.79056
22.125 80.375 0.69813
22.125 80.625 0.85802
22.125 80.875 -0.60104
22.125 81.125 -1.677
22.125 81.375 1.7163
22.125 81.625 -0.68152
22.125 81.875 0.19696
22.125 82.125 0.21982
22.125 82.375 0.60968
22.125 82.625 -1.8197
22.125 82.875 -1.4662
22.125 83.125 -1.0105
22.125 83.375 -0.24232
22.125 83.625 0.72547
22.125 83.875 0.85061
22.125 84.125 1.0423
22.125 84.375 2.0211
22.125 84.625 1.7724
22.125 84.875 1.9935
22.125 85.125 1.6461
22.125 85.375 1.3121
22.125 85.625 0.46796
22.125 85.875 0.75508
22.125 86.125 1.4524
22.125 86.375 1.3173
22.125 86.625 0.65334
22.125 86.875 0.7727
22.125 87.125 0.66363
22.125 87.375 -0.18506
22.125 87.625 0.18771
22.125 87.875 0.65042
22.125 88.125 0.76738
22.125 88.375 0.32829
NaN NaN NaN
22.375 69.125 1.4325
22.375 69.875 0.69265
22.375 70.125 0.54476
22.375 70.375 -0.095906
22.375 70.625 1.0639
22.375 70.875 1.282
22.375 71.125 1.3195
22.375 71.375 1.2933
22.375 71.625 0.45863
22.375 71.875 0.72728
22.375 72.125 1.1721
NaN NaN NaN
22.375 72.875 -0.39778
22.375 73.125 -0.69454
22.375 73.375 -0.76733
22.375 73.625 0.083517
22.375 73.875 -0.62485
22.375 74.125 -0.86231
22.375 74.375 -0.55597
22.375 74.625 -0.92879
22.375 74.875 -0.87095
22.375 75.125 -0.69855
22.375 75.375 -0.49543
22.375 75.625 -0.78084
22.375 75.875 -0.76226
22.375 76.125 -0.62884
22.375 76.375 -0.51183
22.375 76.625 0.2758
22.375 76.875 -0.82778
22.375 77.125 -0.95595
22.375 77.375 -1.3206
22.375 77.625 -1.2837
22.375 77.875 -0.58761
22.375 78.125 -0.70228
22.375 78.375 -1.0446
22.375 78.625 -1.1292
22.375 78.875 -0.39756
22.375 79.125 -0.53391
22.375 79.375 -0.38316
22.375 79.625 -0.29747
22.375 79.875 -0.019202
22.375 80.125 0.2521
22.375 80.375 0.48657
22.375 80.625 0.43941
22.375 80.875 0.26075
22.375 81.125 0.25947
22.375 81.375 1.5307
22.375 81.625 -0.10694
22.375 81.875 0.042907
22.375 82.125 -1.1948
22.375 82.375 -0.51438
22.375 82.625 -1.6191
22.375 82.875 -1.5087
22.375 83.125 -1.811
22.375 83.375 -2.0877
22.375 83.625 -2.1246
22.375 83.875 -0.15659
22.375 84.125 0.23211
22.375 84.375 0.41964
22.375 84.625 1.4346
22.375 84.875 1.1121
22.375 85.125 0.47805
22.375 85.375 0.61629
22.375 85.625 0.27607
22.375 85.875 0.6298
22.375 86.125 1.2326
22.375 86.375 0.57204
22.375 86.625 0.25387
22.375 86.875 0.68503
22.375 87.125 0.77206
22.375 87.375 -0.3172
22.375 87.625 -0.4382
22.375 87.875 0.54227
22.375 88.125 -1.0121
22.375 88.375 -0.43164
22.375 88.625 -0.33026
22.375 88.875 -0.35621
NaN NaN NaN
22.625 70.375 1.3728
22.625 70.625 1.9745
22.625 70.875 1.2895
22.625 71.125 1.0772
22.625 71.375 0.64488
22.625 71.625 -0.076246
22.625 71.875 -0.58716
22.625 72.125 0.10332
22.625 72.375 0.84833
22.625 72.625 1.9699
22.625 72.875 -0.24833
22.625 73.125 -1.1542
22.625 73.375 -0.3513
22.625 73.625 -1.0872
22.625 73.875 -1.01
22.625 74.125 -0.6549
22.625 74.375 -0.26464
22.625 74.625 -0.80303
22.625 74.875 -0.88019
22.625 75.125 -0.36873
22.625 75.375 -0.48761
22.625 75.625 -0.89071
22.625 75.875 -0.67217
22.625 76.125 -0.17554
22.625 76.375 -0.54784
22.625 76.625 0.27695
22.625 76.875 -0.12282
22.625 77.125 -0.81021
22.625 77.375 -1.1964
22.625 77.625 -1.2803
22.625 77.875 -0.51636
22.625 78.125 -0.40701
22.625 78.375 -0.71915
22.625 78.625 -0.34691
22.625 78.875 -0.2789
22.625 79.125 -0.32418
22.625 79.375 -0.44542
22.625 79.625 -0.72772
22.625 79.875 -0.037065
22.625 80.125 -0.15563
22.625 80.375 -0.67016
22.625 80.625 -0.68425
22.625 80.875 -0.46061
22.625 81.125 0.43275
22.625 81.375 0.91475
22.625 81.625 0.21655
22.625 81.875 -0.17077
22.625 82.125 -1.2562
22.625 82.375 -2.1479
22.625 82.625 -1.8935
22.625 82.875 -2.1566
22.625 83.125 -2.3375
22.625 83.375 -1.4649
22.625 83.625 -0.58941
22.625 83.875 -1.9313
22.625 84.125 -0.55646
22.625 84.375 -0.63828
22.625 84.625 0.74358
22.625 84.875 0.90623
22.625 85.125 0.35713
22.625 85.375 0.7417
22.625 85.625 1.4685
22.625 85.875 0.69144
22.625 86.125 1.0027
22.625 86.375 0.045761
22.625 86.625 -0.29633
22.625 86.875 0.24534
22.625 87.125 0.76177
22.625 87.375 0.39616
22.625 87.625 0.40862
22.625 87.875 0.28785
22.625 88.125 0.20964
22.625 88.375 -0.5596
22.625 88.625 -0.48048
22.625 88.875 -0.48577
22.625 92.625 -0.05481
22.625 92.875 1.3488
NaN NaN NaN
NaN NaN NaN
NaN NaN NaN
22.875 70.625 1.87
22.875 70.875 1.4529
22.875 71.125 0.23368
22.875 71.375 -0.62094
22.875 71.625 -0.40057
22.875 71.875 -0.01139
22.875 72.125 -0.75173
22.875 72.375 0.31946
22.875 72.625 1.2963
22.875 72.875 0.071985
22.875 73.125 0.89362
22.875 73.375 -0.21142
22.875 73.625 -0.98278
22.875 73.875 -1.2145
22.875 74.125 -0.5543
22.875 74.375 -0.50267
22.875 74.625 -0.80281
22.875 74.875 -0.68474
22.875 75.125 -0.15413
22.875 75.375 0.03033
22.875 75.625 -0.45485
22.875 75.875 -0.72654
22.875 76.125 -0.70552
22.875 76.375 -0.59157
22.875 76.625 -0.65467
22.875 76.875 -0.89225
22.875 77.125 -0.55835
22.875 77.375 -2.0011
22.875 77.625 -1.2674
22.875 77.875 -0.70976
22.875 78.125 -0.44174
22.875 78.375 -0.50953
22.875 78.625 -0.45977
22.875 78.875 -0.083438
22.875 79.125 -0.53054
22.875 79.375 -1.106
22.875 79.625 -1.4744
22.875 79.875 0.22905
22.875 80.125 -0.1933
22.875 80.375 -0.74286
22.875 80.625 -0.56907
22.875 80.875 0.02092
22.875 81.125 0.44824
22.875 81.375 -0.80388
22.875 81.625 -0.58317
22.875 81.875 -0.38464
22.875 82.125 -1.0893
22.875 82.375 -1.3851
22.875 82.625 -1.743
22.875 82.875 -1.4372
22.875 83.125 -2.1904
22.875 83.375 -0.90366
22.875 83.625 0.85759
22.875 83.875 -0.91595
22.875 84.125 -1.1483
22.875 84.375 -1.1543
22.875 84.625 0.78003
22.875 84.875 0.8966
22.875 85.125 0.9998
22.875 85.375 1.1515
22.875 85.625 0.78349
22.875 85.875 0.15446
22.875 86.125 0.05737
22.875 86.375 0.24687
22.875 86.625 0.66615
22.875 86.875 0.64202
22.875 87.125 0.78715
22.875 87.375 0.84756
22.875 87.625 0.431
22.875 87.875 -1.2133
22.875 88.125 -0.62597
22.875 88.375 -0.62184
22.875 88.625 -0.56121
22.875 92.625 0.0077636
22.875 92.875 0.86404
23.125 68.875 1.8214
23.125 69.125 2.0981
23.125 69.375 1.927
23.125 69.625 1.6278
23.125 69.875 1.601
23.125 70.125 1.166
23.125 70.875 0.91812
23.125 71.125 0.88786
23.125 71.375 -0.51688
23.125 71.625 -0.10165
23.125 71.875 -0.23426
23.125 72.125 1.0205
23.125 72.375 -0.45386
23.125 72.625 0.81498
23.125 72.875 0.30542
23.125 73.125 -0.35957
23.125 73.375 -0.15291
23.125 73.625 -0.4646
23.125 73.875 -0.85521
23.125 74.125 -0.80143
23.125 74.375 -0.78513
23.125 74.625 -0.95358
23.125 74.875 -0.69652
23.125 75.125 0.057559
23.125 75.375 -0.5192
23.125 75.625 -0.55945
23.125 75.875 -0.57583
23.125 76.125 -0.747
23.125 76.375 -0.42225
23.125 76.625 -0.70745
23.125 76.875 -0.098499
23.125 77.125 0.30521
23.125 77.375 -0.55194
23.125 77.625 -0.48426
23.125 77.875 -0.012305
23.125 78.125 -0.548
23.125 78.375 -0.53885
23.125 78.625 -1.034
23.125 78.875 -0.88882
23.125 79.125 -0.40853
23.125 79.375 -0.26798
23.125 79.625 -1.299
23.125 79.875 -0.55586
23.125 80.125 -0.40336
23.125 80.375 -0.94701
23.125 80.625 0.038403
23.125 80.875 1.2983
23.125 81.125 1.6299
23.125 81.375 1.3775
23.125 81.625 -0.016886
23.125 81.875 0.14967
23.125 82.125 -1.0258
23.125 82.375 -1.052
23.125 82.625 0.25086
23.125 82.875 -0.5494
23.125 83.125 -0.45748
23.125 83.375 1.951
23.125 83.625 2.1884
23.125 83.875 1.8812
23.125 84.125 -1.051
23.125 84.375 -1.0636
23.125 84.625 -0.83594
23.125 84.875 -0.38164
23.125 85.125 0.2649
23.125 85.375 1.4422
23.125 85.625 0.54648
23.125 85.875 -1.0003
23.125 86.125 -0.79207
23.125 86.375 0.71323
23.125 86.625 0.55953
23.125 86.875 0.8638
23.125 87.125 0.58488
23.125 87.375 1.0745
23.125 87.625 -0.18059
23.125 87.875 -1.7081
23.125 88.125 -1.7361
23.125 88.375 -1.3012
23.125 88.625 -0.64451
NaN NaN NaN
23.125 92.625 -0.3132
23.125 92.875 -0.16307
NaN NaN NaN
23.375 68.875 2.0823
23.375 69.125 2.1256
23.375 69.375 2.1187
23.375 69.625 1.8527
23.375 69.875 1.5083
23.375 70.125 1.2052
23.375 70.375 1.2584
23.375 70.625 1.1826
23.375 70.875 0.82119
23.375 71.125 0.81028
23.375 71.375 0.05151
23.375 71.625 -0.33987
23.375 71.875 0.36465
23.375 72.125 -0.015911
23.375 72.375 0.14825
23.375 72.625 0.36466
23.375 72.875 0.6685
23.375 73.125 0.52693
23.375 73.375 0.46683
23.375 73.625 -0.64555
23.375 73.875 -0.99932
23.375 74.125 -0.86747
23.375 74.375 -0.68512
23.375 74.625 -0.55944
23.375 74.875 -0.27576
23.375 75.125 0.14165
23.375 75.375 0.047904
23.375 75.625 -0.62166
23.375 75.875 -0.48309
23.375 76.125 0.77857
23.375 76.375 0.33454
23.375 76.625 -0.29957
23.375 76.875 -0.29293
23.375 77.125 -0.071011
23.375 77.375 -0.61178
23.375 77.625 -1.2794
23.375 77.875 -0.0097648
23.375 78.125 -0.39296
23.375 78.375 -0.57449
23.375 78.625 -0.66656
23.375 78.875 -0.3429
23.375 79.125 -0.72467
23.375 79.375 -1.0162
23.375 79.625 0.4994
23.375 79.875 0.014857
23.375 80.125 -1.0673
23.375 80.375 -0.12695
23.375 80.625 0.84962
23.375 80.875 1.3029
23.375 81.125 1.7344
23.375 81.375 1.3976
23.375 81.625 0.82889
23.375 81.875 0.17368
23.375 82.125 0.60545
23.375 82.375 1.8104
23.375 82.625 0.92512
23.375 82.875 0.70471
23.375 83.125 1.6959
23.375 83.375 2.0378
23.375 83.625 2.2736
23.375 83.875 1.6929
23.375 84.125 -1.3975
23.375 84.375 -0.51745
23.375 84.625 -1.1734
23.375 84.875 -0.45431
23.375 85.125 0.82034
23.375 85.375 0.68993
23.375 85.625 1.3614
23.375 85.875 -0.40043
23.375 86.125 -0.80225
23.375 86.375 0.31847
23.375 86.625 0.50428
23.375 86.875 0.50755
23.375 87.125 0.41635
23.375 87.375 -0.11681
23.375 87.625 -0.75037
23.375 87.875 -1.8192
23.375 88.125 -1.7108
23.375 88.375 -1.5497
23.375 88.625 -1.4212
23.375 91.375 -1.0641
23.375 91.625 -0.60624
23.375 92.625 -0.40236
23.375 92.875 -0.66445
23.375 93.125 -1.4612
23.625 68.625 1.7189
23.625 68.875 1.8824
23.625 69.125 1.4739
23.625 69.375 1.7198
23.625 69.625 1.4289
23.625 69.875 1.0833
23.625 70.125 1.2722
23.625 70.375 1.2353
23.625 70.625 0.87132
23.625 70.875 0.91175
23.625 71.125 0.96798
23.625 71.375 1.2833
23.625 71.625 -0.40203
23.625 71.875 -0.47489
23.625 72.125 -0.21744
23.625 72.375 -0.3445
23.625 72.625 0.40494
23.625 72.875 0.42233
23.625 73.125 0.18851
23.625 73.375 0.045361
23.625 73.625 0.11134
23.625 73.875 -0.401
23.625 74.125 -0.075205
23.625 74.375 -0.33041
23.625 74.625 -0.2765
23.625 74.875 -0.38065
23.625 75.125 -0.532
23.625 75.375 0.41596
23.625 75.625 0.071914
23.625 75.875 1.1842
23.625 76.125 1.557
23.625 76.375 1.1784
23.625 76.625 0.25991
23.625 76.875 -0.34963
23.625 77.125 -0.047209
23.625 77.375 -0.24164
23.625 77.625 -0.89384
23.625 77.875 -0.16136
23.625 78.125 -0.30651
23.625 78.375 -0.564
23.625 78.625 -0.31304
23.625 78.875 -0.40253
23.625 79.125 -0.49766
23.625 79.375 -0.41066
23.625 79.625 -0.25321
23.625 79.875 0.80167
23.625 80.125 -1.2347
23.625 80.375 0.21464
23.625 80.625 0.82092
23.625 80.875 1.2104
23.625 81.125 1.1462
23.625 81.375 1.0917
23.625 81.625 1.4706
23.625 81.875 1.1369
23.625 82.125 0.62718
23.625 82.375 1.5809
23.625 82.625 1.98
23.625 82.875 1.6627
23.625 83.125 1.7637
23.625 83.375 1.7123
23.625 83.625 1.4384
23.625 83.875 0.40989
23.625 84.125 0.24191
23.625 84.375 0.49179
23.625 84.625 0.44014
23.625 84.875 -0.33229
23.625 85.125 0.017213
23.625 85.375 0.19115
23.625 85.625 0.75876
23.625 85.875 1.4543
23.625 86.125 -1.7447
23.625 86.375 0.26201
23.625 86.625 0.88431
23.625 86.875 -0.24459
23.625 87.125 -0.12985
23.625 87.375 -0.72075
23.625 87.625 -0.7025
23.625 87.875 -1.6031
23.625 88.125 -1.9842
23.625 88.375 -1.8938
23.625 91.375 -0.68729
23.625 91.625 -0.83287
NaN NaN NaN
23.625 92.375 -0.79374
23.625 92.625 -0.50497
23.625 92.875 -0.99841
23.625 93.125 -1.7218
23.875 68.875 1.3217
23.875 69.125 1.2256
23.875 69.375 1.533
23.875 69.625 1.5143
23.875 69.875 1.5314
23.875 70.125 1.0182
23.875 70.375 0.72063
23.875 70.625 0.51323
23.875 70.875 0.69795
23.875 71.125 0.63663
23.875 71.375 1.4825
23.875 71.625 1.3187
23.875 71.875 0.42382
23.875 72.125 0.55435
23.875 72.375 0.65239
23.875 72.625 0.36892
23.875 72.875 0.44637
23.875 73.125 0.78673
23.875 73.375 1.1712
23.875 73.625 -0.20515
23.875 73.875 0.21056
23.875 74.125 -0.11247
23.875 74.375 0.0036644
23.875 74.625 -0.070247
23.875 74.875 -0.089686
23.875 75.125 0.092384
23.875 75.375 0.85426
23.875 75.625 0.11644
23.875 75.875 1.3058
23.875 76.125 1.689
23.875 76.375 1.1886
23.875 76.625 0.59557
23.875 76.875 0.8755
23.875 77.125 1.0923
23.875 77.375 0.5606
23.875 77.625 -0.13019
23.875 77.875 0.52095
23.875 78.125 0.092025
23.875 78.375 -0.19724
23.875 78.625 -0.28886
23.875 78.875 -0.19253
23.875 79.125 -0.22125
23.875 79.375 0.51669
23.875 79.625 -0.19988
23.875 79.875 -0.36905
23.875 80.125 -0.11959
23.875 80.375 -0.41961
23.875 80.625 0.44607
23.875 80.875 0.93917
23.875 81.125 0.33864
23.875 81.375 0.88949
23.875 81.625 1.5889
23.875 81.875 1.4885
23.875 82.125 0.40994
23.875 82.375 1.2749
23.875 82.625 1.0667
23.875 82.875 0.87456
23.875 83.125 0.45208
23.875 83.375 0.053214
23.875 83.625 0.187
23.875 83.875 0.49075
23.875 84.125 0.20704
23.875 84.375 -0.19234
23.875 84.625 -0.81395
23.875 84.875 -1.2554
23.875 85.125 -1.3153
23.875 85.375 -0.98006
23.875 85.625 -0.27667
23.875 85.875 -0.25529
23.875 86.125 -0.3662
23.875 86.375 0.38625
23.875 86.625 0.095617
23.875 86.875 0.30377
23.875 87.125 0.012697
23.875 87.375 -0.66669
23.875 87.625 -1.3836
23.875 87.875 -1.7764
23.875 88.125 -2.0063
23.875 88.375 -2.083
23.875 91.375 -0.43342
23.875 91.625 -0.3234
23.875 91.875 0.80213
23.875 92.125 -0.10782
23.875 92.375 -0.36753
23.875 92.625 -0.45062
23.875 92.875 -1.6263
23.875 93.125 -2.0271
23.875 93.375 -1.9796
24.125 68.875 1.3237
24.125 69.125 1.18
24.125 69.375 1.4909
24.125 69.625 1.6529
24.125 69.875 1.4417
24.125 70.125 1.1129
24.125 70.375 0.89724
24.125 70.625 0.49948
24.125 70.875 0.40055
24.125 71.125 0.42629
24.125 71.375 0.15959
24.125 71.625 0.51719
24.125 71.875 0.4806
24.125 72.125 0.92188
24.125 72.375 0.64609
24.125 72.625 0.90387
24.125 72.875 0.88243
24.125 73.125 1.2325
24.125 73.375 0.12413
24.125 73.625 0.30081
24.125 73.875 0.29309
24.125 74.125 0.16342
24.125 74.375 0.10983
24.125 74.625 0.19043
24.125 74.875 -0.15102
24.125 75.125 -0.85307
24.125 75.375 0.55757
24.125 75.625 0.75552
24.125 75.875 0.82991
24.125 76.125 0.36864
24.125 76.375 0.72172
24.125 76.625 0.96011
24.125 76.875 1.3048
24.125 77.125 0.99145
24.125 77.375 1.061
24.125 77.625 -0.18766
24.125 77.875 -0.39547
24.125 78.125 1.1776
24.125 78.375 1.1476
24.125 78.625 -0.21933
24.125 78.875 -0.61191
24.125 79.125 -0.60291
24.125 79.375 0.00030016
24.125 79.625 -0.62601
24.125 79.875 0.3002
24.125 80.125 0.025053
24.125 80.375 -0.43368
24.125 80.625 0.68553
24.125 80.875 1.0767
24.125 81.125 -0.0049099
24.125 81.375 0.53748
24.125 81.625 0.95664
24.125 81.875 1.0858
24.125 82.125 1.1527
24.125 82.375 0.91946
24.125 82.625 0.4331
24.125 82.875 -0.46596
24.125 83.125 0.066247
24.125 83.375 -1.1869
24.125 83.625 -1.0772
24.125 83.875 -0.21251
24.125 84.125 0.097111
24.125 84.375 -0.39439
24.125 84.625 -0.73648
24.125 84.875 -1.2479
24.125 85.125 -1.4764
24.125 85.375 -0.93698
24.125 85.625 -1.0652
24.125 85.875 -0.33767
24.125 86.125 -0.49178
24.125 86.375 -0.99564
24.125 86.625 -0.57044
24.125 86.875 -0.75136
24.125 87.125 -0.87749
24.125 87.375 -0.5218
24.125 87.625 -1.1943
24.125 87.875 -1.389
24.125 88.125 -1.7381
24.125 88.375 -1.9603
24.125 91.875 1.3077
24.125 92.125 0.60333
24.125 92.375 0.1251
24.125 92.625 -0.34428
24.125 92.875 -1.7168
24.125 93.125 -2.171
24.125 93.375 -2.07
24.125 93.625 -2.0234
24.125 93.875 -1.9745
NaN NaN NaN
24.375 71.375 -0.049987
24.375 71.625 0.60827
24.375 71.875 0.88938
24.375 72.125 0.75332
24.375 72.375 -0.20417
24.375 72.625 0.45962
24.375 72.875 0.53003
24.375 73.125 0.86872
24.375 73.375 0.98481
24.375 73.625 0.36404
24.375 73.875 0.30255
24.375 74.125 0.048866
24.375 74.375 0.44828
24.375 74.625 -0.037361
24.375 74.875 -0.19199
24.375 75.125 -0.2289
24.375 75.375 0.45916
24.375 75.625 0.69774
24.375 75.875 0.077703
24.375 76.125 -0.62634
24.375 76.375 0.25866
24.375 76.625 0.88062
24.375 76.875 1.1593
24.375 77.125 0.8675
24.375 77.375 1.3192
24.375 77.625 0.87722
24.375 77.875 1.0684
24.375 78.125 1.6982
24.375 78.375 1.7138
24.375 78.625 -0.82904
24.375 78.875 0.062528
24.375 79.125 -0.10201
24.375 79.375 -0.23355
24.375 79.625 0.22107
24.375 79.875 0.2728
24.375 80.125 0.10191
24.375 80.375 1.0136
24.375 80.625 1.0963
24.375 80.875 0.31233
24.375 81.125 0.054386
24.375 81.375 0.36133
24.375 81.625 0.9451
24.375 81.875 1.729
24.375 82.125 0.93602
24.375 82.375 0.64928
24.375 82.625 0.68018
24.375 82.875 0.53145
24.375 83.125 0.14144
24.375 83.375 -0.44479
24.375 83.625 -0.84377
24.375 83.875 -0.74896
24.375 84.125 -0.4035
24.375 84.375 0.16245
24.375 84.625 -1.3703
24.375 84.875 -1.0836
24.375 85.125 -0.79198
24.375 85.375 -0.19238
24.375 85.625 -0.77496
24.375 85.875 -1.5603
24.375 86.125 -1.1916
24.375 86.375 -0.86868
24.375 86.625 -1.0134
24.375 86.875 -1.0433
24.375 87.125 -1.5146
24.375 87.375 -1.7339
24.375 87.625 -1.4966
24.375 87.875 -1.724
24.375 88.125 -1.4207
24.375 92.375 -0.64829
24.375 92.625 -1.3063
24.375 92.875 -2.0907
24.375 93.125 -2.2413
24.375 93.375 -2.0428
24.375 93.625 -2.0295
24.375 93.875 -1.7735
24.375 94.125 -1.2434
24.625 71.125 -0.23286
24.625 71.375 -0.028016
24.625 71.625 0.4186
24.625 71.875 0.36324
24.625 72.125 -0.055349
24.625 72.375 -0.066652
24.625 72.625 0.28447
24.625 72.875 0.34827
24.625 73.125 1.2341
24.625 73.375 1.2828
24.625 73.625 1.2315
24.625 73.875 1.1789
24.625 74.125 0.52758
24.625 74.375 0.44989
24.625 74.625 0.71555
24.625 74.875 0.86417
24.625 75.125 0.64072
24.625 75.375 0.53718
24.625 75.625 0.51889
24.625 75.875 -0.1922
24.625 76.125 -0.14074
24.625 76.375 -0.16601
24.625 76.625 0.060325
24.625 76.875 0.53948
24.625 77.125 0.74651
24.625 77.375 1.3014
24.625 77.625 0.31859
24.625 77.875 0.58452
24.625 78.125 1.116
24.625 78.375 1.0002
24.625 78.625 -0.37998
24.625 78.875 0.27353
24.625 79.125 0.073182
24.625 79.375 0.074214
24.625 79.625 0.55797
24.625 79.875 0.90957
24.625 80.125 0.75459
24.625 80.375 1.253
24.625 80.625 1.5248
24.625 80.875 -1.0645
24.625 81.125 -1.193
24.625 81.375 1.6049
24.625 81.625 1.7396
24.625 81.875 1.6015
24.625 82.125 -0.42985
24.625 82.375 -0.0024842
24.625 82.625 0.8177
24.625 82.875 0.77838
24.625 83.125 -0.29129
24.625 83.375 -0.83467
24.625 83.625 -0.40152
24.625 83.875 -0.82381
24.625 84.125 0.17369
24.625 84.375 0.012948
24.625 84.625 -1.4539
24.625 84.875 -1.3795
24.625 85.125 -1.2983
24.625 85.375 -1.0429
24.625 85.625 -1.6407
24.625 85.875 -1.3223
24.625 86.125 -1.1579
24.625 86.375 -0.44859
24.625 86.625 -0.043644
24.625 86.875 -0.75231
24.625 87.125 -1.3308
24.625 87.375 -1.3052
24.625 87.625 -1.1497
24.625 87.875 -0.9989
24.625 92.375 -0.30142
24.625 92.625 -1.0683
24.625 92.875 -1.5502
24.625 93.125 -1.2603
24.625 93.375 -0.8034
24.625 93.625 -1.7795
24.625 93.875 -1.2836
24.625 94.125 -0.82632
NaN NaN NaN
24.875 71.125 -0.2331
24.875 71.375 -0.42083
24.875 71.625 -0.17545
24.875 71.875 -0.5163
24.875 72.125 -0.38251
24.875 72.375 -0.26174
24.875 72.625 -0.12922
24.875 72.875 -0.1199
24.875 73.125 0.24318
24.875 73.375 0.99295
24.875 73.625 0.84287
24.875 73.875 1.1793
24.875 74.125 1.0132
24.875 74.375 0.9978
24.875 74.625 0.79568
24.875 74.875 0.74824
24.875 75.125 0.39806
24.875 75.375 0.36646
24.875 75.625 0.085166
24.875 75.875 0.32016
24.875 76.125 0.37315
24.875 76.375 -0.028987
24.875 76.625 0.097562
24.875 76.875 0.43612
24.875 77.125 1.0585
24.875 77.375 1.3876
24.875 77.625 0.60924
24.875 77.875 0.61435
24.875 78.125 1.1643
24.875 78.375 0.52866
24.875 78.625 -0.12903
24.875 78.875 1.644
24.875 79.125 0.64548
24.875 79.375 0.6021
24.875 79.625 0.85346
24.875 79.875 1.4895
24.875 80.125 0.8483
24.875 80.375 1.2542
24.875 80.625 1.73
24.875 80.875 -0.81363
24.875 81.125 -0.79299
24.875 81.375 -0.71917
24.875 81.625 1.1467
24.875 81.875 0.49123
24.875 82.125 -0.85652
24.875 82.375 -0.95978
24.875 82.625 1.1335
24.875 82.875 -0.90011
24.875 83.125 -0.92111
24.875 83.375 -1.2088
24.875 83.625 -0.35149
24.875 83.875 -0.89312
24.875 84.125 -0.72217
24.875 84.375 -1.7216
24.875 84.625 -1.8291
24.875 84.875 -1.4003
24.875 85.125 -1.4833
24.875 85.375 -1.8721
24.875 85.625 -1.4091
24.875 85.875 -0.46375
24.875 86.125 -1.1466
24.875 86.375 -0.49189
24.875 86.625 -0.74872
24.875 86.875 -1.0607
24.875 87.125 -1.8388
24.875 87.375 -0.76214
24.875 87.625 -0.35902
24.875 87.875 -0.34584
24.875 88.125 0.76934
24.875 92.625 -0.5907
24.875 92.875 -0.04613
24.875 93.125 0.9226
24.875 93.375 -1.1951
24.875 93.625 -1.1143
24.875 93.875 -0.67904
24.875 94.125 -0.55022
24.875 94.375 -0.27038
25.125 71.125 -0.081338
25.125 71.375 -0.18379
25.125 71.625 -0.38544
25.125 71.875 -0.33305
25.125 72.125 -0.0073913
25.125 72.375 1.0736
25.125 72.625 1.031
25.125 72.875 0.26345
25.125 73.125 0.19484
25.125 73.375 1.2783
25.125 73.625 1.2659
25.125 73.875 0.68346
25.125 74.125 0.78615
25.125 74.375 0.68981
25.125 74.625 0.9093
25.125 74.875 0.35676
25.125 75.125 0.080026
25.125 75.375 0.51739
25.125 75.625 0.55624
25.125 75.875 -0.37332
25.125 76.125 0.095401
25.125 76.375 0.030637
25.125 76.625 0.37214
25.125 76.875 0.50463
25.125 77.125 0.85838
25.125 77.375 1.0814
25.125 77.625 1.1514
25.125 77.875 1.0761
25.125 78.125 1.615
25.125 78.375 1.1962
25.125 78.625 0.17066
25.125 78.875 -0.32813
25.125 79.125 0.4303
25.125 79.375 1.0179
25.125 79.625 1.1265
25.125 79.875 1.2282
25.125 80.125 0.44309
25.125 80.375 1.4222
25.125 80.625 1.3583
25.125 80.875 0.34246
25.125 81.125 -1.5457
25.125 81.375 -0.16175
25.125 81.625 -2.0271
25.125 81.875 -1.0354
25.125 82.125 -0.44345
25.125 82.375 0.88111
25.125 82.625 0.72216
25.125 82.875 -0.84899
25.125 83.125 -1.3572
25.125 83.375 -1.251
25.125 83.625 -0.59323
25.125 83.875 -0.79798
25.125 84.125 -0.71149
25.125 84.375 -1.5978
25.125 84.625 -1.4589
25.125 84.875 -1.5092
25.125 85.125 -1.4101
25.125 85.375 -1.3674
25.125 85.625 -0.28438
25.125 85.875 -0.20563
25.125 86.125 -0.77305
25.125 86.375 -0.44487
25.125 86.625 -0.44418
25.125 86.875 -1.1532
25.125 87.125 -1.1038
25.125 87.375 -0.94533
25.125 87.625 -0.43396
25.125 87.875 -0.11466
25.125 88.125 1.0623
25.125 88.375 1.1493
25.125 92.375 -0.72908
25.125 92.625 -0.51139
25.125 92.875 0.11703
25.125 93.125 0.94698
25.125 93.375 -0.70627
25.125 93.625 -0.63967
25.125 93.875 -0.63848
25.125 94.125 -0.60744
25.125 94.375 -0.35725
25.375 70.875 0.2786
25.375 71.125 -0.075953
25.375 71.375 -0.1922
25.375 71.625 -0.080261
25.375 71.875 -0.14267
25.375 72.125 0.22113
25.375 72.375 1.1146
25.375 72.625 1.0979
25.375 72.875 0.78162
25.375 73.125 1.0252
25.375 73.375 1.741
25.375 73.625 1.9694
25.375 73.875 0.7168
25.375 74.125 0.50197
25.375 74.375 0.63485
25.375 74.625 0.97425
25.375 74.875 1.17
25.375 75.125 1.2518
25.375 75.375 1.4354
25.375 75.625 1.2764
25.375 75.875 0.5341
25.375 76.125 0.51771
25.375 76.375 0.75656
25.375 76.625 0.50983
25.375 76.875 0.42484
25.375 77.125 1.0814
25.375 77.375 1.1606
25.375 77.625 1.2678
25.375 77.875 1.3692
25.375 78.125 1.0336
25.375 78.375 1.0619
25.375 78.625 -1.4983
25.375 78.875 -2.0988
25.375 79.125 0.25048
25.375 79.375 2.0437
25.375 79.625 1.2605
25.375 79.875 1.2512
25.375 80.125 1.1939
25.375 80.375 1.6558
25.375 80.625 1.1611
25.375 80.875 -1.8471
25.375 81.125 -1.7255
25.375 81.375 0.6968
25.375 81.625 0.60988
25.375 81.875 -2.2511
25.375 82.125 -1.7657
25.375 82.375 -1.4538
25.375 82.625 -1.4084
25.375 82.875 -1.34
25.375 83.125 -1.5458
25.375 83.375 -0.065897
25.375 83.625 0.081883
25.375 83.875 0.16905
25.375 84.125 -0.29213
25.375 84.375 -1.1866
25.375 84.625 -1.4433
25.375 84.875 -0.7794
25.375 85.125 -1.1162
25.375 85.375 -1.1758
25.375 85.625 -0.83476
25.375 85.875 0.70511
25.375 86.125 1.3295
25.375 86.375 0.2934
25.375 86.625 -0.88426
25.375 86.875 -1.0269
25.375 87.125 -1.4736
25.375 87.375 -1.0457
25.375 87.625 0.013182
25.375 87.875 -0.0052725
25.375 88.125 0.9258
25.375 88.375 0.67425
25.375 88.625 -0.1883
25.375 90.125 -0.26091
25.375 90.375 -0.59142
25.375 90.625 -0.20889
25.375 90.875 -0.36148
25.375 91.125 0.039187
25.375 91.375 -0.81126
25.375 91.625 -1.0065
25.375 91.875 -1.1037
25.375 92.125 -1.27
25.375 92.375 -1.3717
25.375 92.625 -1.5328
25.375 92.875 -0.16558
25.375 93.125 -0.69789
25.375 93.375 -0.85137
25.375 93.625 -0.32335
25.375 93.875 -0.66491
25.375 94.125 -0.48769
25.375 94.375 -0.0030046
25.625 70.875 0.70584
25.625 71.125 -0.16409
25.625 71.375 -0.078622
25.625 71.625 0.075368
25.625 71.875 0.4999
25.625 72.125 0.21809
25.625 72.375 0.22109
25.625 72.625 -0.22767
25.625 72.875 0.10484
25.625 73.125 1.0563
25.625 73.375 1.855
25.625 73.625 1.8365
25.625 73.875 1.143
25.625 74.125 0.47603
25.625 74.375 0.31813
25.625 74.625 0.87853
25.625 74.875 1.7994
25.625 75.125 0.83514
25.625 75.375 1.3448
25.625 75.625 1.649
25.625 75.875 1.2379
25.625 76.125 1.0139
25.625 76.375 0.59674
25.625 76.625 0.68776
25.625 76.875 1.1204
25.625 77.125 1.6396
25.625 77.375 1.3834
25.625 77.625 0.96486
25.625 77.875 0.73359
25.625 78.125 0.65804
25.625 78.375 -0.34597
25.625 78.625 -1.1991
25.625 78.875 -1.9212
25.625 79.125 1.7258
25.625 79.375 2.2729
25.625 79.625 1.2096
25.625 79.875 0.81216
25.625 80.125 1.2586
25.625 80.375 1.2914
25.625 80.625 -1.7878
25.625 80.875 -1.9079
25.625 81.125 0.9358
25.625 81.375 0.77172
25.625 81.625 -1.3877
25.625 81.875 -1.1928
25.625 82.125 -1.7491
25.625 82.375 -0.59121
25.625 82.625 -1.7115
25.625 82.875 -1.6548
25.625 83.125 -1.7083
25.625 83.375 -0.97238
25.625 83.625 0.21131
25.625 83.875 -0.64716
25.625 84.125 -1.6409
25.625 84.375 -1.5679
25.625 84.625 -0.77201
25.625 84.875 -0.90821
25.625 85.125 -1.4238
25.625 85.375 -1.4154
25.625 85.625 -0.70351
25.625 85.875 -0.61229
25.625 86.125 -1.4722
25.625 86.375 -1.2612
25.625 86.625 -2.0686
25.625 86.875 -0.57882
25.625 87.125 -1.138
25.625 87.375 -1.1468
25.625 87.625 -0.74177
25.625 87.875 -0.64848
25.625 88.125 -0.1654
25.625 90.125 0.36996
25.625 90.375 -0.1898
25.625 90.625 -0.49395
25.625 90.875 0.22042
25.625 91.125 2.3408
25.625 91.375 1.4766
25.625 91.625 0.66194
25.625 91.875 -0.78525
25.625 92.125 -1.3748
25.625 92.375 -1.2393
25.625 92.625 -1.4271
25.625 92.875 -0.87906
25.625 93.125 -1.0742
25.625 93.375 -1.2498
25.625 93.625 -1.0127
25.625 93.875 -0.20609
25.625 94.125 0.36497
25.625 94.375 0.55231
NaN NaN NaN
NaN NaN NaN
25.875 70.375 1.4406
25.875 70.625 0.46125
25.875 70.875 0.22139
25.875 71.125 0.40579
25.875 71.375 0.032501
25.875 71.625 0.34122
25.875 71.875 0.86662
25.875 72.125 1.1805
25.875 72.375 0.50296
25.875 72.625 -0.16109
25.875 72.875 -0.19638
25.875 73.125 1.1528
25.875 73.375 2.026
25.875 73.625 2.0097
25.875 73.875 1.8382
25.875 74.125 1.2404
25.875 74.375 0.43054
25.875 74.625 1.1881
25.875 74.875 1.7451
25.875 75.125 0.85931
25.875 75.375 0.74279
25.875 75.625 0.98679
25.875 75.875 1.0537
25.875 76.125 0.8166
25.875 76.375 1.2587
25.875 76.625 0.90604
25.875 76.875 0.65964
25.875 77.125 1.1339
25.875 77.375 1.1815
25.875 77.625 1.1986
25.875 77.875 -0.088977
25.875 78.125 1.3747
25.875 78.375 0.68419
25.875 78.625 0.41461
25.875 78.875 -0.85741
25.875 79.125 0.2294
25.875 79.375 -0.86283
25.875 79.625 -1.0366
25.875 79.875 0.26785
25.875 80.125 -0.57459
25.875 80.375 -0.60921
25.875 80.625 -1.3794
25.875 80.875 -1.4957
25.875 81.125 -1.7092
25.875 81.375 0.90927
25.875 81.625 -1.0357
25.875 81.875 -0.4087
25.875 82.125 -2.1445
25.875 82.375 -1.4042
25.875 82.625 -1.2181
25.875 82.875 -0.2705
25.875 83.125 -1.5594
25.875 83.375 -2.1813
25.875 83.625 -0.67208
25.875 83.875 -1.6013
25.875 84.125 0.54931
25.875 84.375 -1.5393
25.875 84.625 -0.9573
25.875 84.875 -0.99064
25.875 85.125 -0.93728
25.875 85.375 -1.026
25.875 85.625 -0.71877
25.875 85.875 -0.91717
25.875 86.125 -1.3285
25.875 86.375 -0.86409
25.875 86.625 -0.15134
25.875 86.875 -0.15659
25.875 87.125 -1.7051
25.875 87.375 -1.0214
25.875 87.625 -1.1883
25.875 87.875 -1.5975
25.875 90.125 -1.2293
25.875 90.375 -0.86266
25.875 90.625 -0.064276
25.875 90.875 -1.0962
25.875 91.125 -0.31344
25.875 91.375 -0.026317
25.875 91.625 -1.1254
25.875 91.875 -1.734
25.875 92.125 -1.2943
25.875 92.375 -0.9797
25.875 92.625 -0.76438
25.875 92.875 -1.1716
25.875 93.125 -1.8558
25.875 93.375 -1.8912
25.875 93.625 -1.1161
25.875 93.875 0.79057
25.875 94.125 0.76889
25.875 94.375 0.59704
25.875 94.625 0.5443
25.875 94.875 0.40482
26.125 70.375 1.5631
26.125 70.625 0.86022
26.125 70.875 0.80438
26.125 71.125 0.19304
26.125 71.375 0.521
26.125 71.625 1.1224
26.125 71.875 1.2674
26.125 72.125 1.4954
26.125 72.375 0.93479
26.125 72.625 0.22535
26.125 72.875 -0.024571
26.125 73.125 0.032736
26.125 73.375 1.2015
26.125 73.625 1.64
26.125 73.875 1.6432
26.125 74.125 1.4869
26.125 74.375 1.7607
26.125 74.625 1.262
26.125 74.875 1.4884
26.125 75.125 1.1441
26.125 75.375 0.85464
26.125 75.625 0.73035
26.125 75.875 0.8734
26.125 76.125 0.8711
26.125 76.375 1.0294
26.125 76.625 1.0411
26.125 76.875 0.54296
26.125 77.125 0.71018
26.125 77.375 0.90598
26.125 77.625 0.97734
26.125 77.875 0.60607
26.125 78.125 0.79168
26.125 78.375 2.0293
26.125 78.625 1.9039
26.125 78.875 1.0255
26.125 79.125 0.78254
26.125 79.375 0.93135
26.125 79.625 -1.93
26.125 79.875 -1.6371
26.125 80.125 -0.12125
26.125 80.375 -0.70786
26.125 80.625 -1.5945
26.125 80.875 0.96569
26.125 81.125 -0.24734
26.125 81.375 -2.0892
26.125 81.625 -0.12379
26.125 81.875 -1.333
26.125 82.125 -2.131
26.125 82.375 -1.3331
26.125 82.625 -0.92939
26.125 82.875 -0.92446
26.125 83.125 -1.6276
26.125 83.375 -2.0017
26.125 83.625 -1.802
26.125 83.875 -0.29384
26.125 84.125 0.69138
26.125 84.375 -1.1979
26.125 84.625 -1.4731
26.125 84.875 -1.7473
26.125 85.125 -0.58236
26.125 85.375 -2.1609
26.125 85.625 -1.551
26.125 85.875 1.5654
26.125 86.125 -0.91053
26.125 86.375 -1.3674
26.125 86.625 -0.23915
26.125 86.875 -0.13406
26.125 87.125 -1.7303
26.125 87.375 -1.1513
26.125 87.625 -1.2206
26.125 87.875 -1.3478
26.125 88.125 -1.4314
26.125 89.375 -1.1945
26.125 89.875 -1.2058
26.125 90.125 -1.3032
26.125 90.375 -0.96431
26.125 90.625 -0.20538
26.125 90.875 -1.9404
26.125 91.125 -1.5897
26.125 91.375 -1.171
26.125 91.625 -1.8862
26.125 91.875 -1.7337
26.125 92.125 -0.86041
26.125 92.375 -0.48058
26.125 92.625 -0.15718
26.125 92.875 -1.463
26.125 93.125 -1.7617
26.125 93.375 -0.69076
26.125 93.625 -0.6361
26.125 93.875 1.5443
26.125 94.125 0.91774
26.125 94.375 0.37771
26.125 94.625 0.094081
26.125 94.875 0.070102
26.375 70.375 0.64107
26.375 70.625 0.62045
26.375 70.875 0.6776
26.375 71.125 1.0387
26.375 71.375 1.2716
26.375 71.625 2.1367
26.375 71.875 1.8575
26.375 72.125 1.5417
26.375 72.375 0.92048
26.375 72.625 -0.043601
26.375 72.875 0.16429
26.375 73.125 -0.15331
26.375 73.375 0.61933
26.375 73.625 1.4981
26.375 73.875 1.7171
26.375 74.125 1.7846
26.375 74.375 2.0292
26.375 74.625 -0.60507
26.375 74.875 1.058
26.375 75.125 1.3583
26.375 75.375 1.3036
26.375 75.625 0.89761
26.375 75.875 0.67971
26.375 76.125 0.46604
26.375 76.375 0.4471
26.375 76.625 0.97546
26.375 76.875 0.95877
26.375 77.125 1.0097
26.375 77.375 1.6824
26.375 77.625 1.3819
26.375 77.875 -0.38417
26.375 78.125 0.2638
26.375 78.375 -0.57723
26.375 78.625 2.0501
26.375 78.875 1.5404
26.375 79.125 1.3379
26.375 79.375 -1.688
26.375 79.625 -1.8841
26.375 79.875 0.59733
26.375 80.125 1.3009
26.375 80.375 -1.4629
26.375 80.625 -1.5037
26.375 80.875 -0.21764
26.375 81.125 -1.4796
26.375 81.375 -2.1736
26.375 81.625 -1.9212
26.375 81.875 -1.5148
26.375 82.125 -1.7167
26.375 82.375 -1.4263
26.375 82.625 -1.3872
26.375 82.875 -0.50902
26.375 83.125 -1.311
26.375 83.375 -1.7185
26.375 83.625 -0.72858
26.375 83.875 -0.011046
26.375 84.125 0.041394
26.375 84.375 -1.391
26.375 84.625 -1.4765
26.375 84.875 -0.69523
26.375 85.125 -1.7231
26.375 85.375 -2.0354
26.375 85.625 -1.7655
26.375 85.875 -0.65971
26.375 86.125 -1.2251
26.375 86.375 -2.0723
26.375 86.625 -2.0402
26.375 86.875 -0.61324
26.375 87.125 -1.3217
26.375 87.625 -1.8041
26.375 87.875 -1.5776
26.375 88.125 -1.3443
26.375 88.375 -1.0117
26.375 88.875 -0.44011
26.375 89.375 -0.93765
26.375 89.625 -0.93922
26.375 89.875 -1.3482
26.375 90.125 -1.0731
26.375 90.375 -0.89134
26.375 90.625 -1.2978
26.375 90.875 -1.2115
26.375 91.125 -2.0095
26.375 91.375 -1.6793
26.375 91.625 -1.6107
26.375 91.875 -1.4266
26.375 92.125 -1.319
26.375 92.375 -0.72194
26.375 92.625 -0.50546
26.375 92.875 -1.5172
26.375 93.125 -1.1025
26.375 93.375 -1.4061
26.375 93.625 -1.043
26.375 93.875 0.79402
26.375 94.125 0.73336
26.375 94.375 -0.062977
26.375 94.625 -0.19724
26.375 94.875 -0.17611
26.625 69.875 0.97575
26.625 70.125 0.67564
26.625 70.375 0.16336
26.625 70.625 0.41902
26.625 70.875 0.5156
26.625 71.125 0.55022
26.625 71.375 1.9998
26.625 71.625 2.0617
26.625 71.875 1.9381
26.625 72.125 1.4122
26.625 72.375 0.052086
26.625 72.625 -0.2222
26.625 72.875 -0.010163
26.625 73.125 0.36545
26.625 73.375 0.4479
26.625 73.625 1.5782
26.625 73.875 1.7041
26.625 74.125 1.8294
26.625 74.375 1.6393
26.625 74.625 0.62402
26.625 74.875 1.3922
26.625 75.125 1.2549
26.625 75.375 1.2216
26.625 75.625 0.87139
26.625 75.875 0.42951
26.625 76.125 1.1151
26.625 76.375 0.45459
26.625 76.625 0.68154
26.625 76.875 0.99787
26.625 77.125 1.2319
26.625 77.375 1.6948
26.625 77.625 1.6058
26.625 77.875 -1.5776
26.625 78.125 -0.56806
26.625 78.375 1.6054
26.625 78.625 1.6913
26.625 78.875 -0.31109
26.625 79.125 -1.4294
26.625 79.375 -0.67314
26.625 79.625 0.46967
26.625 79.875 -0.99255
26.625 80.125 -1.8622
26.625 80.375 0.29291
26.625 80.625 -1.1596
26.625 80.875 -0.32162
26.625 81.125 0.75611
26.625 81.375 -1.1654
26.625 81.625 -1.3509
26.625 81.875 0.63446
26.625 82.125 -0.69732
26.625 82.375 0.27657
26.625 82.625 -1.9465
26.625 82.875 -0.6935
26.625 83.125 -0.49722
26.625 83.375 -1.6653
26.625 83.625 -1.5677
26.625 83.875 -1.3249
26.625 84.125 1.3184
26.625 84.375 -1.0359
26.625 84.625 -1.6696
26.625 84.875 -1.5325
26.625 85.125 -1.3316
26.625 85.375 -1.5928
26.625 85.625 -1.1187
26.625 86.125 -1.7837
26.625 88.375 -1.2629
26.625 88.625 -0.22476
26.625 88.875 -0.62577
26.625 89.125 -0.639
26.625 89.375 -1.01
26.625 89.625 -1.1686
26.625 89.875 -1.526
26.625 90.125 -1.2719
26.625 90.375 -1.5939
26.625 90.625 -2.0174
26.625 90.875 -1.7219
26.625 91.125 -1.5353
26.625 91.375 -1.1348
26.625 91.625 -1.0789
26.625 91.875 -1.3801
26.625 92.125 -1.4848
26.625 92.375 -1.0259
26.625 92.625 -1.1697
26.625 92.875 -0.55686
26.625 93.125 -1.0942
26.625 93.375 -1.0234
26.625 93.625 -0.59422
26.625 93.875 -0.56685
26.625 94.125 -0.90061
26.625 94.375 -0.73092
26.625 94.625 -0.23089
26.625 94.875 -0.09593
26.625 95.125 0.20942
26.875 69.625 0.85238
26.875 69.875 0.017491
26.875 70.125 -0.1182
26.875 70.375 0.28583
26.875 70.625 0.027061
26.875 70.875 0.22224
26.875 71.125 0.47576
26.875 71.375 1.9865
26.875 71.625 2.0503
26.875 71.875 1.7963
26.875 72.125 1.0687
26.875 72.375 0.77275
26.875 72.625 0.79207
26.875 72.875 1.2978
26.875 73.125 1.6126
26.875 73.375 0.827
26.875 73.625 1.0498
26.875 73.875 1.6835
26.875 74.125 1.8374
26.875 74.375 1.672
26.875 74.625 1.4849
26.875 74.875 1.5609
26.875 75.125 1.3164
26.875 75.375 0.92263
26.875 75.625 0.16075
26.875 75.875 0.68183
26.875 76.125 1.475
26.875 76.375 0.80711
26.875 76.625 0.76371
26.875 76.875 1.2735
26.875 77.125 0.79591
26.875 77.375 -0.77623
26.875 77.625 0.71701
26.875 77.875 -0.21851
26.875 78.125 -1.5757
26.875 78.375 -0.50306
26.875 78.625 0.44863
26.875 78.875 -0.6022
26.875 79.125 1.0443
26.875 79.375 1.3569
26.875 79.625 1.3469
26.875 79.875 0.64233
26.875 80.125 -1.2377
26.875 80.375 -0.16108
26.875 80.625 0.24154
26.875 80.875 -0.011882
26.875 81.125 0.25642
26.875 81.375 -0.30928
26.875 81.625 -1.4629
26.875 81.875 -0.33809
26.875 82.125 -0.16111
26.875 82.375 -1.7754
26.875 82.625 -1.8093
26.875 82.875 -1.4465
26.875 83.125 -1.4302
26.875 83.375 -1.923
26.875 83.625 -1.7039
26.875 83.875 -1.2891
26.875 84.125 0.32896
26.875 84.375 -1.8823
26.875 84.625 -1.496
26.875 84.875 -1.8814
26.875 88.375 -0.3384
26.875 88.625 -0.88534
26.875 88.875 -0.81635
26.875 92.375 -1.1813
26.875 92.625 -0.80122
26.875 92.875 -0.61587
26.875 93.125 -0.19006
26.875 93.375 -0.82408
26.875 93.625 -1.2589
26.875 93.875 -0.93763
26.875 94.125 -1.3346
26.875 94.375 -0.016709
26.875 94.625 -0.25106
26.875 94.875 -0.20134
26.875 95.125 -0.10942
26.875 95.375 -0.040336
26.875 95.625 -0.27086
27.125 69.875 -0.18482
27.125 70.125 -0.40857
27.125 70.375 -0.31168
27.125 70.625 -0.42102
27.125 70.875 -0.11063
27.125 71.125 0.95991
27.125 71.375 1.7573
27.125 71.625 1.2287
27.125 71.875 0.70602
27.125 72.125 0.18187
27.125 72.375 0.25762
27.125 72.625 0.74646
27.125 72.875 1.0737
27.125 73.125 1.1145
27.125 73.375 1.0997
27.125 73.625 0.78964
27.125 73.875 1.499
27.125 74.125 1.4036
27.125 74.375 0.83947
27.125 74.625 1.4034
27.125 74.875 0.8649
27.125 75.125 0.97776
27.125 75.375 1.269
27.125 75.625 1.3358
27.125 75.875 1.2191
27.125 76.125 0.75549
27.125 76.375 0.8401
27.125 76.625 0.49352
27.125 76.875 0.49121
27.125 77.125 1.6575
27.125 77.375 -0.55452
27.125 77.625 0.65383
27.125 77.875 -0.56508
27.125 78.125 0.87466
27.125 78.375 0.21982
27.125 78.625 -1.8925
27.125 78.875 -0.8196
27.125 79.125 1.0712
27.125 79.375 -1.0716
27.125 79.625 -0.46572
27.125 79.875 0.33499
27.125 80.125 0.24124
27.125 80.375 0.90505
27.125 80.625 -2.2583
27.125 80.875 -1.5171
27.125 81.125 1.2988
27.125 81.375 0.76492
27.125 81.625 -0.52784
27.125 81.875 -0.4218
27.125 82.125 -0.63311
27.125 82.375 -1.5563
27.125 82.625 -0.16725
27.125 82.875 -0.54569
27.125 83.125 -1.4242
27.125 83.375 -0.19466
27.125 83.625 0.011942
27.125 83.875 -0.24086
27.125 84.125 -0.93913
27.125 84.375 -1.1783
27.125 84.625 -1.7245
27.125 88.125 0.1954
27.125 88.375 0.17051
27.125 88.625 -0.69395
27.125 92.125 -1.6226
27.125 92.375 -0.51314
27.125 92.625 -0.20943
27.125 92.875 -0.52918
27.125 93.125 -0.64064
27.125 93.375 -0.34678
27.125 93.625 -0.96398
27.125 93.875 0.35725
27.125 94.125 0.10916
27.125 94.375 -0.042586
27.125 94.625 -0.92181
27.125 94.875 -0.96798
27.125 95.125 -0.30495
27.125 95.375 0.17636
27.125 95.625 -0.74454
27.125 95.875 -0.701
27.375 70.125 -0.46396
27.375 70.375 -0.40129
27.375 70.625 -0.80602
27.375 70.875 0.23779
27.375 71.125 1.503
27.375 71.375 1.5658
27.375 71.625 0.9216
27.375 71.875 0.34164
27.375 72.125 -0.36282
27.375 72.375 0.086365
27.375 72.625 0.048766
27.375 72.875 0.24508
27.375 73.125 0.70718
27.375 73.375 0.79847
27.375 73.625 1.1335
27.375 73.875 1.2621
27.375 74.125 0.66301
27.375 74.375 0.61422
27.375 74.625 0.70338
27.375 74.875 0.70621
27.375 75.125 1.0215
27.375 75.375 1.1692
27.375 75.625 1.6273
27.375 75.875 1.671
27.375 76.125 0.57992
27.375 76.375 0.89742
27.375 76.625 0.68563
27.375 76.875 1.7192
27.375 77.125 1.0465
27.375 77.375 -1.3297
27.375 77.625 0.081742
27.375 77.875 0.76877
27.375 78.125 1.1091
27.375 78.375 -0.23209
27.375 78.625 -0.49966
27.375 78.875 1.3075
27.375 79.125 1.2204
27.375 79.375 -1.6992
27.375 79.625 -1.6552
27.375 79.875 0.38145
27.375 80.125 -1.4018
27.375 80.375 -1.9783
27.375 80.625 -2.2645
27.375 80.875 -2.2703
27.375 81.125 -0.2268
27.375 81.375 -0.11044
27.375 81.625 -1.825
27.375 81.875 -0.83268
27.375 82.125 -0.40599
27.375 82.375 -0.90376
27.375 82.625 0.079102
27.375 82.875 -0.80592
27.375 83.125 -1.0879
27.375 83.625 -0.11413
27.375 84.125 -0.4903
27.375 84.375 -1.2014
27.375 88.125 2.0126
27.375 88.375 -1.305
27.375 88.625 -2.0819
27.375 92.125 -1.4236
27.375 92.375 -0.74126
27.375 92.625 -0.40565
27.375 92.875 -1.1138
27.375 93.125 -1.8682
27.375 93.375 -1.6662
27.375 93.625 -0.44737
27.375 93.875 0.093677
27.375 94.125 0.75868
27.375 94.375 -1.1956
27.375 94.625 -1.3588
27.375 94.875 -1.4865
27.375 95.125 -0.64847
27.375 95.375 -0.62117
27.375 95.625 -1.3521
27.375 95.875 -1.4013
27.375 96.125 -1.897
27.375 96.375 -2.078
NaN NaN NaN
27.375 96.875 0.18973
27.625 70.125 -0.49368
27.625 70.375 -0.56563
27.625 70.625 -0.54372
27.625 70.875 0.25353
27.625 71.125 1.4275
27.625 71.375 1.2988
27.625 71.625 0.83178
27.625 71.875 0.35996
27.625 72.125 0.24648
27.625 72.375 0.23788
27.625 72.625 -0.18882
27.625 72.875 0.04488
27.625 73.125 -0.02879
27.625 73.375 0.76929
27.625 73.625 1.1318
27.625 73.875 0.88343
27.625 74.125 1.0219
27.625 74.375 0.86022
27.625 74.625 0.69596
27.625 74.875 0.87881
27.625 75.125 0.55659
27.625 75.375 0.94648
27.625 75.625 1.1736
27.625 75.875 1.0849
27.625 76.125 0.70241
27.625 76.375 0.49644
27.625 76.625 1.2442
27.625 76.875 1.5173
27.625 77.125 -0.76806
27.625 77.375 -0.82753
27.625 77.625 -1.892
27.625 77.875 -0.52108
27.625 78.125 1.1808
27.625 78.375 0.21267
27.625 78.625 -1.3684
27.625 78.875 0.24213
27.625 79.125 -0.44027
27.625 79.375 -1.838
27.625 79.625 -1.7392
27.625 79.875 1.6409
27.625 80.125 0.25477
27.625 80.375 -1.1801
27.625 80.625 -1.6119
27.625 80.875 -1.6736
27.625 81.125 -0.22828
27.625 81.375 0.066052
27.625 81.625 -0.86336
27.625 81.875 -1.0239
27.625 82.125 -0.72467
27.625 82.375 -0.8591
27.625 82.625 -0.26233
27.625 88.375 -1.3615
27.625 88.625 -1.9708
27.625 91.625 -1.3635
27.625 91.875 -1.4796
27.625 92.125 -1.3452
27.625 92.375 -1.0904
27.625 92.625 -0.81552
27.625 92.875 -1.4306
27.625 93.125 -1.8907
27.625 93.375 -1.8323
27.625 93.625 -1.8539
27.625 93.875 -2.2321
27.625 94.125 -1.8122
27.625 94.375 -1.1705
27.625 94.625 -1.7488
27.625 94.875 -1.8616
27.625 95.125 -1.9805
27.625 95.375 -1.9137
27.625 95.625 -1.9064
27.625 95.875 -1.8024
27.625 96.125 -2.0861
27.625 96.375 -2.1962
27.625 96.625 -1.0708
27.625 96.875 -0.80706
27.875 70.375 -0.67154
27.875 71.875 0.23264
27.875 72.125 -0.05781
27.875 72.375 -0.10662
27.875 72.625 0.033889
27.875 72.875 0.28018
27.875 73.125 0.28664
27.875 73.375 0.99373
27.875 73.625 1.1281
27.875 73.875 0.97335
27.875 74.125 0.75204
27.875 74.375 0.58392
27.875 74.625 0.43215
27.875 74.875 0.55333
27.875 75.125 0.55411
27.875 75.375 0.78167
27.875 75.625 0.82184
27.875 75.875 0.83716
27.875 76.125 0.92342
27.875 76.375 1.0646
27.875 76.625 0.13952
27.875 76.875 0.55484
27.875 77.125 0.27102
27.875 77.375 -0.9073
27.875 77.625 -1.4348
27.875 77.875 -0.08466
27.875 78.125 0.9124
27.875 78.375 1.9564
27.875 78.625 0.52555
27.875 78.875 -0.34199
27.875 79.125 -1.0059
27.875 79.375 -0.50293
27.875 79.625 0.52572
27.875 79.875 1.9816
27.875 80.125 1.2422
27.875 80.375 -0.23939
27.875 80.625 -1.3012
27.875 80.875 -1.7114
27.875 81.125 -0.64827
27.875 81.375 0.45367
27.875 81.625 0.19259
27.875 88.375 1.2936
27.875 88.625 0.86042
27.875 92.875 -1.9767
27.875 93.125 -1.9239
27.875 93.375 -1.9098
27.875 93.625 -2.0913
27.875 93.875 -2.2449
27.875 94.125 -1.8452
27.875 94.375 -1.5113
27.875 94.625 -1.6905
27.875 94.875 -1.3803
27.875 95.125 -1.2872
27.875 95.375 -1.8487
27.875 95.625 -1.8174
27.875 95.875 -2.0357
27.875 96.125 -2.0528
27.875 96.375 -2.2398
27.875 96.625 -0.32806
NaN NaN NaN
27.875 97.125 0.14621
28.125 72.125 -0.18343
28.125 72.375 0.0077712
28.125 72.625 0.076324
28.125 72.875 0.59224
28.125 73.125 1.4894
28.125 73.375 1.5853
28.125 73.625 0.9503
28.125 73.875 0.58437
28.125 74.125 0.2878
28.125 74.375 0.34828
28.125 74.625 0.65844
28.125 74.875 0.70914
28.125 75.125 0.50363
28.125 75.375 0.86414
28.125 75.625 0.56394
28.125 75.875 1.0446
28.125 76.125 1.7248
28.125 76.375 0.78951
28.125 76.625 1.6116
28.125 76.875 1.9189
28.125 77.125 0.20681
28.125 77.375 -1.0794
28.125 77.625 -0.98541
28.125 77.875 0.2723
28.125 78.125 1.9333
28.125 78.375 1.8089
28.125 78.625 -0.5825
28.125 78.875 0.2418
28.125 79.125 -0.054664
28.125 79.375 -1.1197
28.125 79.625 -0.84965
28.125 79.875 0.63617
28.125 80.125 0.31609
28.125 80.375 0.19665
28.125 80.625 0.033783
28.125 80.875 -0.95871
28.125 81.125 -1.1731
28.125 81.375 0.11962
28.125 92.875 -2.007
28.125 93.125 -1.9839
28.125 93.375 -1.9941
28.125 93.625 -2.1759
28.125 93.875 -2.3461
28.125 94.125 -1.7995
28.125 94.375 -1.5195
28.125 94.625 -1.8036
28.125 94.875 -1.5313
28.125 95.125 -1.3052
28.125 95.375 -1.5412
28.125 95.625 -1.8096
28.125 95.875 -1.8212
28.125 96.125 -1.9283
28.125 96.375 -1.0916
NaN NaN NaN
NaN NaN NaN
NaN NaN NaN
28.375 72.375 -0.056683
28.375 72.625 -0.0089879
28.375 72.875 0.27943
28.375 73.125 1.1363
28.375 73.375 0.93674
28.375 73.625 0.68834
28.375 73.875 0.40872
28.375 74.125 0.16559
28.375 74.375 0.095308
28.375 74.625 0.42681
28.375 74.875 0.39165
28.375 75.125 0.18525
28.375 75.375 0.39864
28.375 75.625 0.6545
28.375 75.875 1.0807
28.375 76.125 1.2469
28.375 76.375 1.3234
28.375 76.625 0.76583
28.375 76.875 0.89691
28.375 77.125 -0.49961
28.375 77.375 -0.95882
28.375 77.625 -0.8694
28.375 77.875 -0.72234
28.375 78.125 1.3588
28.375 78.375 0.92535
28.375 78.625 -1.041
28.375 78.875 -1.4426
28.375 79.125 0.027439
28.375 79.375 -0.66756
28.375 79.625 -1.5654
28.375 79.875 -1.1043
28.375 80.125 -0.3406
28.375 80.375 -0.1401
28.375 80.625 -0.15364
28.375 80.875 -0.73174
28.375 81.125 -0.42181
28.375 93.375 -1.9506
28.375 93.625 -1.982
28.375 93.875 -1.6424
28.375 94.125 -1.1245
28.375 94.375 -1.0465
28.375 94.625 -1.2317
28.375 94.875 -1.3806
28.375 95.125 -1.4264
28.375 95.375 -1.4567
28.375 95.625 -1.6019
28.375 95.875 -1.5024
28.375 96.125 -1.6444
NaN NaN NaN
28.625 72.375 0.25255
28.625 72.625 0.34038
28.625 72.875 0.46146
28.625 73.125 0.98745
28.625 73.375 1.1201
28.625 73.625 1.0592
28.625 73.875 0.26711
28.625 74.125 0.043903
28.625 74.375 0.28193
28.625 74.625 0.39834
28.625 74.875 0.24803
28.625 75.125 -0.0040834
28.625 75.375 -0.51008
28.625 75.625 -1.1715
28.625 75.875 -0.74908
28.625 76.125 0.8209
28.625 76.375 0.72445
28.625 76.625 1.1022
28.625 76.875 0.20283
28.625 77.125 -1.149
28.625 77.375 -1.1548
28.625 77.625 -1.2971
28.625 77.875 -1.3197
28.625 78.125 -0.048556
28.625 78.375 0.55282
28.625 78.625 -1.7978
28.625 78.875 -1.5514
28.625 79.125 0.74538
28.625 79.375 -1.271
28.625 79.625 -0.60214
28.625 79.875 -0.97131
28.625 80.125 -0.43384
28.625 80.375 -0.036328
28.625 80.625 -0.17539
28.625 93.625 -0.75865
28.625 93.875 -0.145
28.625 94.125 -0.55035
28.625 94.375 -0.58585
28.625 94.625 -0.78078
28.625 94.875 -0.98991
28.625 95.125 -1.3433
28.625 95.375 -1.3552
28.625 95.625 -1.5245
28.625 95.875 -1.5774
28.625 96.125 -0.82584
NaN NaN NaN
28.875 72.875 -0.051703
28.875 73.125 0.86474
28.875 73.375 1.7434
28.875 73.625 1.6087
28.875 73.875 1.4415
28.875 74.125 0.87361
28.875 74.375 0.39657
28.875 74.625 0.58531
28.875 74.875 0.51126
28.875 75.125 -0.25915
28.875 75.375 -0.51284
28.875 75.625 -0.65005
28.875 75.875 -0.7973
28.875 76.125 0.21399
28.875 76.375 -0.30274
28.875 76.625 -0.57432
28.875 76.875 -0.93769
28.875 77.125 -0.081469
28.875 77.375 0.61704
28.875 77.625 0.66774
28.875 77.875 0.1276
28.875 78.125 -0.43692
28.875 78.375 -0.42839
28.875 78.625 -1.3147
28.875 78.875 -1.4682
28.875 79.125 0.64194
28.875 79.375 0.71159
28.875 79.625 0.10423
28.875 79.875 -0.21503
28.875 94.125 0.094171
28.875 94.375 0.11887
28.875 94.625 -0.43355
28.875 94.875 -0.39211
28.875 95.125 -0.67417
28.875 95.375 -1.4863
28.875 95.625 -0.97546
28.875 95.875 -0.49315
28.875 96.125 -0.013496
NaN NaN NaN
29.125 73.125 0.79587
29.125 73.375 1.8163
29.125 73.625 1.4258
29.125 73.875 1.462
29.125 74.125 0.9661
29.125 74.375 0.25185
29.125 74.625 0.34405
29.125 74.875 0.4082
29.125 75.125 -0.050037
29.125 75.375 0.63198
29.125 75.625 -0.048478
29.125 75.875 -0.94464
29.125 76.125 -1.7219
29.125 76.375 -1.6192
29.125 76.625 -0.80256
29.125 76.875 -1.1557
29.125 77.125 -1.0269
29.125 77.375 0.012491
29.125 77.625 0.97828
29.125 77.875 0.84541
29.125 78.125 0.14424
29.125 78.375 0.16326
29.125 78.625 0.44105
29.125 78.875 -0.92585
29.125 79.125 0.52958
29.125 79.375 0.5087
29.125 79.625 -1.4162
29.125 79.875 -0.57831
29.125 80.125 -0.2513
29.125 94.375 0.0082321
29.125 94.625 0.14397
29.125 94.875 0.14284
29.125 95.625 -1.0637
29.125 95.875 -0.069787
29.125 96.125 0.64991
29.375 73.375 0.65834
29.375 73.625 0.96043
29.375 73.875 1.0823
29.375 74.125 1.111
29.375 74.375 0.0675
29.375 74.625 -0.57757
29.375 74.875 0.01765
29.375 75.125 0.38169
29.375 75.375 -0.13506
29.375 75.625 -0.26745
29.375 75.875 -1.0826
29.375 76.125 -1.0399
29.375 76.375 -1.5066
29.375 76.625 -0.70933
29.375 76.875 -1.7256
29.375 77.125 -2.0183
29.375 77.375 0.54583
29.375 77.625 0.77441
29.375 77.875 0.89366
29.375 78.125 -0.42206
29.375 78.375 -0.36424
29.375 78.625 -1.5048
29.375 78.875 -1.5891
29.375 79.125 -0.41505
29.375 79.375 1.1796
29.375 79.625 -1.6108
29.375 79.875 -0.025071
29.375 80.125 0.33428
NaN NaN NaN
29.625 73.375 0.21857
29.625 73.625 0.71943
29.625 73.875 0.5497
29.625 74.125 0.90636
29.625 74.375 -0.097042
29.625 74.625 -1.1461
29.625 74.875 -1.0745
29.625 75.125 -0.39781
29.625 75.375 -0.37562
29.625 75.625 0.64651
29.625 75.875 -0.66011
29.625 76.125 -1.1612
29.625 76.375 -0.18949
29.625 76.625 -0.20156
29.625 76.875 -0.71031
29.625 77.125 -1.7348
29.625 77.375 -1.2589
29.625 77.625 -0.17824
29.625 77.875 -0.17531
29.625 78.125 -0.62575
29.625 78.375 -1.3018
29.625 78.625 -1.8488
29.625 78.875 -1.7796
29.625 79.125 -1.0682
29.625 79.375 0.75244
29.625 79.625 0.10063
29.625 79.875 0.45452
29.625 80.125 0.6795
29.875 73.625 0.70047
29.875 73.875 -0.15237
29.875 74.125 -0.11463
29.875 74.375 -1.2485
29.875 74.625 -1.777
29.875 74.875 -1.6843
29.875 75.125 -1.3714
29.875 75.375 -0.24021
29.875 75.625 0.34634
29.875 75.875 -0.38376
29.875 76.125 -0.0047503
29.875 76.375 -0.20983
29.875 76.625 0.28382
29.875 76.875 -1.7162
29.875 77.125 -1.3021
29.875 77.375 -1.2196
29.875 77.625 -0.88744
29.875 77.875 -0.49138
29.875 78.125 -1.8179
29.875 78.375 -0.76515
29.875 78.625 -1.3909
29.875 78.875 -0.94292
29.875 79.125 -1.2529
29.875 79.375 -0.48705
29.875 79.625 1.346
29.875 79.875 0.21941
29.875 80.125 0.50234
29.875 80.375 0.48977
30.125 74.125 -0.72963
30.125 74.375 -1.5228
30.125 74.625 -1.6221
30.125 74.875 -1.6583
30.125 75.125 -0.73603
30.125 75.375 0.3991
30.125 75.625 0.8528
30.125 75.875 -0.73794
30.125 76.125 0.088832
30.125 76.375 -0.69157
30.125 76.625 -1.0036
30.125 76.875 -1.1728
30.125 77.125 -1.4231
30.125 77.375 -1.9657
30.125 77.625 -0.75471
30.125 77.875 -0.97969
30.125 78.125 -0.58793
30.125 78.375 1.1039
30.125 78.625 0.48211
30.125 78.875 1.7576
30.125 79.125 1.0481
30.125 79.375 0.60933
30.125 79.625 1.2748
30.125 79.875 0.11908
30.125 80.125 0.13147
30.125 80.375 0.3429
30.125 80.625 0.2936
30.375 74.125 -0.82024
30.375 74.375 -1.1392
30.375 74.625 -1.143
30.375 74.875 -0.7768
30.375 75.125 0.58419
30.375 75.375 0.71096
30.375 75.625 -0.13832
30.375 75.875 -0.55869
30.375 76.125 -0.88768
30.375 76.375 -1.0827
30.375 76.625 -1.7678
30.375 76.875 -1.6346
30.375 77.125 -0.012431
30.375 77.375 -0.57713
30.375 77.625 -0.18939
30.375 77.875 -0.63488
30.375 78.125 -1.2856
30.375 78.375 -1.9266
30.375 78.625 1.323
30.375 78.875 1.1074
30.375 79.125 0.825
30.375 79.375 0.37492
30.375 79.625 0.88212
30.375 79.875 0.78628
30.375 80.125 0.54713
30.375 80.375 0.29432
30.375 80.625 0.2221
30.625 74.375 -0.9204
30.625 74.625 -0.96871
30.625 74.875 -0.67516
30.625 75.125 0.4003
30.625 75.375 0.69649
30.625 75.625 0.42921
30.625 75.875 -0.58128
30.625 76.125 -1.5526
30.625 76.375 -1.852
30.625 76.625 -0.48906
30.625 76.875 0.17948
30.625 77.125 -0.020452
30.625 77.375 -0.56772
30.625 77.625 -0.71023
30.625 77.875 -0.31737
30.625 78.125 -0.40604
30.625 78.375 -1.9515
30.625 78.625 -0.97788
30.625 78.875 1.0833
30.625 79.125 0.53561
30.625 79.375 -0.44853
30.625 79.625 1.2138
30.625 79.875 0.97016
30.625 80.125 0.49414
30.875 74.625 -1.2743
30.875 74.875 0.070825
30.875 75.125 0.81173
30.875 75.375 -0.82352
30.875 75.625 -0.56609
30.875 75.875 -0.92548
30.875 76.125 -0.97728
30.875 76.375 -0.20095
30.875 76.625 0.3455
30.875 76.875 0.28096
30.875 77.125 0.6797
30.875 77.375 -0.96725
30.875 77.625 -0.36205
30.875 77.875 0.81502
30.875 78.125 0.18035
30.875 78.375 -0.38264
30.875 78.625 -0.59781
30.875 78.875 1.2255
30.875 79.125 0.23667
30.875 79.375 0.19415
30.875 79.625 1.9896
30.875 79.875 1.5688
31.125 74.875 -0.78237
31.125 75.125 0.53298
31.125 75.375 -1.2298
31.125 75.625 -1.3245
31.125 75.875 -0.52388
31.125 76.125 1.4094
31.125 76.375 0.23863
31.125 76.625 -0.11455
31.125 76.875 0.88324
31.125 77.125 1.4055
31.125 77.375 -0.44015
31.125 77.625 0.50276
31.125 77.875 0.20132
31.125 78.125 -1.1918
31.125 78.375 -1.1792
31.125 78.625 -1.3778
31.125 78.875 0.59475
31.125 79.125 0.86268
31.375 74.875 -1.0165
31.375 75.125 -0.86971
31.375 75.375 -1.3446
31.375 75.625 -0.8805
31.375 75.875 0.3624
31.375 76.125 -0.81751
31.375 76.375 0.17768
31.375 76.625 -0.26496
31.375 76.875 0.67615
31.375 77.125 1.9181
31.375 77.375 1.5085
31.375 77.625 1.2448
31.375 77.875 -0.96537
31.375 78.125 -1.2234
31.375 78.375 -1.6169
31.375 78.625 -1.2699
31.625 74.875 -0.16178
31.625 75.125 0.32565
31.625 75.375 0.0045779
31.625 75.625 -0.033681
31.625 75.875 0.057112
31.625 76.125 -0.82357
31.625 76.375 -0.39041
31.625 76.625 -0.10154
31.625 76.875 -0.10979
31.625 77.125 0.52869
31.625 77.375 1.7977
31.625 77.625 1.4946
31.625 77.875 -1.0149
31.625 78.125 -1.2984
31.625 78.375 -1.5214
31.625 78.625 -1.3051
31.875 74.875 1.2213
31.875 75.125 0.91888
31.875 75.375 -0.91035
31.875 75.625 -0.068885
31.875 75.875 -0.34966
31.875 76.125 -0.28215
31.875 76.375 -0.19051
31.875 76.625 0.095109
31.875 76.875 0.066844
31.875 77.125 0.1241
31.875 77.375 0.60969
31.875 77.625 0.84275
31.875 77.875 -1.6833
31.875 78.125 -1.4885
31.875 78.375 -1.5345
31.875 78.625 -1.544
32.125 75.375 0.68807
32.125 75.625 0.66675
32.125 75.875 0.069735
32.125 76.125 0.33291
32.125 76.375 -0.55432
32.125 76.625 0.036222
32.125 76.875 -0.066519
32.125 77.125 0.0057881
32.125 77.375 -0.79123
32.125 77.625 -0.70434
32.125 77.875 -1.6689
32.125 78.125 -1.7035
32.125 78.375 -1.5809
32.375 75.375 0.85992
32.375 75.625 0.66401
32.375 75.875 0.32432
32.375 76.125 -1.0389
32.375 76.375 -0.61974
32.375 76.625 -0.81656
32.375 76.875 -0.65598
32.375 77.125 -0.3226
32.375 77.375 -0.90695
32.375 77.625 -1.2511
32.375 77.875 -1.626
32.375 78.125 -1.6446
32.375 78.375 -1.4754
32.625 74.875 0.27428
32.625 75.125 -0.13091
32.625 75.375 -0.27106
32.625 75.625 -0.056158
32.625 75.875 0.074395
32.625 76.125 -0.17916
32.625 76.375 -0.46277
32.625 76.625 -1.2255
32.625 76.875 -0.70696
32.625 77.125 -0.45072
32.625 77.375 -0.88399
32.625 77.625 -1.1042
32.625 77.875 -1.2726
32.625 78.125 -1.6459
32.625 78.375 -1.2868
32.625 78.625 -1.2814
32.625 78.875 -1.3043
32.625 79.125 -1.2511
32.625 79.375 -1.3019
32.875 74.375 0.96209
32.875 74.625 1.1612
32.875 74.875 0.7778
32.875 75.125 -0.0618
32.875 75.375 -0.97963
32.875 75.625 -1.1962
32.875 75.875 -0.67256
32.875 76.125 -0.12207
32.875 76.375 -0.21959
32.875 76.625 -0.45358
32.875 76.875 -0.74146
32.875 77.125 -0.94001
32.875 77.375 -1.0992
32.875 77.625 -1.1682
32.875 77.875 -1.1986
32.875 78.125 -0.80456
32.875 78.375 -0.98234
32.875 78.625 -1.1104
32.875 78.875 -1.2625
32.875 79.125 -1.3262
32.875 79.375 -1.3879
33.125 73.875 0.44291
33.125 74.125 0.65407
33.125 74.375 1.0188
33.125 74.625 1.2764
33.125 74.875 0.45833
33.125 75.125 -0.36483
33.125 75.375 -1.6465
33.125 75.625 -1.6882
33.125 75.875 -0.69914
33.125 76.125 -0.2833
33.125 76.375 -0.63132
33.125 76.625 -0.87611
33.125 76.875 -0.9042
33.125 77.125 -1.3816
33.125 77.375 -0.6479
33.125 77.625 -0.2492
33.125 77.875 -0.077008
33.125 78.125 0.064397
33.125 78.375 0.0047855
33.125 78.625 -0.66085
33.125 78.875 -1.0877
33.125 79.125 -1.3177
33.375 73.875 0.58974
33.375 74.125 0.61768
33.375 74.375 -0.12506
33.375 74.625 -0.88056
33.375 74.875 -1.3852
33.375 75.125 -1.7176
33.375 75.375 -1.5382
33.375 75.625 -1.87
33.375 75.875 -0.91332
33.375 76.125 -0.40384
33.375 76.375 -0.2262
33.375 76.625 -0.46852
33.375 76.875 -0.35522
33.375 77.125 -0.31784
33.375 77.375 -0.28483
33.375 77.625 -0.2979
33.375 77.875 -0.3493
33.375 78.125 -0.29197
33.375 78.375 -0.25904
33.375 78.625 -0.44808
33.375 78.875 -0.8765
33.625 73.875 0.55909
33.625 74.125 0.18128
33.625 74.375 -1.0782
33.625 74.625 -1.4015
33.625 74.875 -0.952
33.625 75.125 -1.6357
33.625 75.375 -1.4687
33.625 75.625 -1.2739
33.625 75.875 -0.80611
33.625 76.125 -0.82701
33.625 76.375 -0.54019
33.625 76.625 -0.53697
33.625 76.875 -0.55977
33.625 77.125 -0.42093
33.625 77.375 -0.37376
33.625 77.625 -0.39819
33.625 77.875 -0.45043
33.625 78.125 -0.39697
33.625 78.375 -0.39001
33.625 78.625 -0.26361
33.625 78.875 -0.6206
33.875 73.875 0.0022998
33.875 74.125 -0.60634
33.875 74.375 -0.78769
33.875 74.625 -0.83119
33.875 74.875 -0.93103
33.875 75.125 -0.22799
33.875 75.375 -0.49574
33.875 75.625 -1.0564
33.875 75.875 -1.1121
33.875 76.125 -0.96555
33.875 76.375 -0.96883
33.875 76.625 -0.75665
33.875 76.875 -0.74459
33.875 77.125 -0.73653
33.875 77.375 -0.54478
33.875 77.625 -0.51458
33.875 77.875 -0.46246
33.875 78.125 -0.43899
33.875 78.375 -0.41801
33.875 78.625 -0.36237
33.875 78.875 -0.47709
34.125 73.625 -1.4597
34.125 73.875 -1.1172
34.125 74.125 -0.63147
34.125 74.375 -1.3747
34.125 74.625 -1.3428
34.125 74.875 -1.5236
34.125 75.125 -0.61155
34.125 75.375 -0.94172
34.125 75.625 -1.3883
34.125 75.875 -1.2756
34.125 76.125 -1.2968
34.125 76.375 -0.95213
34.125 76.625 -0.73747
34.125 76.875 -0.77285
34.125 77.125 -0.70006
34.125 77.375 -0.65158
34.125 77.625 -0.60284
34.125 77.875 -0.51397
34.125 78.125 -0.43856
34.125 78.375 -0.42945
34.125 78.625 -0.4124
34.125 78.875 -0.44771
34.125 79.125 -0.5379
34.125 79.375 -0.7521
34.375 73.625 -1.6707
34.375 73.875 -1.2681
34.375 74.125 -1.9329
34.375 74.375 -1.6
34.375 74.625 -1.4641
34.375 74.875 -1.5478
34.375 75.125 -0.87644
34.375 75.375 -1.3845
34.375 75.625 -1.5689
34.375 75.875 -1.4626
34.375 76.125 -1.2787
34.375 76.375 -0.92282
34.375 76.625 -0.72765
34.375 76.875 -0.76768
34.375 77.125 -0.77391
34.375 77.375 -0.76906
34.375 77.625 -0.76621
34.375 77.875 -0.67837
34.375 78.125 -0.59314
34.375 78.375 -0.42373
34.375 78.625 -0.49328
34.375 78.875 -0.51767
34.375 79.125 -0.60327
34.375 79.375 -0.81394
34.625 73.875 -1.5821
34.625 74.125 -1.7452
34.625 74.375 -1.9617
34.625 74.625 -1.809
34.625 74.875 -1.681
34.625 75.125 -1.1612
34.625 75.375 -1.6718
34.625 75.625 -1.4896
34.625 75.875 -1.269
34.625 76.125 -1.2395
34.625 76.375 -0.89535
34.625 76.625 -0.69075
34.625 76.875 -0.73808
34.625 77.125 -0.81974
34.625 77.375 -0.8481
34.625 77.625 -0.86022
34.625 77.875 -0.60234
34.625 78.125 -0.63055
34.625 78.375 -0.46028
34.625 78.625 -0.55478
34.625 78.875 -0.64765
34.625 79.125 -0.64833
34.625 79.375 -0.81156
34.625 79.625 -0.95889
34.875 74.125 -1.8573
34.875 74.375 -1.8469
34.875 74.625 -1.6462
34.875 74.875 -1.3316
34.875 75.125 -1.8988
34.875 75.375 -1.9901
34.875 75.625 -1.4118
34.875 75.875 -1.281
34.875 76.125 -1.2312
34.875 76.375 -0.95731
34.875 76.625 -0.81217
34.875 76.875 -0.84592
34.875 77.125 -0.87088
34.875 77.375 -0.90122
34.875 77.625 -0.84829
34.875 77.875 -0.73107
34.875 78.125 -0.69038
34.875 78.375 -0.59626
34.875 78.625 -0.64376
34.875 78.875 -0.67275
34.875 79.125 -0.65616
34.875 79.375 -0.66969
34.875 79.625 -0.86307
34.875 79.875 -1.0134
35.125 74.375 -2.1375
35.125 74.625 -2.1545
35.125 74.875 -2.0675
35.125 75.125 -2.1436
35.125 75.375 -2.1089
35.125 75.625 -1.3087
35.125 75.875 -1.1912
35.125 76.125 -1.1832
35.125 76.375 -0.97271
35.125 76.625 -0.93352
35.125 76.875 -0.89179
35.125 77.125 -0.86973
35.125 77.375 -1.0177
35.125 77.625 -0.89963
35.125 77.875 -0.76754
35.125 78.125 -0.72749
35.125 78.375 -0.692
35.125 78.625 -0.71016
35.125 78.875 -0.65797
35.125 79.125 -0.68649
35.125 79.375 -0.69427
35.125 79.625 -0.74546
35.125 79.875 -0.87871
35.375 73.875 -1.948
35.375 74.125 -2.1507
35.375 74.375 -2.1619
35.375 74.625 -2.2006
35.375 74.875 -2.0101
35.375 75.125 -2.016
35.375 75.375 -1.8336
35.375 75.625 -1.4849
35.375 75.875 -1.53
35.375 76.125 -1.3978
35.375 76.375 -1.2366
35.375 76.625 -1.1346
35.375 76.875 -0.99393
35.375 77.125 -0.87674
35.375 77.375 -0.81527
35.375 77.625 -0.83806
35.375 77.875 -0.74579
35.375 78.125 -0.74568
35.375 78.375 -0.72591
35.375 78.625 -0.75747
35.375 78.875 -0.76303
35.375 79.125 -0.74098
35.375 79.375 -0.68508
35.375 79.625 -0.6657
35.375 79.875 -0.80851
NaN NaN NaN
35.625 73.375 -2.0416
35.625 73.625 -2.0091
35.625 73.875 -2.21
35.625 74.125 -2.1935
35.625 74.375 -2.2334
35.625 74.625 -2.1715
35.625 74.875 -1.8808
35.625 75.125 -2.2249
35.625 75.375 -2.0643
35.625 75.625 -1.9675
35.625 75.875 -1.8422
35.625 76.125 -1.4621
35.625 76.375 -1.4461
35.625 76.625 -1.2844
35.625 76.875 -1.0876
35.625 77.125 -1.019
35.625 78.375 -0.77999
35.625 78.625 -0.78699
35.625 78.875 -0.76243
35.625 79.125 -0.75227
35.625 79.375 -0.68357
35.625 79.625 -0.7043
35.625 79.875 -0.93155
35.625 80.125 -0.94099
35.875 73.125 0.32156
35.875 73.375 -0.53522
35.875 73.625 -1.4468
35.875 73.875 -1.9555
35.875 74.125 -2.2545
35.875 74.375 -2.2875
35.875 74.625 -2.3056
35.875 74.875 -2.2531
35.875 75.125 -2.3248
35.875 75.375 -2.2412
35.875 75.625 -2.0272
35.875 75.875 -1.6414
35.875 76.125 -1.5986
35.875 76.375 -1.4414
35.875 76.625 -1.3332
35.875 79.375 -0.61442
36.125 72.625 -0.45585
36.125 72.875 -1.5697
36.125 73.125 -1.6527
36.125 73.375 0.48523
36.125 73.625 0.12406
36.125 73.875 -1.2012
36.125 74.125 -1.9055
36.125 74.375 -2.1119
36.125 74.625 -2.2671
36.125 74.875 -2.3379
36.125 75.125 -2.3821
36.125 75.375 -2.3159
36.125 75.625 -2.3097
36.125 75.875 -2.0938
36.125 76.125 -1.7898
36.125 76.375 -1.3858
36.125 76.625 -1.2327
36.375 73.125 0.55281
36.375 73.375 0.48533
36.375 73.625 0.51586
36.375 73.875 -0.53819
36.375 74.125 -1.5035
36.375 74.375 -1.8711
36.375 74.625 -2.1842
36.375 74.875 -2.2561
36.375 75.125 -2.3487
36.375 75.375 -2.3834
36.375 75.625 -2.3613
36.375 75.875 -2.1817
36.375 76.125 -1.8358
36.625 73.375 0.25686
36.625 73.625 -0.02384
36.625 73.875 -0.5877
36.625 74.125 -1.3744
36.625 74.375 -1.5407
36.625 74.625 -1.9995
36.625 74.875 -2.2821
36.625 75.125 -2.2607
36.625 75.375 -2.3579
36.625 75.625 -2.357
36.875 73.875 -1.5223
36.875 74.375 -2.0605
36.875 74.625 -1.5262
36.875 74.875 -1.938
36.875 75.125 -2.2167
36.875 75.375 -2.2931
