8.125 77.375 0.021079
8.375 77.125 -0.50082
8.375 77.375 -0.11779
8.375 77.625 0.78318
8.375 77.875 0.82023
8.625 76.875 -0.23171
8.625 77.125 0.039259
8.625 77.375 0.14297
8.625 77.625 -0.16702
8.625 77.875 0.54162
8.875 76.875 -0.27777
8.875 77.125 0.50302
8.875 77.375 -0.014235
8.875 77.625 0.16771
8.875 77.875 -0.60736
9.125 76.625 0.86688
9.125 76.875 0.037914
9.125 77.125 -0.29074
9.125 77.375 -0.16967
9.125 77.625 -0.30471
9.125 77.875 -0.39104
9.125 78.125 0.17558
9.125 78.375 -0.12914
9.375 76.625 0.62022
9.375 76.875 0.070816
9.375 77.125 -0.25989
9.375 77.375 -0.22741
9.375 77.625 -0.32886
9.375 77.875 -0.26106
9.375 78.125 0.057082
9.375 78.375 -0.036839
9.375 78.625 -0.0071541
9.375 78.875 2.0667
9.625 76.375 0.99022
9.625 76.625 0.90742
9.625 76.875 0.3192
9.625 77.125 -0.48282
9.625 77.375 -0.53236
9.625 77.625 -0.77546
9.625 77.875 0.23576
9.625 78.125 -0.58749
9.625 78.375 -0.25367
9.625 78.625 0.18688
9.875 76.625 0.57668
9.875 76.875 0.024173
9.875 77.125 -0.43471
9.875 77.375 -0.31733
9.875 77.625 -0.36987
9.875 77.875 -0.15768
9.875 78.125 -0.47232
9.875 78.375 0.36523
9.875 78.625 0.74912
9.875 78.875 0.55913
10.125 76.375 -0.27037
10.125 76.625 0.59287
10.125 76.875 2.3265
10.125 77.125 -0.62298
10.125 77.375 -1.0451
10.125 77.625 -0.076579
10.125 77.875 -0.0013468
10.125 78.125 -0.051202
10.125 78.375 0.080121
10.125 78.625 -0.86071
10.125 78.875 -0.26626
10.125 79.125 0.52064
10.375 76.375 -0.22427
10.375 76.625 -0.0992
10.375 76.875 0.59328
10.375 77.125 -0.17563
10.375 77.375 -0.59458
10.375 77.625 -0.28628
10.375 77.875 -0.49746
10.375 78.125 -0.34724
10.375 78.375 -0.29164
10.375 78.625 -0.3206
10.375 78.875 -0.61889
10.375 79.125 0.30495
10.375 79.375 1.6052
10.375 79.625 0.62286
10.625 76.125 -0.024592
10.625 76.375 0.5466
10.625 76.625 0.092385
10.625 76.875 0.40129
10.625 77.125 -0.50649
10.625 77.375 -0.48911
10.625 77.625 -0.31538
10.625 77.875 -0.28335
10.625 78.125 -0.579
10.625 78.375 -0.74393
10.625 78.625 -0.45146
10.625 78.875 -0.48446
10.625 79.125 1.4965
10.625 79.375 0.63472
10.625 79.625 0.77054
10.875 76.125 0.64543
10.875 76.375 1.1075
10.875 76.625 -0.058093
10.875 76.875 -0.090363
10.875 77.125 -0.46437
10.875 77.375 -0.043891
10.875 77.625 -0.78918
10.875 77.875 -0.33661
10.875 78.125 -0.66253
10.875 78.375 -0.11797
10.875 78.625 0.68308
10.875 78.875 0.32327
10.875 79.125 -0.27461
10.875 79.375 -0.24757
10.875 79.625 0.77155
11.125 76.125 -0.50125
11.125 76.375 0.87838
11.125 76.625 3.6208
11.125 76.875 -1.226
11.125 77.125 -0.037781
11.125 77.375 -0.46034
11.125 77.625 -0.0074514
11.125 77.875 0.19873
11.125 78.125 -1.0745
11.125 78.375 0.86538
11.125 78.625 -0.055882
11.125 78.875 0.16697
11.125 79.125 0.23675
11.125 79.375 0.34657
11.125 79.625 0.0065031
11.375 75.875 0.53353
11.375 76.125 -0.20559
11.375 76.375 0.44226
11.375 76.625 0.40387
11.375 76.875 2.7919
11.375 77.125 -0.45495
11.375 77.375 -0.68453
11.375 77.625 0.034981
11.375 77.875 0.78582
11.375 78.125 0.4078
11.375 78.375 0.42226
11.375 78.625 -0.72745
11.375 78.875 -0.59754
11.375 79.125 -0.99737
11.375 79.375 0.3901
11.375 79.625 0.15043
11.625 75.875 -0.097708
11.625 76.125 0.89923
11.625 76.375 -0.38241
11.625 76.625 1.6292
11.625 76.875 -1.395
11.625 77.125 -1.2588
11.625 77.375 0.093522
11.625 77.625 -0.38731
11.625 77.875 0.62434
11.625 78.125 -0.4311
11.625 78.375 0.29177
11.625 78.625 1.4592
11.625 78.875 -0.4888
11.625 79.125 1.4759
11.625 79.375 0.50926
11.625 79.625 0.15678
11.875 75.625 1.967
11.875 75.875 -0.97591
11.875 76.125 -0.25336
11.875 76.375 -0.13222
11.875 76.625 0.18613
11.875 76.875 -1.2094
11.875 77.125 0.049661
11.875 77.375 -0.34894
11.875 77.625 0.31183
11.875 77.875 0.055542
11.875 78.125 1.7117
11.875 78.375 1.5964
11.875 78.625 0.49865
11.875 78.875 0.20223
11.875 79.125 2.7572
11.875 79.375 0.53152
11.875 79.625 0.56152
12.125 75.375 -0.86569
12.125 75.625 -0.049501
12.125 75.875 0.15859
12.125 76.125 -0.33242
12.125 76.375 -0.71714
12.125 76.625 -0.77108
12.125 76.875 -0.85956
12.125 77.125 0.19045
12.125 77.375 0.28448
12.125 77.625 0.090688
12.125 77.875 -0.54907
12.125 78.125 2.5923
12.125 78.375 2.8721
12.125 78.625 0.2153
12.125 78.875 -0.47337
12.125 79.125 0.6581
12.125 79.375 0.87329
12.125 79.625 0.32096
12.375 75.125 0.41973
12.375 75.375 0.039737
12.375 75.625 -0.22379
12.375 75.875 0.014627
12.375 76.125 0.030316
12.375 76.375 -0.036576
12.375 76.625 1.4917
12.375 76.875 -1.1297
12.375 77.125 -1.5871
12.375 77.375 -0.42536
12.375 77.625 -0.20118
12.375 77.875 0.67331
12.375 78.125 1.9991
12.375 78.375 2.1872
12.375 78.625 0.5194
12.375 78.875 -0.45993
12.375 79.125 0.19001
12.375 79.375 -0.352
12.375 79.625 -0.052421
12.375 79.875 -0.1648
12.625 75.125 -0.096075
12.625 75.375 -0.13881
12.625 75.625 -0.55453
12.625 75.875 0.031931
12.625 76.125 0.43422
12.625 76.375 1.5314
12.625 76.625 1.3528
12.625 76.875 -0.26044
12.625 77.125 -1.1003
12.625 77.375 -0.64484
12.625 77.625 0.37009
12.625 77.875 -0.06572
12.625 78.125 0.56987
12.625 78.375 2.1937
12.625 78.625 1.2177
12.625 78.875 1.5945
12.625 79.125 1.2178
12.625 79.375 -0.74019
12.625 79.625 -0.6689
12.625 79.875 -1.4554
12.875 75.125 0.50256
12.875 75.375 1.1858
12.875 75.625 -1.8473
12.875 75.875 -0.44325
12.875 76.125 -0.26142
12.875 76.375 1.7779
12.875 76.625 0.43373
12.875 76.875 -0.11686
12.875 77.125 -0.51836
12.875 77.375 0.25088
12.875 77.625 -0.24729
12.875 77.875 0.061889
12.875 78.125 0.79017
12.875 78.375 1.0607
12.875 78.625 0.39305
12.875 78.875 1.5433
12.875 79.125 0.89011
12.875 79.375 1.0977
12.875 79.625 0.35166
12.875 79.875 -0.10228
13.125 74.875 1.27
13.125 75.125 -0.37096
13.125 75.375 -0.21975
13.125 75.625 0.83589
13.125 75.875 -0.28938
13.125 76.125 0.5866
13.125 76.375 0.77188
13.125 76.625 0.82367
13.125 76.875 0.2438
13.125 77.125 0.055935
13.125 77.375 0.038615
13.125 77.625 0.033426
13.125 77.875 0.42869
13.125 78.125 0.99729
13.125 78.375 0.63617
13.125 78.625 0.59349
13.125 78.875 0.28391
13.125 79.125 1.218
13.125 79.375 0.98546
13.125 79.625 1.0516
13.125 79.875 1.3549
13.125 80.125 1.171
13.375 74.875 2.7415
13.375 75.125 -0.11551
13.375 75.375 -0.45556
13.375 75.625 -0.40461
13.375 75.875 0.33224
13.375 76.125 1.0983
13.375 76.375 1.0821
13.375 76.625 0.94914
13.375 76.875 0.26267
13.375 77.125 0.69397
13.375 77.375 -0.12298
13.375 77.625 0.44288
13.375 77.875 1.1296
13.375 78.125 0.38025
13.375 78.375 0.86123
13.375 78.625 1.3191
13.375 78.875 1.3763
13.375 79.125 0.34181
13.375 79.375 -0.4621
13.375 79.625 0.98195
13.375 79.875 1.1322
13.375 80.125 1.3652
13.625 74.875 -1.0736
13.625 75.125 0.24773
13.625 75.375 -0.40447
13.625 75.625 0.056225
13.625 75.875 0.13282
13.625 76.125 0.25279
13.625 76.375 0.28243
13.625 76.625 -0.58045
13.625 76.875 -0.034338
13.625 77.125 0.14557
13.625 77.375 0.067544
13.625 77.625 1.8458
13.625 77.875 1.0448
13.625 78.125 0.9622
13.625 78.375 0.24764
13.625 78.625 -0.16499
13.625 78.875 1.9576
13.625 79.125 2.2028
13.625 79.375 1.3742
13.625 79.625 -0.36382
13.625 79.875 -0.08849
13.625 80.125 1.0623
13.875 74.875 -0.054723
13.875 75.125 0.24117
13.875 75.375 0.108
13.875 75.625 -0.30779
13.875 75.875 0.52981
13.875 76.125 -0.20952
13.875 76.375 0.5749
13.875 76.625 0.8745
13.875 76.875 -0.030827
13.875 77.125 0.6396
13.875 77.375 1.4324
13.875 77.625 1.0526
13.875 77.875 0.42083
13.875 78.125 0.46734
13.875 78.375 0.94193
13.875 78.625 0.10163
13.875 78.875 1.8486
13.875 79.125 1.1927
13.875 79.375 -0.33763
13.875 79.625 -1.6194
13.875 79.875 -0.71712
14.125 74.625 -0.092269
14.125 74.875 -0.11895
14.125 75.125 0.22257
14.125 75.375 0.61369
14.125 75.625 -0.59672
14.125 75.875 0.5461
14.125 76.125 1.0016
14.125 76.375 3.1182
14.125 76.625 1.7489
14.125 76.875 0.72725
14.125 77.125 0.44961
14.125 77.375 1.0502
14.125 77.625 0.31562
14.125 77.875 0.2507
14.125 78.125 -0.31085
14.125 78.375 -0.081177
14.125 78.625 0.15469
14.125 78.875 0.91946
14.125 79.125 0.45464
14.125 79.375 -0.12604
14.125 79.625 -0.04282
14.125 79.875 -0.072961
14.375 74.625 -0.69156
14.375 74.875 0.2983
14.375 75.125 0.10438
14.375 75.375 -0.30065
14.375 75.625 1.1322
14.375 75.875 1.485
14.375 76.125 3.9435
14.375 76.375 4.5467
14.375 76.625 0.79929
14.375 76.875 1.4977
14.375 77.125 1.4927
14.375 77.375 0.84534
14.375 77.625 0.41307
14.375 77.875 0.055757
14.375 78.125 -0.06742
14.375 78.375 0.47413
14.375 78.625 0.41831
14.375 78.875 0.47614
14.375 79.125 0.8281
14.375 79.375 0.91295
14.375 79.625 0.85713
14.375 79.875 1.1776
14.625 74.375 1.7405
14.625 74.625 -1.0514
14.625 74.875 -0.08283
14.625 75.125 0.76191
14.625 75.375 0.76887
14.625 75.625 0.73278
14.625 75.875 0.97468
14.625 76.125 2.3319
14.625 76.375 1.7797
14.625 76.625 0.72792
14.625 76.875 1.1248
14.625 77.125 1.6791
14.625 77.375 0.34173
14.625 77.625 -0.17669
14.625 77.875 0.86774
14.625 78.125 0.51423
14.625 78.375 0.45151
14.625 78.625 -0.041051
14.625 78.875 0.4244
14.625 79.125 0.86926
14.625 79.375 0.72795
14.625 79.625 0.61346
14.625 79.875 1.0076
14.875 74.375 0.67989
14.875 74.625 -0.50242
14.875 74.875 0.137
14.875 75.125 0.59514
14.875 75.375 -0.38868
14.875 75.625 0.50477
14.875 75.875 1.0592
14.875 76.125 0.71674
14.875 76.375 -0.29864
14.875 76.625 0.99434
14.875 76.875 1.1922
14.875 77.125 0.91961
14.875 77.375 0.028988
14.875 77.625 -0.37392
14.875 77.875 -0.21449
14.875 78.125 0.26531
14.875 78.375 0.47736
14.875 78.625 0.30462
14.875 78.875 0.81689
14.875 79.125 0.83833
14.875 79.375 -0.059372
14.875 79.625 0.87912
14.875 79.875 0.84889
15.125 74.125 0.46749
15.125 74.375 1.0036
15.125 74.625 -0.0013369
15.125 74.875 0.5864
15.125 75.125 0.20346
15.125 75.375 0.44544
15.125 75.625 1.34
15.125 75.875 1.6647
15.125 76.125 0.46286
15.125 76.375 -0.056691
15.125 76.625 0.074984
15.125 76.875 0.8942
15.125 77.125 0.51196
15.125 77.375 0.02823
15.125 77.625 -0.010034
15.125 77.875 -0.097737
15.125 78.125 0.12763
15.125 78.375 0.99116
15.125 78.625 0.5467
15.125 78.875 0.25404
15.125 79.125 -0.13951
15.125 79.375 1.0456
15.125 79.625 1.9995
15.125 79.875 1.5403
15.375 73.875 -0.86614
15.375 74.125 -0.15796
15.375 74.375 0.43647
15.375 74.625 0.38234
15.375 74.875 1.0933
15.375 75.125 0.83543
15.375 75.375 2.6646
15.375 75.625 0.86298
15.375 75.875 0.41833
15.375 76.125 0.44122
15.375 76.375 0.24194
15.375 76.625 -0.35125
15.375 76.875 0.1996
15.375 77.125 0.65162
15.375 77.375 -0.15549
15.375 77.625 0.30125
15.375 77.875 -0.12513
15.375 78.125 0.1884
15.375 78.375 0.22905
15.375 78.625 0.62367
15.375 78.875 0.037545
15.375 79.125 -0.021606
15.375 79.375 0.073163
15.375 79.625 0.87556
15.375 79.875 1.0562
15.625 73.875 -1.0129
15.625 74.125 -1.0898
15.625 74.375 -0.96193
15.625 74.625 0.88188
15.625 74.875 0.90676
15.625 75.125 1.9361
15.625 75.375 1.1396
15.625 75.625 -0.10994
15.625 75.875 1.05
15.625 76.125 2.8227
15.625 76.375 0.3278
15.625 76.625 0.33486
15.625 76.875 0.70633
15.625 77.125 0.87189
15.625 77.375 0.16429
15.625 77.625 0.9534
15.625 77.875 0.033124
15.625 78.125 -0.25246
15.625 78.375 0.18824
15.625 78.625 -0.3006
15.625 78.875 1.6146
15.625 79.125 0.7935
15.625 79.375 1.0167
15.625 79.625 0.74756
15.625 79.875 0.61989
15.625 80.125 0.34785
15.875 73.875 0.9658
15.875 74.125 -0.14739
15.875 74.375 0.38614
15.875 74.625 0.42243
15.875 74.875 0.15283
15.875 75.125 0.84717
15.875 75.375 1.5775
15.875 75.625 1.3005
15.875 75.875 1.4056
15.875 76.125 0.44946
15.875 76.375 0.63544
15.875 76.625 0.67042
15.875 76.875 0.76905
15.875 77.125 1.0479
15.875 77.375 2.834
15.875 77.625 0.31178
15.875 77.875 2.5896
15.875 78.125 2.0609
15.875 78.375 2.1043
15.875 78.625 2.5325
15.875 78.875 1.3608
15.875 79.125 1.983
15.875 79.375 0.20635
15.875 79.625 -0.51296
15.875 79.875 0.19407
15.875 80.125 0.48564
15.875 80.375 -0.12679
15.875 80.625 -0.34054
15.875 80.875 -0.27095
16.125 73.625 1.7749
16.125 73.875 1.5674
16.125 74.125 0.84287
16.125 74.375 0.38396
16.125 74.625 1.4616
16.125 74.875 0.8019
16.125 75.125 -0.88227
16.125 75.375 -0.32477
16.125 75.625 1.4653
16.125 75.875 2.868
16.125 76.125 0.30408
16.125 76.375 0.55227
16.125 76.625 -0.068717
16.125 76.875 0.85265
16.125 77.125 2.124
16.125 77.375 2.4128
16.125 77.625 1.1758
16.125 77.875 2.49
16.125 78.125 3.006
16.125 78.375 2.7395
16.125 78.625 2.5681
16.125 78.875 2.1497
16.125 79.125 2.2504
16.125 79.375 0.46276
16.125 79.625 -0.35641
16.125 79.875 0.97478
16.125 80.125 3.0996
16.125 80.375 1.0208
16.125 80.625 0.22517
16.125 80.875 -0.059984
16.375 73.625 0.10759
16.375 73.875 1.7948
16.375 74.125 0.59563
16.375 74.375 1.0397
16.375 74.625 -0.3229
16.375 74.875 0.04945
16.375 75.125 -0.054305
16.375 75.375 1.07
16.375 75.625 1.3263
16.375 75.875 2.4814
16.375 76.125 2.8637
16.375 76.375 1.365
16.375 76.625 -0.020367
16.375 76.875 1.3272
16.375 77.125 2.0849
16.375 77.375 2.0559
16.375 77.625 2.3487
16.375 77.875 3.2676
16.375 78.125 3.5097
16.375 78.375 2.5958
16.375 78.625 2.2792
16.375 78.875 1.7328
16.375 79.125 1.6508
16.375 79.375 0.72283
16.375 79.625 0.44954
16.375 79.875 0.52695
16.375 80.125 1.2382
16.375 80.375 0.47726
16.375 80.625 0.50727
16.375 80.875 0.50837
16.375 81.125 0.29436
16.375 81.375 -0.62649
16.375 81.625 0.72969
16.625 73.625 0.42508
16.625 73.875 -0.39015
16.625 74.125 1.4907
16.625 74.375 -0.97343
16.625 74.625 1.8391
16.625 74.875 0.77643
16.625 75.125 0.92664
16.625 75.375 1.6218
16.625 75.625 1.7158
16.625 75.875 1.5513
16.625 76.125 1.7238
16.625 76.375 1.9349
16.625 76.625 -0.11289
16.625 76.875 0.021269
16.625 77.125 1.0966
16.625 77.375 2.072
16.625 77.625 2.0112
16.625 77.875 3.4891
16.625 78.125 4.0419
16.625 78.375 3.2396
16.625 78.625 2.1411
16.625 78.875 0.97108
16.625 79.125 0.45067
16.625 79.375 -0.042994
16.625 79.625 0.40565
16.625 79.875 0.53189
16.625 80.125 1.4171
16.625 80.375 -0.37708
16.625 80.625 -0.36654
16.625 80.875 0.093729
16.625 81.125 -0.051494
16.625 81.375 -0.3529
16.625 81.625 -0.18264
16.625 81.875 0.19054
16.625 82.125 -0.38685
16.875 73.375 0.57027
16.875 73.625 0.34916
16.875 73.875 -0.20695
16.875 74.125 -1.1033
16.875 74.375 0.40433
16.875 74.625 0.01539
16.875 74.875 0.60745
16.875 75.125 1.178
16.875 75.375 2.3388
16.875 75.625 2.2585
16.875 75.875 1.0052
16.875 76.125 0.20792
16.875 76.375 0.8563
16.875 76.625 1.7246
16.875 76.875 0.58544
16.875 77.125 0.58362
16.875 77.375 2.8254
16.875 77.625 0.61694
16.875 77.875 1.2517
16.875 78.125 0.55188
16.875 78.375 0.2319
16.875 78.625 0.47971
16.875 78.875 -0.21996
16.875 79.125 0.097686
16.875 79.375 -0.18463
16.875 79.625 1.3322
16.875 79.875 0.29491
16.875 80.125 1.414
16.875 80.375 0.51057
16.875 80.625 0.44222
16.875 80.875 0.49187
16.875 81.125 0.43944
16.875 81.375 -0.71222
16.875 81.625 -0.11726
16.875 81.875 -0.80506
16.875 82.125 -0.64931
17.125 73.375 0.70612
17.125 73.625 -0.23485
17.125 73.875 0.34026
17.125 74.125 -0.46986
17.125 74.375 -0.7522
17.125 74.625 -0.77852
17.125 74.875 -0.49544
17.125 75.125 -0.78273
17.125 75.375 1.584
17.125 75.625 1.6428
17.125 75.875 1.0916
17.125 76.125 1.267
17.125 76.375 0.87501
17.125 76.625 0.78398
17.125 76.875 1.4431
17.125 77.125 0.71147
17.125 77.375 0.57961
17.125 77.625 1.8374
17.125 77.875 1.0586
17.125 78.125 0.30219
17.125 78.375 0.52794
17.125 78.625 0.75612
17.125 78.875 1.9319
17.125 79.125 1.7359
17.125 79.375 1.0746
17.125 79.625 0.65644
17.125 79.875 0.6839
17.125 80.125 1.0818
17.125 80.375 0.99267
17.125 80.625 0.71759
17.125 80.875 0.37739
17.125 81.125 -0.048424
17.125 81.375 -0.098309
17.125 81.625 -0.91004
17.125 81.875 -0.6374
17.125 82.125 0.12319
17.125 82.375 0.29872
17.375 73.375 0.11632
17.375 73.625 -0.85062
17.375 73.875 0.51347
17.375 74.125 -1.1933
17.375 74.375 -1.1941
17.375 74.625 -1.0037
17.375 74.875 -0.85345
17.375 75.125 -1.3368
17.375 75.375 -0.76846
17.375 75.625 1.6856
17.375 75.875 0.089488
17.375 76.125 0.76183
17.375 76.375 1.1648
17.375 76.625 0.2965
17.375 76.875 1.5951
17.375 77.125 0.70742
17.375 77.375 -0.051529
17.375 77.625 1.1201
17.375 77.875 0.25735
17.375 78.125 0.92719
17.375 78.375 0.49835
17.375 78.625 2.0578
17.375 78.875 2.4445
17.375 79.125 1.0187
17.375 79.375 1.2684
17.375 79.625 0.7257
17.375 79.875 1.3131
17.375 80.125 1.6748
17.375 80.375 0.85908
17.375 80.625 -0.3864
17.375 80.875 -0.44144
17.375 81.125 -0.80021
17.375 81.375 -0.18296
17.375 81.625 -0.97437
17.375 81.875 -0.70671
17.375 82.125 0.25478
17.375 82.375 0.1522
17.375 82.625 0.43286
17.625 73.375 0.53046
17.625 73.625 -1.4633
17.625 73.875 0.081077
17.625 74.125 -1.0783
17.625 74.375 -1.3681
17.625 74.625 -0.84415
17.625 74.875 -0.40415
17.625 75.125 -0.10422
17.625 75.375 -0.2606
17.625 75.625 0.74991
17.625 75.875 0.33083
17.625 76.125 0.87815
17.625 76.375 1.2195
17.625 76.625 1.2559
17.625 76.875 1.8862
17.625 77.125 1.2651
17.625 77.375 0.44493
17.625 77.625 0.48788
17.625 77.875 1.7272
17.625 78.125 0.85667
17.625 78.375 2.1496
17.625 78.625 1.4971
17.625 78.875 1.1282
17.625 79.125 0.83127
17.625 79.375 0.69654
17.625 79.625 1.5136
17.625 79.875 1.4684
17.625 80.125 1.4376
17.625 80.375 0.5821
17.625 80.625 -0.041856
17.625 80.875 -0.25868
17.625 81.125 -0.16953
17.625 81.375 -0.105
17.625 81.625 -0.42589
17.625 81.875 -0.49777
17.625 82.125 0.1659
17.625 82.375 0.73523
17.625 82.625 0.96874
17.625 82.875 0.34363
17.625 83.125 0.89731
17.875 73.375 1.0648
17.875 73.625 -0.59311
17.875 73.875 -0.047127
17.875 74.125 0.2903
17.875 74.375 0.025388
17.875 74.625 -0.31773
17.875 74.875 0.37751
17.875 75.125 -0.40091
17.875 75.375 -0.48426
17.875 75.625 -0.15509
17.875 75.875 -0.033553
17.875 76.125 1.4938
17.875 76.375 1.6612
17.875 76.625 1.7735
17.875 76.875 1.0082
17.875 77.125 2.3221
17.875 77.375 1.0231
17.875 77.625 2.715
17.875 77.875 1.6601
17.875 78.125 2.329
17.875 78.375 1.5097
17.875 78.625 1.6888
17.875 78.875 0.73036
17.875 79.125 1.0816
17.875 79.375 0.55826
17.875 79.625 1.8098
17.875 79.875 1.4603
17.875 80.125 0.63532
17.875 80.375 -0.55167
17.875 80.625 0.37989
17.875 80.875 0.15359
17.875 81.125 0.0088793
17.875 81.375 1.1146
17.875 81.625 0.23575
17.875 81.875 -0.5945
17.875 82.125 -0.5964
17.875 82.375 -0.028063
17.875 82.625 1.1321
17.875 82.875 1.4619
17.875 83.125 0.35927
17.875 83.375 0.065482
18.125 73.125 0.95659
18.125 73.375 -0.58757
18.125 73.625 -0.18389
18.125 73.875 -0.1267
18.125 74.125 0.048012
18.125 74.375 0.27863
18.125 74.625 0.728
18.125 74.875 1.0126
18.125 75.125 -0.72336
18.125 75.375 0.47508
18.125 75.625 0.93922
18.125 75.875 2.7311
18.125 76.125 2.1225
18.125 76.375 2.1031
18.125 76.625 1.9629
18.125 76.875 1.6274
18.125 77.125 2.7748
18.125 77.375 0.6212
18.125 77.625 2.5372
18.125 77.875 1.9248
18.125 78.125 2.13
18.125 78.375 1.1987
18.125 78.625 0.78263
18.125 78.875 1.7234
18.125 79.125 0.64778
18.125 79.375 0.26639
18.125 79.625 1.0318
18.125 79.875 1.0746
18.125 80.125 1.0459
18.125 80.375 -0.51136
18.125 80.625 -0.78001
18.125 80.875 -0.3866
18.125 81.125 -0.58966
18.125 81.375 0.91627
18.125 81.625 1.3115
18.125 81.875 1.0132
18.125 82.125 0.16776
18.125 82.375 -0.18377
18.125 82.625 0.20163
18.125 82.875 0.31337
18.125 83.125 0.37349
18.125 83.375 0.35812
18.125 83.625 1.6105
18.375 73.125 -0.10217
18.375 73.375 -0.42946
18.375 73.625 -0.084546
18.375 73.875 -0.11416
18.375 74.125 -0.081974
18.375 74.375 1.0961
18.375 74.625 1.1329
18.375 74.875 0.59857
18.375 75.125 1.1456
18.375 75.375 2.994
18.375 75.625 2.8141
18.375 75.875 0.47109
18.375 76.125 1.9183
18.375 76.375 2.0241
18.375 76.625 1.3479
18.375 76.875 1.6495
18.375 77.125 0.87915
18.375 77.375 0.25958
18.375 77.625 0.47601
18.375 77.875 1.1375
18.375 78.125 1.5412
18.375 78.375 0.9494
18.375 78.625 -0.11533
18.375 78.875 -0.52954
18.375 79.125 0.78162
18.375 79.375 0.097831
18.375 79.625 0.66115
18.375 79.875 0.29206
18.375 80.125 0.071467
18.375 80.375 0.8624
18.375 80.625 0.54519
18.375 80.875 -1.0549
18.375 81.125 -0.23205
18.375 81.375 0.85317
18.375 81.625 1.141
18.375 81.875 1.0435
18.375 82.125 1.3752
18.375 82.375 1.1639
18.375 82.625 0.040627
18.375 82.875 -1.0124
18.375 83.125 0.76273
18.375 83.375 0.62393
18.375 83.625 0.92686
18.375 83.875 0.66484
18.625 73.125 1.8457
18.625 73.375 0.30575
18.625 73.625 -0.20843
18.625 73.875 -0.0094598
18.625 74.125 -0.22988
18.625 74.375 -0.19488
18.625 74.625 0.22759
18.625 74.875 0.31324
18.625 75.125 1.2193
18.625 75.375 2.328
18.625 75.625 1.4344
18.625 75.875 1.166
18.625 76.125 0.57797
18.625 76.375 0.11992
18.625 76.625 2.1219
18.625 76.875 1.8558
18.625 77.125 1.2115
18.625 77.375 -0.42852
18.625 77.625 0.082284
18.625 77.875 -0.13818
18.625 78.125 -0.11496
18.625 78.375 0.63595
18.625 78.625 -1.3208
18.625 78.875 -0.42551
18.625 79.125 -0.62035
18.625 79.375 -0.3482
18.625 79.625 -1.2189
18.625 79.875 -0.29812
18.625 80.125 0.34347
18.625 80.375 1.8425
18.625 80.625 1.6099
18.625 80.875 -0.65346
18.625 81.125 -0.71893
18.625 81.375 0.75485
18.625 81.625 1.7878
18.625 81.875 1.7731
18.625 82.125 1.6309
18.625 82.375 1.5198
18.625 82.625 1.6898
18.625 82.875 0.49022
18.625 83.125 -0.99195
18.625 83.375 -0.22343
18.625 83.625 -0.016658
18.625 83.875 -0.20445
18.625 84.125 -0.22731
18.875 73.125 1.3735
18.875 73.375 0.28394
18.875 73.625 0.10384
18.875 73.875 0.010574
18.875 74.125 -0.30644
18.875 74.375 1.3682
18.875 74.625 0.18149
18.875 74.875 0.88181
18.875 75.125 0.49795
18.875 75.375 1.3132
18.875 75.625 0.7628
18.875 75.875 0.012349
18.875 76.125 1.078
18.875 76.375 0.30268
18.875 76.625 1.412
18.875 76.875 1.9656
18.875 77.125 1.1704
18.875 77.375 -0.014434
18.875 77.625 1.256
18.875 77.875 0.88939
18.875 78.125 0.28871
18.875 78.375 -1.1724
18.875 78.625 0.050956
18.875 78.875 0.55985
18.875 79.125 0.26616
18.875 79.375 0.6234
18.875 79.625 -1.1304
18.875 79.875 -0.27256
18.875 80.125 -0.046506
18.875 80.375 1.3308
18.875 80.625 1.6232
18.875 80.875 0.63383
18.875 81.125 0.25137
18.875 81.375 2.2778
18.875 81.625 0.60391
18.875 81.875 2.8285
18.875 82.125 2.2204
18.875 82.375 1.7719
18.875 82.625 0.94984
18.875 82.875 0.77126
18.875 83.125 -0.20292
18.875 83.375 -0.0070267
18.875 83.625 0.29338
18.875 83.875 0.2093
18.875 84.125 -0.13482
18.875 84.375 -0.72952
19.125 73.125 1.6508
19.125 73.375 0.95354
19.125 73.625 -0.057075
19.125 73.875 -0.054918
19.125 74.125 -0.17372
19.125 74.375 1.0048
19.125 74.625 0.23501
19.125 74.875 1.9332
19.125 75.125 1.9867
19.125 75.375 1.4574
19.125 75.625 0.91209
19.125 75.875 0.169
19.125 76.125 0.4107
19.125 76.375 0.25838
19.125 76.625 0.69327
19.125 76.875 0.096969
19.125 77.125 1.0589
19.125 77.375 0.29917
19.125 77.625 0.85021
19.125 77.875 -0.5396
19.125 78.125 -0.78435
19.125 78.375 -0.54473
19.125 78.625 -4.6327e-05
19.125 78.875 1.1407
19.125 79.125 1.3987
19.125 79.375 -0.047494
19.125 79.625 0.16042
19.125 79.875 -0.21597
19.125 80.125 -0.20117
19.125 80.375 0.60018
19.125 80.625 1.5744
19.125 80.875 1.4474
19.125 81.125 0.76752
19.125 81.375 0.98506
19.125 81.625 0.9759
19.125 81.875 -0.14744
19.125 82.125 2.1096
19.125 82.375 1.9892
19.125 82.625 -0.2788
19.125 82.875 0.28191
19.125 83.125 -0.38836
19.125 83.375 -0.71554
19.125 83.625 -0.61295
19.125 83.875 -0.39559
19.125 84.125 -0.003037
19.125 84.375 -0.034267
19.125 84.625 -0.067757
19.375 72.875 1.0312
19.375 73.125 -0.39461
19.375 73.375 1.5671
19.375 73.625 0.28386
19.375 73.875 -0.12719
19.375 74.125 0.54554
19.375 74.375 1.1024
19.375 74.625 0.60302
19.375 74.875 0.58132
19.375 75.125 2.5632
19.375 75.375 0.66717
19.375 75.625 -0.44439
19.375 75.875 -0.41003
19.375 76.125 0.61637
19.375 76.375 -0.55858
19.375 76.625 -0.60785
19.375 76.875 -0.83358
19.375 77.125 0.13683
19.375 77.375 -0.096869
19.375 77.625 0.7207
19.375 77.875 0.2076
19.375 78.125 0.81493
19.375 78.375 0.17821
19.375 78.625 0.18373
19.375 78.875 0.89328
19.375 79.125 0.6451
19.375 79.375 0.50621
19.375 79.625 -0.3266
19.375 79.875 0.26636
19.375 80.125 0.66588
19.375 80.375 0.87578
19.375 80.625 1.4002
19.375 80.875 1.5584
19.375 81.125 0.53419
19.375 81.375 0.47258
19.375 81.625 0.29438
19.375 81.875 0.58776
19.375 82.125 1.3289
19.375 82.375 -0.27027
19.375 82.625 -0.55879
19.375 82.875 0.21619
19.375 83.125 -0.4958
19.375 83.375 -0.90191
19.375 83.625 -0.92172
19.375 83.875 -0.67786
19.375 84.125 0.081629
19.375 84.375 0.55972
19.375 84.625 0.30811
19.375 84.875 0.57657
19.625 72.875 1.3627
19.625 73.125 1.7216
19.625 73.375 1.5583
19.625 73.625 0.36726
19.625 73.875 0.06928
19.625 74.125 -0.24776
19.625 74.375 0.48523
19.625 74.625 0.42913
19.625 74.875 0.090106
19.625 75.125 0.38371
19.625 75.375 0.090578
19.625 75.625 0.35302
19.625 75.875 0.52558
19.625 76.125 0.58901
19.625 76.375 -0.38739
19.625 76.625 -0.7919
19.625 76.875 -1.7319
19.625 77.125 -1.1605
19.625 77.375 0.19475
19.625 77.625 0.13977
19.625 77.875 0.23123
19.625 78.125 0.52197
19.625 78.375 0.60577
19.625 78.625 1.2051
19.625 78.875 0.71244
19.625 79.125 -0.13841
19.625 79.375 -0.79379
19.625 79.625 -0.57586
19.625 79.875 -0.21178
19.625 80.125 -0.22609
19.625 80.375 -0.2546
19.625 80.625 0.54293
19.625 80.875 1.2755
19.625 81.125 1.3002
19.625 81.375 -0.11706
19.625 81.625 0.15081
19.625 81.875 0.74136
19.625 82.125 0.62077
19.625 82.375 0.31996
19.625 82.625 -0.17075
19.625 82.875 0.046924
19.625 83.125 -0.36999
19.625 83.375 0.89967
19.625 83.625 0.78413
19.625 83.875 0.36693
19.625 84.125 0.31674
19.625 84.375 -0.028318
19.625 84.625 0.83926
19.625 84.875 0.39563
19.625 85.125 -1.0026
19.625 85.375 -0.041821
19.875 72.875 1.7773
19.875 73.125 1.5835
19.875 73.375 1.6063
19.875 73.625 0.56062
19.875 73.875 0.29879
19.875 74.125 0.41009
19.875 74.375 1.0663
19.875 74.625 1.0671
19.875 74.875 1.1383
19.875 75.125 -0.13477
19.875 75.375 -0.049658
19.875 75.625 1.1504
19.875 75.875 1.5336
19.875 76.125 1.8874
19.875 76.375 1.478
19.875 76.625 -0.11046
19.875 76.875 -0.088649
19.875 77.125 -0.13347
19.875 77.375 0.05848
19.875 77.625 0.42228
19.875 77.875 0.14135
19.875 78.125 -0.055839
19.875 78.375 0.04768
19.875 78.625 0.41307
19.875 78.875 0.53175
19.875 79.125 0.33538
19.875 79.375 -0.53831
19.875 79.625 -0.44893
19.875 79.875 -0.065723
19.875 80.125 -0.57025
19.875 80.375 -0.94269
19.875 80.625 0.4329
19.875 80.875 1.0331
19.875 81.125 1.6834
19.875 81.375 -1.129
19.875 81.625 0.38375
19.875 81.875 2.1616
19.875 82.125 0.28281
19.875 82.375 -0.060965
19.875 82.625 -0.193
19.875 82.875 -0.23282
19.875 83.125 -0.050087
19.875 83.375 0.45965
19.875 83.625 0.83759
19.875 83.875 0.36759
19.875 84.125 0.26902
19.875 84.375 -0.061159
19.875 84.625 1.0765
19.875 84.875 0.57704
19.875 85.125 -0.13228
19.875 85.375 0.26054
19.875 85.625 0.71363
19.875 85.875 -0.33014
19.875 86.125 -0.17558
20.125 72.875 1.8274
20.125 73.125 1.3304
20.125 73.375 0.56383
20.125 73.625 2.3535
20.125 73.875 1.9501
20.125 74.125 4.1955
20.125 74.375 2.0932
20.125 74.625 0.96532
20.125 74.875 0.40097
20.125 75.125 0.10701
20.125 75.375 0.222
20.125 75.625 -0.053641
20.125 75.875 0.18702
20.125 76.125 1.3483
20.125 76.375 1.8243
20.125 76.625 1.0987
20.125 76.875 0.49147
20.125 77.125 0.12116
20.125 77.375 0.69652
20.125 77.625 0.93142
20.125 77.875 0.18397
20.125 78.125 -0.12592
20.125 78.375 0.044973
20.125 78.625 -0.060885
20.125 78.875 -0.0060419
20.125 79.125 -0.041471
20.125 79.375 -0.44504
20.125 79.625 0.015935
20.125 79.875 0.59783
20.125 80.125 0.3053
20.125 80.375 -0.72887
20.125 80.625 0.17505
20.125 80.875 0.094881
20.125 81.125 -0.3836
20.125 81.375 0.41284
20.125 81.625 0.94635
20.125 81.875 2.0779
20.125 82.125 1.6629
20.125 82.375 -0.46856
20.125 82.625 -0.50656
20.125 82.875 -0.079784
20.125 83.125 0.36062
20.125 83.375 0.26622
20.125 83.625 0.25961
20.125 83.875 1.5318
20.125 84.125 1.765
20.125 84.375 -0.1891
20.125 84.625 1.3221
20.125 84.875 1.0404
20.125 85.125 1.8988
20.125 85.375 0.76545
20.125 85.625 0.35679
20.125 85.875 -0.53624
20.125 86.125 -0.39408
20.125 86.375 -0.49017
20.375 73.125 2.0635
20.375 73.375 1.3495
20.375 73.625 1.2914
20.375 73.875 -0.0029573
20.375 74.125 0.36102
20.375 74.375 0.51349
20.375 74.625 0.21688
20.375 74.875 0.55194
20.375 75.125 2.7918
20.375 75.375 2.8684
20.375 75.625 1.0895
20.375 75.875 0.38462
20.375 76.125 0.31597
20.375 76.375 -0.13804
20.375 76.625 -0.35338
20.375 76.875 -0.74357
20.375 77.125 -0.14447
20.375 77.375 0.20212
20.375 77.625 0.16447
20.375 77.875 -0.48559
20.375 78.125 -0.12527
20.375 78.375 -0.1899
20.375 78.625 -0.40237
20.375 78.875 0.11914
20.375 79.125 0.24241
20.375 79.375 0.23776
20.375 79.625 0.26484
20.375 79.875 0.7924
20.375 80.125 0.90123
20.375 80.375 -0.43105
20.375 80.625 -0.09738
20.375 80.875 0.53819
20.375 81.125 0.57455
20.375 81.375 0.55248
20.375 81.625 0.79302
20.375 81.875 1.5835
20.375 82.125 2.7562
20.375 82.375 2.0689
20.375 82.625 0.7809
20.375 82.875 0.39651
20.375 83.125 0.51407
20.375 83.375 1.0598
20.375 83.625 0.73227
20.375 83.875 0.66402
20.375 84.125 0.76039
20.375 84.375 -1.6445
20.375 84.625 -0.3658
20.375 84.875 -0.11813
20.375 85.125 0.15541
20.375 85.375 -0.18502
20.375 85.625 1.5147
20.375 85.875 0.88975
20.375 86.125 1.0396
20.375 86.375 0.16059
20.375 86.625 0.63609
20.625 73.125 1.4789
20.625 73.375 1.3187
20.625 73.625 2.0669
20.625 73.875 4.1454
20.625 74.125 1.8166
20.625 74.375 1.1378
20.625 74.625 1.0149
20.625 74.875 1.1996
20.625 75.125 2.6918
20.625 75.375 2.0536
20.625 75.625 0.74359
20.625 75.875 0.33477
20.625 76.125 0.35497
20.625 76.375 0.013236
20.625 76.625 -0.49144
20.625 76.875 -0.69647
20.625 77.125 -0.48115
20.625 77.375 -0.65084
20.625 77.625 -0.075059
20.625 77.875 0.53831
20.625 78.125 0.48756
20.625 78.375 -0.068171
20.625 78.625 -0.31388
20.625 78.875 -0.036681
20.625 79.125 -0.12508
20.625 79.375 -0.51155
20.625 79.625 0.69786
20.625 79.875 0.79322
20.625 80.125 1.3497
20.625 80.375 0.091552
20.625 80.625 0.62986
20.625 80.875 1.4499
20.625 81.125 1.2639
20.625 81.375 0.51743
20.625 81.625 0.60881
20.625 81.875 2.3117
20.625 82.125 3.1899
20.625 82.375 1.8207
20.625 82.625 0.78939
20.625 82.875 1.1028
20.625 83.125 0.79906
20.625 83.375 1.0699
20.625 83.625 1.4129
20.625 83.875 0.51221
20.625 84.125 0.10413
20.625 84.375 -0.36135
20.625 84.625 0.20068
20.625 84.875 -0.19921
20.625 85.125 1.0651
20.625 85.375 1.7494
20.625 85.625 -1.0097
20.625 85.875 0.96625
20.625 86.125 1.6322
20.625 86.375 1.5721
20.625 86.625 1.3778
20.625 86.875 1.0525
20.875 70.625 0.8109
20.875 70.875 0.20786
20.875 71.125 -0.055945
20.875 71.375 1.418
20.875 72.875 1.5828
20.875 73.125 2.4882
20.875 73.375 1.1662
20.875 73.625 2.0086
20.875 73.875 3.1259
20.875 74.125 2.1663
20.875 74.375 1.6018
20.875 74.625 0.93394
20.875 74.875 0.1101
20.875 75.125 0.68194
20.875 75.375 -0.12384
20.875 75.625 -0.31714
20.875 75.875 0.087997
20.875 76.125 1.3372
20.875 76.375 -0.62542
20.875 76.625 -0.44868
20.875 76.875 -0.10125
20.875 77.125 -0.37665
20.875 77.375 -0.76759
20.875 77.625 0.074867
20.875 77.875 0.725
20.875 78.125 0.9316
20.875 78.375 0.54483
20.875 78.625 -0.57627
20.875 78.875 -0.099882
20.875 79.125 -0.40159
20.875 79.375 -1.1205
20.875 79.625 -0.19602
20.875 79.875 0.26576
20.875 80.125 0.75569
20.875 80.375 -0.47195
20.875 80.625 0.60205
20.875 80.875 1.4677
20.875 81.125 1.2883
20.875 81.375 -0.29084
20.875 81.625 1.4713
20.875 81.875 0.60565
20.875 82.125 0.80572
20.875 82.375 1.5324
20.875 82.625 0.90861
20.875 82.875 1.1798
20.875 83.125 1.1579
20.875 83.375 0.16263
20.875 83.625 0.53544
20.875 83.875 0.42663
20.875 84.125 -0.37322
20.875 84.375 2.5355
20.875 84.625 0.59972
20.875 84.875 0.6145
20.875 85.125 1.7394
20.875 85.375 1.1316
20.875 85.625 0.60672
20.875 85.875 1.6697
20.875 86.125 1.3081
20.875 86.375 -0.014543
20.875 86.625 0.83017
21.125 70.375 0.53412
21.125 70.625 0.02628
21.125 70.875 -0.34698
21.125 71.125 0.23247
21.125 71.375 0.41859
21.125 71.625 1.2831
21.125 71.875 0.59191
21.125 72.875 -0.88899
21.125 73.125 0.10471
21.125 73.375 2.0776
21.125 73.625 -0.23406
21.125 73.875 0.46671
21.125 74.125 0.22622
21.125 74.375 -0.18757
21.125 74.625 -0.039237
21.125 74.875 0.80915
21.125 75.125 -0.1267
21.125 75.375 2.0066
21.125 75.625 0.8533
21.125 75.875 0.23888
21.125 76.125 0.79851
21.125 76.375 0.077968
21.125 76.625 -0.72463
21.125 76.875 -0.71233
21.125 77.125 -1.0936
21.125 77.375 -0.69878
21.125 77.625 -0.16642
21.125 77.875 0.81875
21.125 78.125 -0.3464
21.125 78.375 -0.47513
21.125 78.625 -0.96368
21.125 78.875 0.05459
21.125 79.125 -0.39353
21.125 79.375 -0.83971
21.125 79.625 -0.14655
21.125 79.875 0.43925
21.125 80.125 0.23011
21.125 80.375 -0.46988
21.125 80.625 0.33199
21.125 80.875 0.33292
21.125 81.125 -0.92957
21.125 81.375 0.79737
21.125 81.625 0.20725
21.125 81.875 0.47834
21.125 82.125 2.0508
21.125 82.375 0.8868
21.125 82.625 1.4185
21.125 82.875 1.307
21.125 83.125 0.92415
21.125 83.375 0.64648
21.125 83.625 0.6917
21.125 83.875 0.91866
21.125 84.125 0.93752
21.125 84.375 -0.16267
21.125 84.625 1.7125
21.125 84.875 2.7396
21.125 85.125 3.2644
21.125 85.375 2.1169
21.125 85.625 1.8514
21.125 85.875 3.696
21.125 86.125 0.64791
21.125 86.375 0.84001
21.125 86.625 1.5069
21.375 70.125 0.32853
21.375 70.375 0.1499
21.375 70.625 0.29793
21.375 70.875 -0.10583
21.375 71.125 -0.12824
21.375 71.375 0.037441
21.375 71.625 0.67197
21.375 71.875 0.53521
21.375 72.875 1.1514
21.375 73.125 2.0014
21.375 73.375 2.2078
21.375 73.625 0.68617
21.375 73.875 0.59742
21.375 74.125 -0.54629
21.375 74.375 -0.26748
21.375 74.625 0.25527
21.375 74.875 1.6882
21.375 75.125 1.3419
21.375 75.375 1.208
21.375 75.625 0.96174
21.375 75.875 0.44863
21.375 76.125 1.3766
21.375 76.375 -0.37187
21.375 76.625 -1.2942
21.375 76.875 -1.3231
21.375 77.125 -1.3244
21.375 77.375 -0.51183
21.375 77.625 -0.15226
21.375 77.875 -0.44419
21.375 78.125 -0.16453
21.375 78.375 0.94563
21.375 78.625 0.056404
21.375 78.875 -0.31404
21.375 79.125 -0.62772
21.375 79.375 -0.78547
21.375 79.625 -0.88288
21.375 79.875 0.26047
21.375 80.125 -0.79753
21.375 80.375 -0.95175
21.375 80.625 -0.53317
21.375 80.875 -1.414
21.375 81.125 -1.774
21.375 81.375 -0.059151
21.375 81.625 0.67173
21.375 81.875 1.3591
21.375 82.125 1.0138
21.375 82.375 1.5182
21.375 82.625 1.195
21.375 82.875 1.4757
21.375 83.125 1.6583
21.375 83.375 1.0746
21.375 83.625 0.70581
21.375 83.875 1.2242
21.375 84.125 0.87983
21.375 84.375 0.83163
21.375 84.625 1.5423
21.375 84.875 1.4333
21.375 85.125 1.8647
21.375 85.375 1.9341
21.375 85.625 2.4018
21.375 85.875 1.5232
21.375 86.125 2.2942
21.375 86.375 1.5263
21.375 86.625 1.2589
21.375 86.875 0.96901
21.625 69.875 -0.013405
21.625 70.125 -0.39138
21.625 70.375 0.41982
21.625 70.625 0.48272
21.625 70.875 -0.0069769
21.625 71.125 -0.20667
21.625 71.375 1.1018
21.625 71.625 2.6217
21.625 71.875 1.0385
21.625 72.125 0.73728
21.625 72.875 1.3811
21.625 73.125 1.7701
21.625 73.375 0.93568
21.625 73.625 0.30271
21.625 73.875 -0.081549
21.625 74.125 -0.31522
21.625 74.375 -0.43997
21.625 74.625 0.70799
21.625 74.875 1.7971
21.625 75.125 1.2137
21.625 75.375 1.1398
21.625 75.625 0.64976
21.625 75.875 0.29306
21.625 76.125 0.49049
21.625 76.375 -0.31424
21.625 76.625 -1.0595
21.625 76.875 -0.89319
21.625 77.125 -0.27448
21.625 77.375 -0.21155
21.625 77.625 -0.95486
21.625 77.875 -0.52652
21.625 78.125 -0.11709
21.625 78.375 0.85896
21.625 78.625 -0.28755
21.625 78.875 -0.79214
21.625 79.125 -1.1186
21.625 79.375 -0.21846
21.625 79.625 0.30605
21.625 79.875 0.22436
21.625 80.125 0.10142
21.625 80.375 0.20672
21.625 80.625 -1.0977
21.625 80.875 -1.7264
21.625 81.125 -1.8769
21.625 81.375 -1.7225
21.625 81.625 -0.049119
21.625 81.875 0.92213
21.625 82.125 1.0497
21.625 82.375 -0.0088917
21.625 82.625 0.85831
21.625 82.875 1.0487
21.625 83.125 1.2256
21.625 83.375 0.18498
21.625 83.625 1.0087
21.625 83.875 1.6031
21.625 84.125 0.98945
21.625 84.375 2.0114
21.625 84.625 1.5773
21.625 84.875 2.7697
21.625 85.125 1.6754
21.625 85.375 2.5183
21.625 85.625 2.6104
21.625 85.875 2.6408
21.625 86.125 2.6147
21.625 86.375 2.8938
21.625 86.625 0.28139
21.625 86.875 0.33042
21.625 87.125 0.55392
21.625 87.375 1.1862
21.875 69.375 0.8611
21.875 69.625 0.18214
21.875 69.875 0.13331
21.875 70.125 0.12833
21.875 70.375 0.53571
21.875 70.625 0.49416
21.875 70.875 -0.19316
21.875 71.125 -0.38358
21.875 71.375 0.9813
21.875 71.625 1.9699
21.875 71.875 0.49548
21.875 72.125 0.18258
21.875 72.625 -1.4513
21.875 72.875 0.051971
21.875 73.125 0.41662
21.875 73.375 0.076631
21.875 73.625 0.014559
21.875 73.875 -0.14154
21.875 74.125 -0.50491
21.875 74.375 -0.78874
21.875 74.625 -0.05095
21.875 74.875 -0.05736
21.875 75.125 0.51695
21.875 75.375 0.24257
21.875 75.625 0.9283
21.875 75.875 0.50762
21.875 76.125 0.25591
21.875 76.375 -0.36492
21.875 76.625 -0.50392
21.875 76.875 -0.13327
21.875 77.125 0.055415
21.875 77.375 -0.32871
21.875 77.625 -1.0527
21.875 77.875 -1.0842
21.875 78.125 -0.84141
21.875 78.375 -0.62655
21.875 78.625 -0.52896
21.875 78.875 0.031924
21.875 79.125 -0.17564
21.875 79.375 0.074067
21.875 79.625 0.50884
21.875 79.875 0.74181
21.875 80.125 1.2413
21.875 80.375 1.116
21.875 80.625 -0.0088052
21.875 80.875 -1.1283
21.875 81.125 -1.9858
21.875 81.375 -0.34774
21.875 81.625 0.68654
21.875 81.875 -0.13615
21.875 82.125 1.912
21.875 82.375 0.39018
21.875 82.625 -0.37137
21.875 82.875 -0.15638
21.875 83.125 0.76571
21.875 83.375 0.49167
21.875 83.625 0.59159
21.875 83.875 3.3267
21.875 84.125 1.8102
21.875 84.375 2.6262
21.875 84.625 1.9436
21.875 84.875 2.218
21.875 85.125 2.0877
21.875 85.375 2.9169
21.875 85.625 2.2215
21.875 85.875 3.3519
21.875 86.125 3.2
21.875 86.375 2.7932
21.875 86.625 0.6691
21.875 86.875 0.44148
21.875 87.125 0.77148
21.875 87.375 1.0835
21.875 87.625 2.0697
21.875 87.875 2.1368
21.875 88.375 1.309
21.875 88.625 1.2447
21.875 88.875 1.2551
22.125 69.125 0.54831
22.125 69.375 0.092242
22.125 69.625 0.10226
22.125 69.875 -0.005356
22.125 70.125 0.0523
22.125 70.375 0.11577
22.125 70.625 -0.075163
22.125 70.875 0.275
22.125 71.125 -0.46689
22.125 71.375 0.50747
22.125 71.625 1.0407
22.125 71.875 -0.45522
22.125 72.125 -0.0012891
22.125 72.625 0.30358
22.125 72.875 0.12107
22.125 73.125 -0.34888
22.125 73.375 0.26012
22.125 73.625 0.17126
22.125 73.875 0.12887
22.125 74.125 1.3363
22.125 74.375 -0.44756
22.125 74.625 -0.56967
22.125 74.875 0.13188
22.125 75.125 0.19358
22.125 75.375 -0.60077
22.125 75.625 0.58254
22.125 75.875 0.68447
22.125 76.125 -0.34626
22.125 76.375 -0.51889
22.125 76.625 -0.28965
22.125 76.875 -0.25621
22.125 77.125 -0.16564
22.125 77.375 -0.5014
22.125 77.625 -1.054
22.125 77.875 -0.54982
22.125 78.125 -0.98006
22.125 78.375 -1.4052
22.125 78.625 -1.1324
22.125 78.875 -0.55112
22.125 79.125 -0.27747
22.125 79.375 -0.43482
22.125 79.625 0.38713
22.125 79.875 1.1941
22.125 80.125 1.5047
22.125 80.375 1.454
22.125 80.625 0.63929
22.125 80.875 -0.67851
22.125 81.125 -1.8245
22.125 81.375 2.4535
22.125 81.625 -0.33847
22.125 81.875 0.7359
22.125 82.125 0.4043
22.125 82.375 0.059677
22.125 82.625 -0.93483
22.125 82.875 -0.90391
22.125 83.125 -0.45121
22.125 83.375 0.14234
22.125 83.625 1.7743
22.125 83.875 1.3335
22.125 84.125 1.974
22.125 84.375 1.0431
22.125 84.625 1.9795
22.125 84.875 3.3727
22.125 85.125 2.6239
22.125 85.375 2.9608
22.125 85.625 1.2771
22.125 85.875 1.788
22.125 86.125 3.4384
22.125 86.375 2.9672
22.125 86.625 1.4087
22.125 86.875 1.4159
22.125 87.125 1.2633
22.125 87.375 0.55765
22.125 87.625 1.0216
22.125 87.875 1.9067
22.125 88.125 1.717
22.125 88.375 1.5352
22.125 92.875 1.4352
22.375 69.125 0.53069
22.375 69.875 -0.23911
22.375 70.125 -0.32245
22.375 70.375 -0.63222
22.375 70.625 -0.083129
22.375 70.875 0.0023195
22.375 71.125 0.35874
22.375 71.375 0.5309
22.375 71.625 -0.35623
22.375 71.875 -0.15297
22.375 72.125 1.1266
22.375 72.625 1.1356
22.375 72.875 -0.20251
22.375 73.125 0.020708
22.375 73.375 -0.21961
22.375 73.625 0.69589
22.375 73.875 1.1476
22.375 74.125 0.39405
22.375 74.375 -0.015339
22.375 74.625 -0.51285
22.375 74.875 0.038615
22.375 75.125 0.39822
22.375 75.375 0.65747
22.375 75.625 -0.15356
22.375 75.875 -0.20453
22.375 76.125 -0.069191
22.375 76.375 0.29311
22.375 76.625 0.65738
22.375 76.875 -0.23466
22.375 77.125 -0.23318
22.375 77.375 -0.25399
22.375 77.625 -0.43605
22.375 77.875 0.40179
22.375 78.125 0.13538
22.375 78.375 -0.58478
22.375 78.625 -0.75108
22.375 78.875 0.19253
22.375 79.125 0.14483
22.375 79.375 0.67885
22.375 79.625 1.605
22.375 79.875 1.3445
22.375 80.125 1.7282
22.375 80.375 2.1879
22.375 80.625 0.56997
22.375 80.875 -0.01314
22.375 81.125 -0.24254
22.375 81.375 1.7056
22.375 81.625 0.18756
22.375 81.875 0.96581
22.375 82.125 -0.087465
22.375 82.375 -0.067708
22.375 82.625 -1.5759
22.375 82.875 -1.9888
22.375 83.125 -1.9325
22.375 83.375 -2.0602
22.375 83.625 -1.9311
22.375 83.875 0.1427
22.375 84.125 0.52979
22.375 84.375 1.1997
22.375 84.625 1.9991
22.375 84.875 2.3032
22.375 85.125 1.9399
22.375 85.375 2.5358
22.375 85.625 0.59627
22.375 85.875 1.916
22.375 86.125 4.2833
22.375 86.375 1.1346
22.375 86.625 0.95067
22.375 86.875 1.3865
22.375 87.125 1.37
22.375 87.375 0.30309
22.375 87.625 0.34976
22.375 87.875 1.9218
22.375 88.125 -0.82664
22.375 88.375 1.0235
22.375 88.625 1.0582
22.375 88.875 0.94493
22.375 92.875 1.3714
22.625 70.375 0.58789
22.625 70.625 0.69664
22.625 70.875 -0.057144
22.625 71.125 0.028289
22.625 71.375 0.02729
22.625 71.625 -0.26027
22.625 71.875 -0.51294
22.625 72.125 -0.11925
22.625 72.375 1.0566
22.625 72.625 2.7625
22.625 72.875 -0.38029
22.625 73.125 -0.60674
22.625 73.375 0.52374
22.625 73.625 -0.54377
22.625 73.875 -0.62984
22.625 74.125 0.01875
22.625 74.375 0.37725
22.625 74.625 -0.17692
22.625 74.875 -0.016097
22.625 75.125 0.086735
22.625 75.375 0.47953
22.625 75.625 -0.39376
22.625 75.875 -0.48148
22.625 76.125 -0.12844
22.625 76.375 -0.38543
22.625 76.625 0.38022
22.625 76.875 0.35553
22.625 77.125 0.16856
22.625 77.375 -0.116
22.625 77.625 0.050106
22.625 77.875 0.9139
22.625 78.125 1.0291
22.625 78.375 0.45576
22.625 78.625 0.55953
22.625 78.875 0.57762
22.625 79.125 0.63141
22.625 79.375 0.73566
22.625 79.625 1.0753
22.625 79.875 1.244
22.625 80.125 1.4261
22.625 80.375 0.10174
22.625 80.625 -1.417
22.625 80.875 -1.1952
22.625 81.125 0.6823
22.625 81.375 0.92614
22.625 81.625 0.86447
22.625 81.875 0.56952
22.625 82.125 -0.45386
22.625 82.375 -1.1785
22.625 82.625 -2.5571
22.625 82.875 -2.6308
22.625 83.125 -2.6834
22.625 83.375 -1.093
22.625 83.625 -0.12906
22.625 83.875 -1.5377
22.625 84.125 0.029579
22.625 84.375 0.44348
22.625 84.625 2.1611
22.625 84.875 2.9382
22.625 85.125 1.694
22.625 85.375 1.7984
22.625 85.625 1.9764
22.625 85.875 2.09
22.625 86.125 3.6086
22.625 86.375 1.1706
22.625 86.625 1.0924
22.625 86.875 1.1196
22.625 87.125 1.3436
22.625 87.375 0.89715
22.625 87.625 1.229
22.625 87.875 1.8238
22.625 88.125 1.4643
22.625 88.375 1.4711
22.625 88.625 1.1001
22.625 88.875 1.0248
22.625 92.625 -0.34964
22.625 92.875 1.1669
22.875 69.375 1.3845
22.875 69.625 1.5348
22.875 69.875 0.91753
22.875 70.625 0.91271
22.875 70.875 0.083797
22.875 71.125 -0.23225
22.875 71.375 -0.4798
22.875 71.625 -0.50255
22.875 71.875 -0.58822
22.875 72.125 -0.80867
22.875 72.375 0.27815
22.875 72.625 2.2362
22.875 72.875 -0.24313
22.875 73.125 0.95074
22.875 73.375 0.64938
22.875 73.625 -0.54346
22.875 73.875 -0.26955
22.875 74.125 0.20866
22.875 74.375 -0.4531
22.875 74.625 -0.50106
22.875 74.875 0.3352
22.875 75.125 0.070128
22.875 75.375 -0.26055
22.875 75.625 -0.67861
22.875 75.875 -0.67829
22.875 76.125 -0.71125
22.875 76.375 -1.0928
22.875 76.625 -0.54637
22.875 76.875 0.22112
22.875 77.125 0.36126
22.875 77.375 0.47055
22.875 77.625 0.29232
22.875 77.875 0.82523
22.875 78.125 1.4131
22.875 78.375 0.88152
22.875 78.625 0.88862
22.875 78.875 0.84759
22.875 79.125 0.1588
22.875 79.375 -0.1711
22.875 79.625 -0.85809
22.875 79.875 1.2778
22.875 80.125 0.56585
22.875 80.375 0.23437
22.875 80.625 -0.98095
22.875 80.875 -0.32395
22.875 81.125 0.3924
22.875 81.375 -0.032114
22.875 81.625 -0.75319
22.875 81.875 -0.32151
22.875 82.125 -0.51829
22.875 82.375 0.016361
22.875 82.625 -1.7016
22.875 82.875 -1.2196
22.875 83.125 -2.3579
22.875 83.375 -0.67241
22.875 83.625 0.89043
22.875 83.875 -0.50574
22.875 84.125 -0.64779
22.875 84.375 0.10565
22.875 84.625 2.5965
22.875 84.875 1.3653
22.875 85.125 2.2143
22.875 85.375 2.9237
22.875 85.625 2.1271
22.875 85.875 1.4244
22.875 86.125 0.59325
22.875 86.375 0.96263
22.875 86.625 2.1195
22.875 86.875 2.6466
22.875 87.125 1.9319
22.875 87.375 1.4916
22.875 87.625 0.75443
22.875 87.875 -0.92808
22.875 88.125 1.042
22.875 88.375 1.0133
22.875 88.625 1.2618
22.875 92.625 -0.16312
22.875 92.875 0.98142
23.125 68.875 0.44342
23.125 69.125 0.67681
23.125 69.375 1.2793
23.125 69.625 1.337
23.125 69.875 1.0219
23.125 70.125 0.34047
23.125 70.875 0.073419
23.125 71.125 -0.028106
23.125 71.375 -0.62903
23.125 71.625 -0.37089
23.125 71.875 -0.55161
23.125 72.125 0.57995
23.125 72.375 -0.56223
23.125 72.625 1.5894
23.125 72.875 0.18437
23.125 73.125 -0.54099
23.125 73.375 0.84301
23.125 73.625 0.33149
23.125 73.875 0.11605
23.125 74.125 -0.32851
23.125 74.375 -0.41239
23.125 74.625 0.37954
23.125 74.875 0.092887
23.125 75.125 -0.14055
23.125 75.375 -0.53973
23.125 75.625 -0.80317
23.125 75.875 -0.76104
23.125 76.125 -0.9295
23.125 76.375 -1.0074
23.125 76.625 -1.0108
23.125 76.875 -0.61929
23.125 77.125 -0.037894
23.125 77.375 0.14812
23.125 77.625 0.14669
23.125 77.875 0.34752
23.125 78.125 0.56282
23.125 78.375 0.66655
23.125 78.625 0.26963
23.125 78.875 0.13472
23.125 79.125 -0.092747
23.125 79.375 0.34119
23.125 79.625 -1.0795
23.125 79.875 0.044444
23.125 80.125 0.26865
23.125 80.375 -0.067716
23.125 80.625 0.77508
23.125 80.875 1.1945
23.125 81.125 1.4189
23.125 81.375 0.94585
23.125 81.625 -0.0021159
23.125 81.875 0.1142
23.125 82.125 -0.36315
23.125 82.375 0.3349
23.125 82.625 0.95984
23.125 82.875 -0.60482
23.125 83.125 -0.8806
23.125 83.375 2.9176
23.125 83.625 3.9228
23.125 83.875 2.7196
23.125 84.125 0.15749
23.125 84.375 1.2105
23.125 84.625 1.4463
23.125 84.875 1.2853
23.125 85.125 1.3096
23.125 85.375 2.9818
23.125 85.625 1.9783
23.125 85.875 0.11708
23.125 86.125 0.50447
23.125 86.375 1.9611
23.125 86.625 1.2646
23.125 86.875 2.6362
23.125 87.125 1.9575
23.125 87.375 2.3415
23.125 87.625 1.1226
23.125 87.875 -0.43555
23.125 88.125 -0.7611
23.125 88.375 0.010722
23.125 88.625 0.54075
23.125 91.625 -0.26867
23.125 92.625 -0.35777
23.125 92.875 -0.36418
23.125 93.125 -0.54644
23.375 68.875 0.9009
23.375 69.125 1.1164
23.375 69.375 1.3911
23.375 69.625 1.4709
23.375 69.875 1.16
23.375 70.125 0.88162
23.375 70.375 1.5733
23.375 70.625 1.7451
23.375 70.875 1.7352
23.375 71.125 1.3458
23.375 71.375 -0.45935
23.375 71.625 -0.70861
23.375 71.875 0.42519
23.375 72.125 0.16751
23.375 72.375 0.16214
23.375 72.625 0.3853
23.375 72.875 0.8763
23.375 73.125 0.46074
23.375 73.375 0.12841
23.375 73.625 -0.77253
23.375 73.875 -1.0416
23.375 74.125 -0.74138
23.375 74.375 -0.37936
23.375 74.625 1.1113
23.375 74.875 0.57491
23.375 75.125 -0.34187
23.375 75.375 -0.32928
23.375 75.625 -0.91964
23.375 75.875 -0.83598
23.375 76.125 -0.36277
23.375 76.375 -0.63872
23.375 76.625 -0.89793
23.375 76.875 -0.69296
23.375 77.125 -0.68263
23.375 77.375 -0.1366
23.375 77.625 -0.8285
23.375 77.875 -0.057101
23.375 78.125 -0.25078
23.375 78.375 -0.22696
23.375 78.625 0.0022884
23.375 78.875 0.23748
23.375 79.125 -0.074665
23.375 79.375 -0.24368
23.375 79.625 1.1446
23.375 79.875 0.21497
23.375 80.125 -0.44631
23.375 80.375 0.6144
23.375 80.625 1.369
23.375 80.875 1.4759
23.375 81.125 1.2639
23.375 81.375 0.81867
23.375 81.625 0.54193
23.375 81.875 0.086066
23.375 82.125 0.81388
23.375 82.375 1.4485
23.375 82.625 0.61146
23.375 82.875 0.19164
23.375 83.125 2.2848
23.375 83.375 3.9247
23.375 83.625 4.03
23.375 83.875 2.404
23.375 84.125 0.6365
23.375 84.375 1.1443
23.375 84.625 0.48793
23.375 84.875 0.29464
23.375 85.125 1.4437
23.375 85.375 1.3873
23.375 85.625 1.3027
23.375 85.875 0.039146
23.375 86.125 -0.36731
23.375 86.375 1.2843
23.375 86.625 1.2034
23.375 86.875 1.3305
23.375 87.125 1.607
23.375 87.375 0.53927
23.375 87.625 0.78497
23.375 87.875 -0.57358
23.375 88.125 -0.8929
23.375 88.375 -0.40843
23.375 88.625 -0.19557
23.375 91.375 -1.0356
23.375 91.625 -0.89275
23.375 92.625 -0.30689
23.375 92.875 -0.70774
23.375 93.125 -1.7958
23.625 68.625 0.32126
23.625 68.875 0.58123
23.625 69.125 0.41639
23.625 69.375 0.76905
23.625 69.625 0.81455
23.625 69.875 0.6991
23.625 70.125 1.0482
23.625 70.375 1.6235
23.625 70.625 2.2926
23.625 70.875 2.1393
23.625 71.125 1.7615
23.625 71.375 1.1573
23.625 71.625 -0.63559
23.625 71.875 -0.4902
23.625 72.125 0.0031905
23.625 72.375 -0.21134
23.625 72.625 0.72991
23.625 72.875 1.3959
23.625 73.125 0.70919
23.625 73.375 0.18713
23.625 73.625 0.014476
23.625 73.875 -0.51327
23.625 74.125 0.36031
23.625 74.375 0.028275
23.625 74.625 0.5842
23.625 74.875 0.072552
23.625 75.125 -0.99273
23.625 75.375 -0.33142
23.625 75.625 -0.17756
23.625 75.875 0.10946
23.625 76.125 0.35629
23.625 76.375 0.61556
23.625 76.625 0.88573
23.625 76.875 0.36542
23.625 77.125 -0.29343
23.625 77.375 -0.47214
23.625 77.625 -1.2312
23.625 77.875 -0.35255
23.625 78.125 -0.24438
23.625 78.375 -0.48381
23.625 78.625 -0.075668
23.625 78.875 0.14662
23.625 79.125 0.15701
23.625 79.375 0.14938
23.625 79.625 0.23727
23.625 79.875 1.7116
23.625 80.125 -0.065249
23.625 80.375 0.58918
23.625 80.625 1.9409
23.625 80.875 1.8148
23.625 81.125 0.27393
23.625 81.375 1.1312
23.625 81.625 1.6812
23.625 81.875 1.401
23.625 82.125 0.49889
23.625 82.375 1.4016
23.625 82.625 2.2833
23.625 82.875 2.2206
23.625 83.125 3.0788
23.625 83.375 2.4736
23.625 83.625 2.5706
23.625 83.875 0.85797
23.625 84.125 0.94503
23.625 84.375 1.3738
23.625 84.625 0.94521
23.625 84.875 0.38661
23.625 85.125 0.20837
23.625 85.375 1.3946
23.625 85.625 0.87369
23.625 85.875 3.582
23.625 86.125 -1.8003
23.625 86.375 1.2441
23.625 86.625 1.7041
23.625 86.875 0.16768
23.625 87.125 0.27136
23.625 87.375 0.22918
23.625 87.625 0.042271
23.625 87.875 -0.50503
23.625 88.125 -0.7712
23.625 88.375 -0.70698
23.625 91.375 -0.86352
23.625 91.625 -0.89284
23.625 91.875 -0.3143
23.625 92.375 -0.36304
23.625 92.625 -0.42381
23.625 92.875 -1.1254
23.625 93.125 -1.9333
23.875 68.875 0.13502
23.875 69.125 0.32575
23.875 69.375 0.63972
23.875 69.625 0.96171
23.875 69.875 1.2371
23.875 70.125 0.96147
23.875 70.375 1.2589
23.875 70.625 1.5307
23.875 70.875 1.4871
23.875 71.125 1.4277
23.875 71.375 2.3156
23.875 71.625 0.75071
23.875 71.875 0.43305
23.875 72.125 0.7793
23.875 72.375 0.93006
23.875 72.625 1.4538
23.875 72.875 2.3993
23.875 73.125 1.938
23.875 73.375 2.6588
23.875 73.625 0.3675
23.875 73.875 0.62793
23.875 74.125 0.11869
23.875 74.375 0.215
23.875 74.625 0.099377
23.875 74.875 -0.27943
23.875 75.125 -0.50864
23.875 75.375 -0.23368
23.875 75.625 -0.18742
23.875 75.875 0.30864
23.875 76.125 1.8655
23.875 76.375 1.5724
23.875 76.625 1.8249
23.875 76.875 1.2443
23.875 77.125 0.36351
23.875 77.375 -0.094205
23.875 77.625 -0.30051
23.875 77.875 0.35556
23.875 78.125 0.05275
23.875 78.375 -0.25794
23.875 78.625 -0.035903
23.875 78.875 0.70323
23.875 79.125 0.20668
23.875 79.375 1.0212
23.875 79.625 0.51451
23.875 79.875 0.52708
23.875 80.125 0.3996
23.875 80.375 -0.25759
23.875 80.625 0.76642
23.875 80.875 0.75348
23.875 81.125 0.32278
23.875 81.375 1.449
23.875 81.625 2.0911
23.875 81.875 1.8478
23.875 82.125 1.3261
23.875 82.375 2.1657
23.875 82.625 2.2653
23.875 82.875 1.7039
23.875 83.125 1.1104
23.875 83.375 0.0071045
23.875 83.625 1.0189
23.875 83.875 1.3412
23.875 84.125 1.8809
23.875 84.375 0.73722
23.875 84.625 0.22104
23.875 84.875 -0.50378
23.875 85.125 -1.0115
23.875 85.375 -0.11852
23.875 85.625 0.066458
23.875 85.875 0.4281
23.875 86.125 0.093216
23.875 86.375 2.1359
23.875 86.625 1.4346
23.875 86.875 0.83936
23.875 87.125 0.27659
23.875 87.375 -0.067947
23.875 87.625 -0.20229
23.875 87.875 -0.45202
23.875 88.125 -0.516
23.875 88.375 -0.77078
23.875 91.375 -0.82426
23.875 91.625 -0.71959
23.875 91.875 0.45559
23.875 92.125 0.42079
23.875 92.375 0.07707
23.875 92.625 -0.27456
23.875 92.875 -1.9703
23.875 93.125 -2.2182
23.875 93.375 -2.1356
24.125 68.875 0.47819
24.125 69.125 0.29638
24.125 69.375 0.86662
24.125 69.625 1.3545
24.125 69.875 1.0983
24.125 70.125 1.3447
24.125 70.375 1.8136
24.125 70.625 1.2025
24.125 70.875 0.92705
24.125 71.125 0.90027
24.125 71.375 0.71836
24.125 71.625 0.55018
24.125 71.875 0.2682
24.125 72.125 1.0184
24.125 72.375 1.0912
24.125 72.625 2.2576
24.125 72.875 0.84887
24.125 73.125 1.114
24.125 73.375 0.32322
24.125 73.625 0.34935
24.125 73.875 0.34941
24.125 74.125 0.38239
24.125 74.375 0.29946
24.125 74.625 -0.18139
24.125 74.875 -0.73549
24.125 75.125 -0.99216
24.125 75.375 -0.43614
24.125 75.625 -0.26558
24.125 75.875 -0.083788
24.125 76.125 0.3946
24.125 76.375 0.84214
24.125 76.625 1.3595
24.125 76.875 1.84
24.125 77.125 1.0055
24.125 77.375 0.36977
24.125 77.625 0.38081
24.125 77.875 0.20631
24.125 78.125 0.29614
24.125 78.375 0.69568
24.125 78.625 0.19888
24.125 78.875 -0.35482
24.125 79.125 -0.26441
24.125 79.375 0.39817
24.125 79.625 -0.9757
24.125 79.875 0.71623
24.125 80.125 -0.15483
24.125 80.375 -0.22132
24.125 80.625 1.0091
24.125 80.875 1.5768
24.125 81.125 0.31022
24.125 81.375 1.3006
24.125 81.625 1.5478
24.125 81.875 0.70376
24.125 82.125 1.8632
24.125 82.375 2.0988
24.125 82.625 0.91289
24.125 82.875 0.18245
24.125 83.125 0.53141
24.125 83.375 -1.1933
24.125 83.625 -0.731
24.125 83.875 0.86113
24.125 84.125 1.4378
24.125 84.375 0.81823
24.125 84.625 0.17704
24.125 84.875 -0.58501
24.125 85.125 -1.1409
24.125 85.375 -0.25632
24.125 85.625 -0.68629
24.125 85.875 0.087525
24.125 86.125 0.015766
24.125 86.375 -0.60316
24.125 86.625 0.15003
24.125 86.875 0.096551
24.125 87.125 -0.39844
24.125 87.375 -0.35096
24.125 87.625 -0.33266
24.125 87.875 -0.23598
24.125 88.125 -0.41178
24.125 88.375 -0.52438
24.125 91.875 1.0832
24.125 92.125 1.374
24.125 92.375 0.59458
24.125 92.625 -0.076296
24.125 92.875 -1.77
24.125 93.125 -2.1301
24.125 93.375 -1.5403
24.125 93.625 -1.1146
24.125 93.875 -1.0511
24.125 94.125 -0.93465
24.375 71.375 0.37216
24.375 71.625 0.62331
24.375 71.875 0.44915
24.375 72.125 0.5703
24.375 72.375 -0.14122
24.375 72.625 0.428
24.375 72.875 0.2166
24.375 73.125 0.71077
24.375 73.375 1.4048
24.375 73.625 1.2334
24.375 73.875 0.52849
24.375 74.125 0.12472
24.375 74.375 0.75954
24.375 74.625 0.78796
24.375 74.875 -0.19336
24.375 75.125 -0.47816
24.375 75.375 0.72439
24.375 75.625 1.4939
24.375 75.875 1.1418
24.375 76.125 0.091367
24.375 76.375 0.87612
24.375 76.625 1.9217
24.375 76.875 2.2699
24.375 77.125 1.5272
24.375 77.375 1.5085
24.375 77.625 1.8151
24.375 77.875 2.0503
24.375 78.125 1.8668
24.375 78.375 1.9374
24.375 78.625 0.33691
24.375 78.875 1.0499
24.375 79.125 1.0307
24.375 79.375 0.775
24.375 79.625 0.45155
24.375 79.875 0.39379
24.375 80.125 -0.29522
24.375 80.375 1.6957
24.375 80.625 1.8856
24.375 80.875 1.0689
24.375 81.125 1.096
24.375 81.375 1.1422
24.375 81.625 1.8381
24.375 81.875 2.7074
24.375 82.125 1.8537
24.375 82.375 1.5793
24.375 82.625 1.2575
24.375 82.875 1.2717
24.375 83.125 0.57475
24.375 83.375 -0.073184
24.375 83.625 -0.35028
24.375 83.875 0.34036
24.375 84.125 0.30802
24.375 84.375 1.1889
24.375 84.625 0.50105
24.375 84.875 -0.24298
24.375 85.125 0.11687
24.375 85.375 0.12703
24.375 85.625 0.067263
24.375 85.875 -0.80747
24.375 86.125 -0.96262
24.375 86.375 -0.93353
24.375 86.625 0.053819
24.375 86.875 -0.53342
24.375 87.125 -0.75622
24.375 87.375 -0.067446
24.375 87.625 -0.51918
24.375 87.875 -0.6446
24.375 88.125 -0.51443
24.375 92.375 -0.63336
24.375 92.625 -0.61375
24.375 92.875 -1.6375
24.375 93.125 -1.8126
24.375 93.375 -1.2966
24.375 93.625 -1.1277
24.375 93.875 -0.86038
24.375 94.125 -0.41252
24.625 71.125 -0.25384
24.625 71.375 0.49022
24.625 71.625 1.2953
24.625 71.875 0.46004
24.625 72.125 -0.11296
24.625 72.375 -0.13036
24.625 72.625 0.5094
24.625 72.875 0.075496
24.625 73.125 1.0116
24.625 73.375 1.6841
24.625 73.625 1.2072
24.625 73.875 0.75115
24.625 74.125 0.44225
24.625 74.375 0.82656
24.625 74.625 1.21
24.625 74.875 0.37294
24.625 75.125 0.73972
24.625 75.375 1.7158
24.625 75.625 1.4179
24.625 75.875 0.52387
24.625 76.125 1.316
24.625 76.375 1.8932
24.625 76.625 1.5566
24.625 76.875 1.9551
24.625 77.125 1.6886
24.625 77.375 1.9815
24.625 77.625 1.6267
24.625 77.875 2.277
24.625 78.125 2.2556
24.625 78.375 2.1196
24.625 78.625 1.1128
24.625 78.875 1.3447
24.625 79.125 1.4548
24.625 79.375 1.3977
24.625 79.625 1.0143
24.625 79.875 1.2671
24.625 80.125 1.2199
24.625 80.375 2.2233
24.625 80.625 2.6956
24.625 80.875 -1.1863
24.625 81.125 -0.94301
24.625 81.375 3.1731
24.625 81.625 3.1353
24.625 81.875 3.0637
24.625 82.125 -0.29574
24.625 82.375 0.77438
24.625 82.625 1.5958
24.625 82.875 1.5342
24.625 83.125 0.15683
24.625 83.375 -0.28411
24.625 83.625 0.55708
24.625 83.875 -0.39444
24.625 84.125 0.82001
24.625 84.375 0.67374
24.625 84.625 -0.51203
24.625 84.875 -0.47768
24.625 85.125 -0.53066
24.625 85.375 -0.24773
24.625 85.625 -0.72643
24.625 85.875 -1.0997
24.625 86.125 -0.76735
24.625 86.375 -0.65833
24.625 86.625 0.45604
24.625 86.875 -0.27274
24.625 87.125 -0.44321
24.625 87.375 -0.48042
24.625 87.625 -0.68642
24.625 87.875 -0.70845
24.625 92.375 -0.58721
24.625 92.625 -0.93527
24.625 92.875 -1.6209
24.625 93.125 -0.68125
24.625 93.375 -0.44721
24.625 93.625 -1.0269
24.625 93.875 -0.34998
24.625 94.125 -0.070926
24.625 94.375 -0.096963
24.875 71.125 -0.059056
24.875 71.375 -0.29648
24.875 71.625 0.19881
24.875 71.875 -0.47302
24.875 72.125 -0.41189
24.875 72.375 -0.21952
24.875 72.625 0.04568
24.875 72.875 0.083451
24.875 73.125 0.16621
24.875 73.375 1.249
24.875 73.625 0.91513
24.875 73.875 0.3949
24.875 74.125 0.47125
24.875 74.375 0.99848
24.875 74.625 0.98406
24.875 74.875 0.23637
24.875 75.125 1.5493
24.875 75.375 1.0801
24.875 75.625 0.43059
24.875 75.875 1.156
24.875 76.125 1.5635
24.875 76.375 2.3525
24.875 76.625 2.4027
24.875 76.875 2.2161
24.875 77.125 2.3511
24.875 77.375 2.5643
24.875 77.625 1.8707
24.875 77.875 1.6862
24.875 78.125 2.9772
24.875 78.375 2.5737
24.875 78.625 1.1672
24.875 78.875 4.2536
24.875 79.125 2.7298
24.875 79.375 2.227
24.875 79.625 1.9514
24.875 79.875 2.2751
24.875 80.125 1.5885
24.875 80.375 2.3989
24.875 80.625 2.3825
24.875 80.875 -0.62761
24.875 81.125 -1.1673
24.875 81.375 -0.73165
24.875 81.625 1.3933
24.875 81.875 0.27181
24.875 82.125 -0.96188
24.875 82.375 -1.2261
24.875 82.625 2.3951
24.875 82.875 -1.2718
24.875 83.125 -1.2685
24.875 83.375 -1.0447
24.875 83.625 -0.15787
24.875 83.875 -0.7207
24.875 84.125 -0.823
24.875 84.375 -1.8522
24.875 84.625 -1.4657
24.875 84.875 -0.63959
24.875 85.125 -0.19147
24.875 85.375 -0.80174
24.875 85.625 -0.46237
24.875 85.875 0.10257
24.875 86.125 -0.96609
24.875 86.375 -0.18411
24.875 86.625 0.065954
24.875 86.875 -0.98149
24.875 87.125 -1.1268
24.875 87.375 -0.66708
24.875 87.625 -0.34052
24.875 87.875 -0.27562
24.875 88.125 0.58326
24.875 92.625 -0.10444
24.875 92.875 0.016978
24.875 93.125 0.81955
24.875 93.375 -0.80976
24.875 93.625 -0.22144
24.875 93.875 0.20538
24.875 94.125 0.0094124
24.875 94.375 0.11833
25.125 71.125 0.27071
25.125 71.375 0.050838
25.125 71.625 -0.11195
25.125 71.875 -0.21126
25.125 72.125 0.062295
25.125 72.375 2.7526
25.125 72.625 1.5828
25.125 72.875 0.29829
25.125 73.125 0.37189
25.125 73.375 1.6405
25.125 73.625 2.2493
25.125 73.875 0.50622
25.125 74.125 0.3596
25.125 74.375 1.4287
25.125 74.625 2.1385
25.125 74.875 1.7602
25.125 75.125 2.7412
25.125 75.375 1.4005
25.125 75.625 1.8415
25.125 75.875 0.68421
25.125 76.125 1.8042
25.125 76.375 2.2775
25.125 76.625 2.1523
25.125 76.875 1.9816
25.125 77.125 2.0354
25.125 77.375 1.8487
25.125 77.625 2.8183
25.125 77.875 3.1163
25.125 78.125 2.9671
25.125 78.375 1.7269
25.125 78.625 0.71165
25.125 78.875 0.68114
25.125 79.125 2.1195
25.125 79.375 1.7303
25.125 79.625 1.3193
25.125 79.875 3.5699
25.125 80.125 1.7015
25.125 80.375 3.0591
25.125 80.625 2.526
25.125 80.875 0.75906
25.125 81.125 -1.3252
25.125 81.375 -0.17954
25.125 81.625 -1.2375
25.125 81.875 -0.87183
25.125 82.125 0.10947
25.125 82.375 1.9803
25.125 82.625 1.3986
25.125 82.875 -0.77588
25.125 83.125 -1.4179
25.125 83.375 -1.6056
25.125 83.625 -0.43476
25.125 83.875 -0.73766
25.125 84.125 -0.67418
25.125 84.375 -1.261
25.125 84.625 -1.0244
25.125 84.875 -1.2404
25.125 85.125 0.051315
25.125 85.375 0.55496
25.125 85.625 -0.32971
25.125 85.875 0.16829
25.125 86.125 -0.99754
25.125 86.375 -0.29414
25.125 86.625 -0.55417
25.125 86.875 -1.4327
25.125 87.125 -1.0903
25.125 87.375 -0.87682
25.125 87.625 -0.52231
25.125 87.875 -0.39284
25.125 88.125 0.50541
25.125 88.375 0.59191
25.125 92.375 -1.1294
25.125 92.625 -0.39093
25.125 92.875 0.50603
25.125 93.125 1.0561
25.125 93.375 -0.17874
25.125 93.625 -0.20033
25.125 93.875 -0.13811
25.125 94.125 -0.076022
25.125 94.375 -0.043951
25.375 70.875 0.018004
25.375 71.125 -0.1466
25.375 71.375 -0.16153
25.375 71.625 0.63696
25.375 71.875 0.52735
25.375 72.125 1.232
25.375 72.375 2.645
25.375 72.625 1.7018
25.375 72.875 1.7567
25.375 73.125 1.8858
25.375 73.375 2.5224
25.375 73.625 3.171
25.375 73.875 0.6269
25.375 74.125 1.1569
25.375 74.375 1.7301
25.375 74.625 2.1952
25.375 74.875 2.3737
25.375 75.125 2.2448
25.375 75.375 2.2238
25.375 75.625 2.429
25.375 75.875 2.0104
25.375 76.125 2.8372
25.375 76.375 2.9088
25.375 76.625 2.3805
25.375 76.875 2.2337
25.375 77.125 2.5467
25.375 77.375 2.4406
25.375 77.625 3.3149
25.375 77.875 3.3641
25.375 78.125 2.7107
25.375 78.375 2.4727
25.375 78.625 -0.81493
25.375 78.875 -1.1714
25.375 79.125 0.56676
25.375 79.375 3.4069
25.375 79.625 1.9203
25.375 79.875 3.5499
25.375 80.125 3.172
25.375 80.375 3.5593
25.375 80.625 2.5919
25.375 80.875 -1.1522
25.375 81.125 -1.1416
25.375 81.375 0.96578
25.375 81.625 0.27738
25.375 81.875 -2.0174
25.375 82.125 -1.1612
25.375 82.375 -1.059
25.375 82.625 -0.88047
25.375 82.875 -1.3125
25.375 83.125 -1.2043
25.375 83.375 0.55457
25.375 83.625 -0.016936
25.375 83.875 -0.11581
25.375 84.125 -0.33533
25.375 84.375 -1.0398
25.375 84.625 -0.90271
25.375 84.875 -0.37423
25.375 85.125 -1.15
25.375 85.375 -0.97435
25.375 85.625 -0.15581
25.375 85.875 1.8168
25.375 86.125 1.3114
25.375 86.375 0.62296
25.375 86.625 -0.63711
25.375 86.875 -0.95749
25.375 87.125 -1.3625
25.375 87.375 -1.1236
25.375 87.625 -0.34297
25.375 87.875 -0.54086
25.375 88.125 0.4409
25.375 88.375 0.35667
25.375 88.625 -0.14071
25.375 90.125 -0.32474
25.375 90.375 -0.73121
25.375 90.625 -0.75362
25.375 90.875 -1.0267
25.375 91.125 -0.58072
25.375 91.375 0.22839
25.375 91.625 -0.728
25.375 91.875 -0.65219
25.375 92.125 -0.61495
25.375 92.375 -0.57111
25.375 92.625 -0.53483
25.375 92.875 0.62664
25.375 93.125 -0.13278
25.375 93.375 -0.24343
25.375 93.625 0.2616
25.375 93.875 -0.056962
25.375 94.125 0.070707
25.375 94.375 0.44041
25.625 70.875 0.0036431
25.625 71.125 0.03977
25.625 71.375 0.22792
25.625 71.625 0.76232
25.625 71.875 1.6572
25.625 72.125 0.96106
25.625 72.375 1.1542
25.625 72.625 0.45483
25.625 72.875 1.0562
25.625 73.125 2.649
25.625 73.375 2.1579
25.625 73.625 2.3152
25.625 73.875 1.4388
25.625 74.125 1.4343
25.625 74.375 2.4384
25.625 74.625 2.5386
25.625 74.875 2.7771
25.625 75.125 1.9872
25.625 75.375 2.7415
25.625 75.625 3.1633
25.625 75.875 2.8401
25.625 76.125 2.6911
25.625 76.375 2.8085
25.625 76.625 2.3292
25.625 76.875 1.8418
25.625 77.125 3.0928
25.625 77.375 3.1198
25.625 77.625 3.0799
25.625 77.875 2.708
25.625 78.125 2.172
25.625 78.375 0.63527
25.625 78.625 -0.19899
25.625 78.875 -0.99424
25.625 79.125 2.8098
25.625 79.375 4.2866
25.625 79.625 2.5729
25.625 79.875 1.8513
25.625 80.125 3.4368
25.625 80.375 1.7561
25.625 80.625 -1.3983
25.625 80.875 -1.2533
25.625 81.125 -0.25919
25.625 81.375 -0.0074708
25.625 81.625 -0.47923
25.625 81.875 -0.50276
25.625 82.125 -1.0861
25.625 82.375 0.043074
25.625 82.625 -1.214
25.625 82.875 -1.5543
25.625 83.125 -1.0342
25.625 83.375 -0.51753
25.625 83.625 1.37
25.625 83.875 -0.10408
25.625 84.125 -1.5945
25.625 84.375 -1.4854
25.625 84.625 -0.28952
25.625 84.875 -0.37625
25.625 85.125 -1.4504
25.625 85.375 -1.2181
25.625 85.625 -0.26409
25.625 85.875 -0.86376
25.625 86.125 -1.0699
25.625 86.375 -1.0348
25.625 86.625 -1.3982
25.625 86.875 -0.92134
25.625 87.125 -1.1183
25.625 87.375 -1.3898
25.625 87.625 -1.18
25.625 87.875 -1.1781
25.625 88.125 -0.53973
25.625 90.125 0.37163
25.625 90.375 -0.35913
25.625 90.625 -0.93116
25.625 90.875 -0.074305
25.625 91.125 1.7895
25.625 91.375 0.78591
25.625 91.625 -0.17378
25.625 91.875 -0.53438
25.625 92.125 -0.59282
25.625 92.375 -0.43371
25.625 92.625 -0.58706
25.625 92.875 -0.14668
25.625 93.125 -0.75192
25.625 93.375 -0.35315
25.625 93.625 0.031719
25.625 93.875 0.73298
25.625 94.125 1.4055
25.625 94.375 1.4714
25.625 94.625 1.559
25.625 94.875 1.3536
25.875 70.375 0.016235
25.875 70.625 -0.12418
25.875 70.875 0.59811
25.875 71.125 1.2742
25.875 71.375 0.19287
25.875 71.625 0.49875
25.875 71.875 1.6124
25.875 72.125 1.4746
25.875 72.375 1.5201
25.875 72.625 0.69559
25.875 72.875 0.65406
25.875 73.125 2.146
25.875 73.375 2.7651
25.875 73.625 2.9038
25.875 73.875 2.6604
25.875 74.125 1.6922
25.875 74.375 2.402
25.875 74.625 3.5203
25.875 74.875 2.0093
25.875 75.125 1.6771
25.875 75.375 1.695
25.875 75.625 2.4955
25.875 75.875 2.9823
25.875 76.125 2.2812
25.875 76.375 2.4722
25.875 76.625 1.8263
25.875 76.875 1.4309
25.875 77.125 1.5102
25.875 77.375 2.0003
25.875 77.625 2.4655
25.875 77.875 1.7683
25.875 78.125 2.4095
25.875 78.375 1.994
25.875 78.625 1.0695
25.875 78.875 -0.12563
25.875 79.125 0.96814
25.875 79.375 0.017146
25.875 79.625 -0.14234
25.875 79.875 0.89959
25.875 80.125 0.20973
25.875 80.375 -0.83534
25.875 80.625 -0.9916
25.875 80.875 -0.93096
25.875 81.125 -0.77896
25.875 81.375 0.64133
25.875 81.625 -0.0057578
25.875 81.875 0.11841
25.875 82.125 -1.2021
25.875 82.375 -0.82239
25.875 82.625 -1.0221
25.875 82.875 -0.18099
25.875 83.125 -1.0975
25.875 83.375 -1.6106
25.875 83.625 -0.62329
25.875 83.875 -1.3255
25.875 84.125 0.29277
25.875 84.375 -1.5127
25.875 84.625 -1.2735
25.875 84.875 -1.0049
25.875 85.125 -0.98813
25.875 85.375 -0.80018
25.875 85.625 -0.43471
25.875 85.875 -1.2198
25.875 86.125 -0.79241
25.875 86.375 -0.68316
25.875 86.625 -0.56826
25.875 86.875 -0.30312
25.875 87.125 -1.1021
25.875 87.375 -1.6776
25.875 87.625 -1.971
25.875 87.875 -1.4299
25.875 90.125 -1.0443
25.875 90.375 -1.2218
25.875 90.625 -0.90739
25.875 90.875 -0.44972
25.875 91.125 0.10411
25.875 91.375 -0.12265
25.875 91.625 -0.86069
25.875 91.875 -0.99264
25.875 92.125 -0.91935
25.875 92.375 -0.92555
25.875 92.625 -0.71283
25.875 92.875 -0.60354
25.875 93.125 -1.9955
25.875 93.375 -1.9511
25.875 93.625 -0.41279
25.875 93.875 1.6681
25.875 94.125 1.7298
25.875 94.375 1.6721
25.875 94.625 1.5297
25.875 94.875 1.2407
26.125 70.375 0.25598
26.125 70.625 0.49484
26.125 70.875 1.2661
26.125 71.125 0.052703
26.125 71.375 0.31073
26.125 71.625 1.417
26.125 71.875 2.0377
26.125 72.125 2.228
26.125 72.375 1.833
26.125 72.625 1.1928
26.125 72.875 0.77907
26.125 73.125 1.0995
26.125 73.375 1.0662
26.125 73.625 1.9249
26.125 73.875 2.4265
26.125 74.125 2.2291
26.125 74.375 3.6223
26.125 74.625 3.4134
26.125 74.875 3.6314
26.125 75.125 2.5852
26.125 75.375 2.5885
26.125 75.625 2.4448
26.125 75.875 2.0331
26.125 76.125 2.4374
26.125 76.375 1.6445
26.125 76.625 1.3832
26.125 76.875 1.7283
26.125 77.125 1.6186
26.125 77.375 1.2539
26.125 77.625 2.1119
26.125 77.875 2.8191
26.125 78.125 2.3311
26.125 78.375 3.633
26.125 78.625 2.1589
26.125 78.875 1.2207
26.125 79.125 1.1733
26.125 79.375 0.83523
26.125 79.625 -0.82775
26.125 79.875 -0.85121
26.125 80.125 0.63524
26.125 80.375 -0.28929
26.125 80.625 -1.1109
26.125 80.875 1.885
26.125 81.125 -0.061456
26.125 81.375 -1.3823
26.125 81.625 0.1997
26.125 81.875 -0.23937
26.125 82.125 -1.5586
26.125 82.375 -0.86171
26.125 82.625 -0.76096
26.125 82.875 -0.73501
26.125 83.125 -1.2722
26.125 83.375 -1.6768
26.125 83.625 -1.7338
26.125 83.875 -0.48537
26.125 84.125 0.60275
26.125 84.375 -1.0574
26.125 84.625 -1.1693
26.125 84.875 -1.8221
26.125 85.125 -0.82989
26.125 85.375 -1.4568
26.125 85.625 -0.9756
26.125 85.875 1.7328
26.125 86.125 -0.62866
26.125 86.375 -0.81592
26.125 86.625 -0.33211
26.125 86.875 -0.18445
26.125 87.125 -0.59697
26.125 87.375 -1.2257
26.125 87.625 -0.71227
26.125 87.875 -0.73944
26.125 88.125 -0.41272
26.125 89.375 -1.1958
26.125 89.875 -0.8618
26.125 90.125 -1.0991
26.125 90.375 -1.1874
26.125 90.625 -1.3089
26.125 90.875 -1.1068
26.125 91.125 -1.2741
26.125 91.375 -1.0126
26.125 91.625 -1.4648
26.125 91.875 -1.1064
26.125 92.125 -0.68432
26.125 92.375 -0.18274
26.125 92.625 0.035831
26.125 92.875 -0.90418
26.125 93.125 -1.4089
26.125 93.375 -0.24898
26.125 93.625 0.27699
26.125 93.875 3.1026
26.125 94.125 2.4609
26.125 94.375 1.4667
26.125 94.625 0.92159
26.125 94.875 0.68341
26.375 70.375 0.21515
26.375 70.625 0.44394
26.375 70.875 0.59546
26.375 71.125 0.78705
26.375 71.375 1.4057
26.375 71.625 2.7064
26.375 71.875 2.6082
26.375 72.125 2.1961
26.375 72.375 2.2124
26.375 72.625 1.0518
26.375 72.875 1.1379
26.375 73.125 0.95844
26.375 73.375 0.74274
26.375 73.625 1.7918
26.375 73.875 2.2968
26.375 74.125 2.8569
26.375 74.375 3.1457
26.375 74.625 -0.48101
26.375 74.875 1.4581
26.375 75.125 1.9528
26.375 75.375 1.7452
26.375 75.625 2.3767
26.375 75.875 1.995
26.375 76.125 1.6047
26.375 76.375 0.50874
26.375 76.625 1.5376
26.375 76.875 2.0355
26.375 77.125 3.5435
26.375 77.375 2.7774
26.375 77.625 2.3554
26.375 77.875 1.3825
26.375 78.125 1.0492
26.375 78.375 -0.037143
26.375 78.625 2.2887
26.375 78.875 2.2607
26.375 79.125 2.1007
26.375 79.375 -0.89577
26.375 79.625 -0.97113
26.375 79.875 1.2761
26.375 80.125 2.2162
26.375 80.375 -0.86854
26.375 80.625 -0.99859
26.375 80.875 -0.12521
26.375 81.125 -1.3014
26.375 81.375 -1.2507
26.375 81.625 -1.2951
26.375 81.875 -1.198
26.375 82.125 -1.4236
26.375 82.375 -1.0754
26.375 82.625 -1.2074
26.375 82.875 -0.52743
26.375 83.125 -0.89692
26.375 83.375 -0.88079
26.375 83.625 -0.93008
26.375 83.875 -0.67296
26.375 84.125 -0.43872
26.375 84.375 -0.76544
26.375 84.625 -1.2721
26.375 84.875 -0.54862
26.375 85.125 -1.0233
26.375 85.375 -1.3642
26.375 85.625 -0.83909
26.375 85.875 -0.65426
26.375 86.125 -1.1491
26.375 86.375 -1.8247
26.375 86.625 -2.0896
26.375 86.875 -0.83052
26.375 87.125 -1.3353
26.375 87.625 -1.9923
26.375 87.875 -1.3455
26.375 88.125 -0.36932
26.375 88.375 -0.46862
26.375 88.875 -0.0070843
26.375 89.375 -0.50595
26.375 89.625 -0.90584
26.375 89.875 -1.2161
26.375 90.125 -0.8116
26.375 90.375 -0.90774
26.375 90.625 -1.9746
26.375 90.875 -1.1902
26.375 91.125 -2.2685
26.375 91.375 -1.479
26.375 91.625 -1.0381
26.375 91.875 -1.1295
26.375 92.125 -0.46626
26.375 92.375 0.40383
26.375 92.625 0.13329
26.375 92.875 -0.39274
26.375 93.125 -0.50641
26.375 93.375 -0.38649
26.375 93.625 0.0097196
26.375 93.875 1.7882
26.375 94.125 2.0603
26.375 94.375 0.7043
26.375 94.625 0.40651
26.375 94.875 0.039233
26.625 69.875 0.17135
26.625 70.125 0.20384
26.625 70.375 0.21333
26.625 70.625 0.41443
26.625 70.875 0.26239
26.625 71.125 0.26354
26.625 71.375 3.3395
26.625 71.625 3.0991
26.625 71.875 2.9788
26.625 72.125 1.57
26.625 72.375 1.1227
26.625 72.625 0.90958
26.625 72.875 1.4862
26.625 73.125 1.7585
26.625 73.375 0.66119
26.625 73.625 1.9813
26.625 73.875 2.4713
26.625 74.125 1.8957
26.625 74.375 2.9367
26.625 74.625 0.67179
26.625 74.875 2.0852
26.625 75.125 1.4273
26.625 75.375 1.9649
26.625 75.625 1.8829
26.625 75.875 0.96562
26.625 76.125 2.3205
26.625 76.375 1.8658
26.625 76.625 1.25
26.625 76.875 1.2768
26.625 77.125 3.1083
26.625 77.375 3.2797
26.625 77.625 2.7371
26.625 77.875 0.33878
26.625 78.125 1.6506
26.625 78.375 1.4697
26.625 78.625 3.2018
26.625 78.875 -0.036548
26.625 79.125 -0.83669
26.625 79.375 -0.25554
26.625 79.625 0.43346
26.625 79.875 -0.43355
26.625 80.125 -1.0692
26.625 80.375 0.55938
26.625 80.625 -0.63516
26.625 80.875 -0.042679
26.625 81.125 0.2441
26.625 81.375 -0.6448
26.625 81.625 -1.2147
26.625 81.875 0.68875
26.625 82.125 -0.16865
26.625 82.375 -0.089932
26.625 82.625 -1.6793
26.625 82.875 -1.0917
26.625 83.125 -0.94785
26.625 83.375 -1.0538
26.625 83.625 -1.0265
26.625 83.875 -1.1562
26.625 84.125 0.23602
26.625 84.375 -1.0608
26.625 84.625 -1.5843
26.625 84.875 -1.1836
26.625 85.125 -1.0567
26.625 85.375 -1.4687
26.625 85.625 -1.0505
26.625 86.125 -1.601
26.625 88.375 -0.22045
26.625 88.625 0.29294
26.625 88.875 -0.36779
26.625 89.125 -0.5326
26.625 89.375 -0.67504
26.625 89.625 -0.74087
26.625 89.875 -1.5769
26.625 90.125 -1.6473
26.625 90.375 -1.8557
26.625 90.625 -2.3993
26.625 90.875 -1.7743
26.625 91.125 -1.7297
26.625 91.375 -0.49574
26.625 91.625 -0.61415
26.625 91.875 -1.1573
26.625 92.125 -0.60954
26.625 92.375 -0.39127
26.625 92.625 -0.84903
26.625 92.875 0.080479
26.625 93.125 -0.56334
26.625 93.375 -0.67837
26.625 93.625 -0.09487
26.625 93.875 0.33953
26.625 94.125 -1.1512
26.625 94.375 -0.64236
26.625 94.625 0.13238
26.625 94.875 0.25054
26.625 95.125 0.66718
26.875 69.625 0.31929
26.875 69.875 0.26289
26.875 70.125 0.21805
26.875 70.375 0.20634
26.875 70.625 -0.012656
26.875 70.875 -0.043449
26.875 71.125 0.31795
26.875 71.375 2.0833
26.875 71.625 3.0506
26.875 71.875 2.3684
26.875 72.125 1.8274
26.875 72.375 1.8922
26.875 72.625 1.5171
26.875 72.875 2.9119
26.875 73.125 1.7861
26.875 73.375 0.83242
26.875 73.625 1.0363
26.875 73.875 1.4374
26.875 74.125 1.3859
26.875 74.375 2.851
26.875 74.625 2.6285
26.875 74.875 2.1778
26.875 75.125 1.7239
26.875 75.375 1.9967
26.875 75.625 -0.3968
26.875 75.875 1.6676
26.875 76.125 2.6139
26.875 76.375 1.9832
26.875 76.625 2.1917
26.875 76.875 1.1315
26.875 77.125 1.6506
26.875 77.375 0.075807
26.875 77.625 1.8757
26.875 77.875 0.80342
26.875 78.125 -0.36889
26.875 78.375 0.40377
26.875 78.625 2.0006
26.875 78.875 0.30295
26.875 79.125 1.6336
26.875 79.375 1.9163
26.875 79.625 1.2606
26.875 79.875 0.80627
26.875 80.125 -0.63336
26.875 80.375 0.30682
26.875 80.625 0.45675
26.875 80.875 0.14365
26.875 81.125 -0.37687
26.875 81.375 -0.43659
26.875 81.625 -1.0355
26.875 81.875 -0.35329
26.875 82.125 -0.22622
26.875 82.375 -1.7088
26.875 82.625 -1.9078
26.875 82.875 -0.99298
26.875 83.125 -1.2668
26.875 83.375 -1.5589
26.875 83.625 -1.0782
26.875 83.875 -1.1486
26.875 84.125 0.092027
26.875 84.375 -0.90706
26.875 84.625 -1.129
26.875 84.875 -1.2475
26.875 88.375 0.28038
26.875 88.625 -0.25654
26.875 88.875 -0.40198
26.875 92.375 -1.2083
26.875 92.625 -0.58448
26.875 92.875 0.098731
26.875 93.125 -0.013424
26.875 93.375 -0.64567
26.875 93.625 -0.29512
26.875 93.875 0.34083
26.875 94.125 -2.017
26.875 94.375 0.28428
26.875 94.625 0.2377
26.875 94.875 0.044495
26.875 95.125 -0.14146
26.875 95.375 -0.14081
26.875 95.625 -0.38379
27.125 69.875 0.40613
27.125 70.125 0.40736
27.125 70.375 0.54115
27.125 70.625 -0.17823
27.125 70.875 -0.085909
27.125 71.125 0.7061
27.125 71.375 1.8583
27.125 71.625 1.593
27.125 71.875 1.0857
27.125 72.125 1.1749
27.125 72.375 1.0956
27.125 72.625 1.7353
27.125 72.875 1.7818
27.125 73.125 1.3472
27.125 73.375 0.76116
27.125 73.625 0.45888
27.125 73.875 1.1069
27.125 74.125 1.3025
27.125 74.375 1.564
27.125 74.625 2.6321
27.125 74.875 1.4018
27.125 75.125 2.0834
27.125 75.375 2.5551
27.125 75.625 2.2955
27.125 75.875 1.655
27.125 76.125 0.62357
27.125 76.375 1.4803
27.125 76.625 0.75812
27.125 76.875 0.13758
27.125 77.125 1.813
27.125 77.375 0.1477
27.125 77.625 1.1717
27.125 77.875 -0.040116
27.125 78.125 1.5607
27.125 78.375 1.1981
27.125 78.625 -1.0189
27.125 78.875 -0.5994
27.125 79.125 1.2242
27.125 79.375 -0.87467
27.125 79.625 -0.29577
27.125 79.875 0.62288
27.125 80.125 0.15027
27.125 80.375 0.2485
27.125 80.625 -0.89504
27.125 80.875 0.4096
27.125 81.125 0.51897
27.125 81.375 0.30441
27.125 81.625 -0.49272
27.125 81.875 -0.43904
27.125 82.125 -0.43737
27.125 82.375 -1.1452
27.125 82.625 -0.58393
27.125 82.875 -0.33534
27.125 83.125 -1.218
27.125 83.375 -0.29456
27.125 83.625 -0.11539
27.125 83.875 -0.63712
27.125 84.125 -1.1529
27.125 84.375 -0.95132
27.125 84.625 -1.1072
27.125 88.125 0.94072
27.125 88.375 1.0883
27.125 88.625 0.3215
27.125 92.125 -1.5717
27.125 92.375 -0.45669
27.125 92.625 -0.007314
27.125 92.875 -0.1208
27.125 93.125 -0.58645
27.125 93.375 0.030852
27.125 93.625 0.15654
27.125 93.875 0.93247
27.125 94.125 0.93338
27.125 94.375 0.55268
27.125 94.625 -0.59909
27.125 94.875 -0.92505
27.125 95.125 -0.49236
27.125 95.375 0.2492
27.125 95.625 -0.79588
27.125 95.875 -0.70105
27.375 70.125 0.39051
27.375 70.375 0.41145
27.375 70.625 -0.075607
27.375 70.875 0.30989
27.375 71.125 1.8065
27.375 71.375 1.7515
27.375 71.625 1.3186
27.375 71.875 -0.00026332
27.375 72.125 -0.5576
27.375 72.375 0.48046
27.375 72.625 0.50469
27.375 72.875 0.77112
27.375 73.125 1.4991
27.375 73.375 1.5569
27.375 73.625 1.0452
27.375 73.875 1.0336
27.375 74.125 0.92963
27.375 74.375 1.0903
27.375 74.625 1.3565
27.375 74.875 1.2393
27.375 75.125 2.1501
27.375 75.375 2.0152
27.375 75.625 2.7845
27.375 75.875 1.6237
27.375 76.125 0.46527
27.375 76.375 1.8413
27.375 76.625 0.54353
27.375 76.875 1.5398
27.375 77.125 1.0973
27.375 77.375 -0.52622
27.375 77.625 1.2297
27.375 77.875 1.6045
27.375 78.125 1.6492
27.375 78.375 0.64817
27.375 78.625 -0.049332
27.375 78.875 1.8368
27.375 79.125 0.44808
27.375 79.375 -1.1632
27.375 79.625 -0.83707
27.375 79.875 0.57773
27.375 80.125 -1.12
27.375 80.375 -1.2147
27.375 80.625 -1.3854
27.375 80.875 -1.5441
27.375 81.125 -0.63902
27.375 81.375 -0.51016
27.375 81.625 -2.3349
27.375 81.875 -0.76083
27.375 82.125 -0.23496
27.375 82.375 -0.73375
27.375 82.625 -0.08637
27.375 82.875 -0.7764
27.375 83.125 -1.0213
27.375 83.625 -0.18625
27.375 84.125 -0.75077
27.375 84.375 -0.99256
27.375 88.125 1.7001
27.375 88.375 -0.61334
27.375 88.625 -1.4796
27.375 92.125 -1.3969
27.375 92.375 -0.66588
27.375 92.625 -0.32197
27.375 92.875 -1.0154
27.375 93.125 -2.6023
27.375 93.375 -2.4908
27.375 93.625 -0.14377
27.375 93.875 0.91988
27.375 94.125 1.743
27.375 94.375 -0.41937
27.375 94.625 -0.1806
27.375 94.875 -0.53692
27.375 95.125 -0.57679
27.375 95.375 -0.37473
27.375 95.625 -0.95955
27.375 95.875 -0.97705
27.375 96.125 -1.8157
27.375 96.375 -1.3733
27.375 96.625 -1.0487
27.375 96.875 -1.2016
27.625 70.125 0.38896
27.625 70.375 0.27484
27.625 70.625 0.20111
27.625 70.875 0.80158
27.625 71.125 1.5967
27.625 71.375 1.3569
27.625 71.625 0.98558
27.625 71.875 0.072403
27.625 72.125 -0.0093289
27.625 72.375 0.10616
27.625 72.625 -0.17285
27.625 72.875 0.65681
27.625 73.125 0.34213
27.625 73.375 1.9559
27.625 73.625 2.5116
27.625 73.875 1.6111
27.625 74.125 1.9257
27.625 74.375 1.8481
27.625 74.625 1.7899
27.625 74.875 1.9629
27.625 75.125 1.1128
27.625 75.375 2.0869
27.625 75.625 2.366
27.625 75.875 1.7302
27.625 76.125 0.54352
27.625 76.375 0.23003
27.625 76.625 1.6623
27.625 76.875 2.7436
27.625 77.125 -0.38687
27.625 77.375 -0.21326
27.625 77.625 -1.3787
27.625 77.875 0.65411
27.625 78.125 1.4153
27.625 78.375 1.0838
27.625 78.625 -0.84887
27.625 78.875 0.2236
27.625 79.125 -0.76015
27.625 79.375 -1.7735
27.625 79.625 -1.0331
27.625 79.875 1.6788
27.625 80.125 0.17912
27.625 80.375 -0.87801
27.625 80.625 -1.436
27.625 80.875 -1.3682
27.625 81.125 -0.47555
27.625 81.375 -0.11267
27.625 81.625 -0.95002
27.625 81.875 -1.0744
27.625 82.125 -0.56958
27.625 82.375 -0.64509
27.625 82.625 -0.29775
27.625 88.375 -0.53289
27.625 88.625 -0.85955
27.625 91.625 -1.1923
27.625 91.875 -1.3271
27.625 92.125 -1.3737
27.625 92.375 -1.0052
27.625 92.625 -0.95673
27.625 92.875 -1.5372
27.625 93.125 -2.3139
27.625 93.375 -2.2355
27.625 93.625 -1.7935
27.625 93.875 -2.3659
27.625 94.125 -1.4679
27.625 94.375 -0.23308
27.625 94.625 -1.0834
27.625 94.875 -1.8143
27.625 95.125 -2.1624
27.625 95.375 -1.5076
27.625 95.625 -1.6034
27.625 95.875 -1.3663
27.625 96.125 -2.1585
27.625 96.375 -1.5737
27.625 96.625 -1.482
27.625 96.875 -1.3754
27.875 70.375 0.3781
27.875 71.875 0.1424
27.875 72.125 -0.16718
27.875 72.375 -0.32031
27.875 72.625 0.35761
27.875 72.875 0.44317
27.875 73.125 0.010852
27.875 73.375 2.0085
27.875 73.625 2.1531
27.875 73.875 1.9751
27.875 74.125 1.6738
27.875 74.375 1.7455
27.875 74.625 1.2746
27.875 74.875 1.6069
27.875 75.125 1.5097
27.875 75.375 1.7208
27.875 75.625 1.333
27.875 75.875 1.9707
27.875 76.125 0.41479
27.875 76.375 0.65546
27.875 76.625 0.2107
27.875 76.875 0.71744
27.875 77.125 0.54489
27.875 77.375 -0.48357
27.875 77.625 -1.087
27.875 77.875 0.78892
27.875 78.125 1.6519
27.875 78.375 1.4318
27.875 78.625 1.0807
27.875 78.875 0.55755
27.875 79.125 -0.8229
27.875 79.375 -0.36954
27.875 79.625 0.76642
27.875 79.875 3.0065
27.875 80.125 2.6357
27.875 80.375 0.45537
27.875 80.625 -1.2595
27.875 80.875 -1.3558
27.875 81.125 -0.78834
27.875 81.375 0.18064
27.875 81.625 -0.050329
27.875 88.375 -0.094273
27.875 88.625 -0.35612
27.875 92.875 -1.8372
27.875 93.125 -2.215
27.875 93.375 -2.3178
27.875 93.625 -2.4135
27.875 93.875 -2.6683
27.875 94.125 -2.0142
27.875 94.375 -1.4597
27.875 94.625 -1.3345
27.875 94.875 -1.2186
27.875 95.125 -0.92541
27.875 95.375 -1.6541
27.875 95.625 -1.5599
27.875 95.875 -1.7922
27.875 96.125 -1.5254
27.875 96.375 -1.7825
27.875 96.625 -1.4974
27.875 96.875 -1.3013
27.875 97.125 -1.2571
28.125 72.125 -0.10888
28.125 72.375 0.23764
28.125 72.625 0.21328
28.125 72.875 1.3102
28.125 73.125 2.0955
28.125 73.375 2.2345
28.125 73.625 1.9051
28.125 73.875 1.3331
28.125 74.125 0.91546
28.125 74.375 1.3534
28.125 74.625 2.6064
28.125 74.875 2.4572
28.125 75.125 1.6311
28.125 75.375 2.6922
28.125 75.625 0.88545
28.125 75.875 2.6971
28.125 76.125 3.0533
28.125 76.375 1.537
28.125 76.625 2.3917
28.125 76.875 3.2433
28.125 77.125 0.50309
28.125 77.375 0.12486
28.125 77.625 -0.22736
28.125 77.875 0.8711
28.125 78.125 4.8853
28.125 78.375 3.4622
28.125 78.625 -0.40059
28.125 78.875 0.67644
28.125 79.125 0.34117
28.125 79.375 -0.68378
28.125 79.625 -0.63058
28.125 79.875 1.3255
28.125 80.125 1.3598
28.125 80.375 1.1145
28.125 80.625 0.81028
28.125 80.875 -1.2542
28.125 81.125 -1.5993
28.125 81.375 -0.11878
28.125 92.875 -1.929
28.125 93.125 -2.2313
28.125 93.375 -2.3453
28.125 93.625 -2.3717
28.125 93.875 -2.2824
28.125 94.125 -1.9214
28.125 94.375 -1.3419
28.125 94.625 -1.0329
28.125 94.875 -1.2214
28.125 95.125 -0.98923
28.125 95.375 -1.173
28.125 95.625 -1.8186
28.125 95.875 -1.8313
28.125 96.125 -1.4805
28.125 96.375 -1.4981
28.125 96.625 -1.4836
28.125 96.875 -1.3719
28.125 97.125 -0.85603
28.375 72.375 0.31823
28.375 72.625 -0.0076351
28.375 72.875 0.35678
28.375 73.125 1.3562
28.375 73.375 0.98141
28.375 73.625 0.71661
28.375 73.875 0.76262
28.375 74.125 0.59258
28.375 74.375 0.72557
28.375 74.625 1.7475
28.375 74.875 1.3909
28.375 75.125 0.62936
28.375 75.375 1.499
28.375 75.625 1.9764
28.375 75.875 2.6
28.375 76.125 1.0956
28.375 76.375 1.5924
28.375 76.625 1.5114
28.375 76.875 1.9928
28.375 77.125 0.0099236
28.375 77.375 -0.60541
28.375 77.625 -0.20514
28.375 77.875 -0.43151
28.375 78.125 2.7532
28.375 78.375 1.5427
28.375 78.625 -0.71809
28.375 78.875 -0.99698
28.375 79.125 0.57487
28.375 79.375 -0.1119
28.375 79.625 -1.3685
28.375 79.875 -1.1034
28.375 80.125 -0.072463
28.375 80.375 0.1698
28.375 80.625 0.25692
28.375 80.875 -0.7527
28.375 81.125 -0.62857
28.375 93.375 -2.2483
28.375 93.625 -1.5887
28.375 93.875 -1.1265
28.375 94.125 -0.9558
28.375 94.375 -0.7706
28.375 94.625 -0.72386
28.375 94.875 -0.80679
28.375 95.125 -1.1206
28.375 95.375 -1.3659
28.375 95.625 -1.2554
28.375 95.875 -1.0624
28.375 96.125 -1.3429
28.375 96.625 -1.4448
28.625 72.375 0.86455
28.625 72.625 1.2015
28.625 72.875 0.8354
28.625 73.125 1.1472
28.625 73.375 1.4106
28.625 73.625 1.4233
28.625 73.875 0.12101
28.625 74.125 0.014693
28.625 74.375 0.82725
28.625 74.625 1.3823
28.625 74.875 0.92617
28.625 75.125 0.3538
28.625 75.375 -0.23709
28.625 75.625 -0.85922
28.625 75.875 -0.38458
28.625 76.125 0.81251
28.625 76.375 0.88331
28.625 76.625 2.0137
28.625 76.875 0.93654
28.625 77.125 -0.73627
28.625 77.375 -0.86737
28.625 77.625 -1.1362
28.625 77.875 -1.2713
28.625 78.125 0.14481
28.625 78.375 0.65784
28.625 78.625 -1.3755
28.625 78.875 -0.90251
28.625 79.125 0.74848
28.625 79.375 -0.63812
28.625 79.625 -0.16876
28.625 79.875 -0.85008
28.625 80.125 0.33384
28.625 80.375 0.64556
28.625 80.625 0.068987
28.625 93.625 -0.21367
28.625 93.875 -0.29111
28.625 94.125 -0.24265
28.625 94.375 -0.24384
28.625 94.625 -0.11343
28.625 94.875 -0.33481
28.625 95.125 -0.85174
28.625 95.375 -0.86775
28.625 95.625 -1.1455
28.625 95.875 -1.1604
28.625 96.125 -1.3315
28.625 96.375 3.5645
28.875 72.875 0.38741
28.875 73.125 2.0418
28.875 73.375 3.9815
28.875 73.625 3.7264
28.875 73.875 3.2107
28.875 74.125 1.6745
28.875 74.375 0.62201
28.875 74.625 1.1024
28.875 74.875 1.5498
28.875 75.125 -0.24997
28.875 75.375 -0.53676
28.875 75.625 -0.62697
28.875 75.875 -0.42317
28.875 76.125 0.45633
28.875 76.375 0.27722
28.875 76.625 0.16351
28.875 76.875 -0.41139
28.875 77.125 1.4709
28.875 77.375 2.1214
28.875 77.625 1.6676
28.875 77.875 0.93295
28.875 78.125 -0.082703
28.875 78.375 -0.373
28.875 78.625 -0.8384
28.875 78.875 -0.85661
28.875 79.125 1.3127
28.875 79.375 1.257
28.875 79.625 0.98023
28.875 79.875 1.1147
28.875 94.125 0.21389
28.875 94.375 0.21344
28.875 94.625 0.12695
28.875 94.875 0.1738
28.875 95.125 -0.1085
28.875 95.375 -0.83798
28.875 95.625 -1.1479
28.875 95.875 -1.1682
28.875 96.125 -1.1425
28.875 96.375 3.5969
29.125 73.125 2.2165
29.125 73.375 4.6178
29.125 73.625 4.1866
29.125 73.875 3.6664
29.125 74.125 1.1761
29.125 74.375 0.59238
29.125 74.625 0.60943
29.125 74.875 0.52273
29.125 75.125 -0.47496
29.125 75.375 1.2307
29.125 75.625 0.22966
29.125 75.875 -0.57059
29.125 76.125 -0.58904
29.125 76.375 -0.9977
29.125 76.625 0.13179
29.125 76.875 0.27564
29.125 77.125 -0.30906
29.125 77.375 0.86638
29.125 77.625 2.1706
29.125 77.875 3.0791
29.125 78.125 0.97243
29.125 78.375 0.91746
29.125 78.625 0.89113
29.125 78.875 -0.34678
29.125 79.125 1.4058
29.125 79.375 1.633
29.125 79.625 -0.61504
29.125 79.875 0.14826
29.125 80.125 0.45496
29.125 94.375 0.22199
29.125 94.625 0.22512
29.125 94.875 0.2049
29.125 95.625 -1.0395
29.125 95.875 -0.39106
29.125 96.125 2.9639
29.375 73.375 1.6821
29.375 73.625 4.2056
29.375 73.875 4.3971
29.375 74.125 4.3682
29.375 74.375 -0.45782
29.375 74.625 0.18046
29.375 74.875 1.0416
29.375 75.125 0.2307
29.375 75.375 -0.31304
29.375 75.625 -0.29689
29.375 75.875 -0.83206
29.375 76.125 0.17535
29.375 76.375 -0.70916
29.375 76.625 0.41422
29.375 76.875 -1.3135
29.375 77.125 -1.3695
29.375 77.375 1.9425
29.375 77.625 2.8096
29.375 77.875 3.2255
29.375 78.125 0.014132
29.375 78.375 0.94194
29.375 78.625 -1.0094
29.375 78.875 -0.74689
29.375 79.125 0.88531
29.375 79.375 1.7392
29.375 79.625 -1.2933
29.375 79.875 0.03398
29.375 80.125 0.66794
29.375 96.125 3.0989
29.625 73.375 1.1572
29.625 73.625 3.141
29.625 73.875 3.2046
29.625 74.125 4.1197
29.625 74.375 0.62977
29.625 74.625 -0.71926
29.625 74.875 0.16338
29.625 75.125 0.19924
29.625 75.375 -0.45089
29.625 75.625 1.5972
29.625 75.875 -0.55241
29.625 76.125 -1.1213
29.625 76.375 0.45854
29.625 76.625 0.23674
29.625 76.875 0.87566
29.625 77.125 -0.057744
29.625 77.375 -1.1222
29.625 77.625 1.3994
29.625 77.875 1.5542
29.625 78.125 1.0605
29.625 78.375 -0.40729
29.625 78.625 -1.5689
29.625 78.875 -1.3013
29.625 79.125 0.12554
29.625 79.375 1.2185
29.625 79.625 0.031414
29.625 79.875 0.84064
29.625 80.125 0.97694
29.875 73.625 3.3888
29.875 73.875 0.93958
29.875 74.125 1.1131
29.875 74.375 -0.95873
29.875 74.625 -1.0181
29.875 74.875 -0.89571
29.875 75.125 -0.14029
29.875 75.375 0.27411
29.875 75.625 -0.025173
29.875 75.875 -0.36091
29.875 76.125 -0.13165
29.875 76.375 -0.029998
29.875 76.625 1.8784
29.875 76.875 -1.0095
29.875 77.125 0.51857
29.875 77.375 0.22826
29.875 77.625 0.87236
29.875 77.875 2.4587
29.875 78.125 -2.2515
29.875 78.375 0.86266
29.875 78.625 -0.34683
29.875 78.875 0.77715
29.875 79.125 -0.49092
29.875 79.375 0.11008
29.875 79.625 2.6002
29.875 79.875 0.35536
29.875 80.125 0.89662
29.875 80.375 0.76289
30.125 74.125 -0.71399
30.125 74.375 -1.0521
30.125 74.625 -1.0075
30.125 74.875 -0.75708
30.125 75.125 0.1704
30.125 75.375 1.0824
30.125 75.625 1.3803
30.125 75.875 -0.7279
30.125 76.125 -0.16994
30.125 76.375 -0.84846
30.125 76.625 -0.70149
30.125 76.875 -0.4234
30.125 77.125 0.54664
30.125 77.375 -1.4373
30.125 77.625 1.1455
30.125 77.875 1.689
30.125 78.125 1.6312
30.125 78.375 1.59
30.125 78.625 1.7305
30.125 78.875 2.3952
30.125 79.125 1.8495
30.125 79.375 1.4614
30.125 79.625 2.4884
30.125 79.875 0.33732
30.125 80.125 0.36803
30.125 80.375 0.82563
30.125 80.625 0.80775
30.375 74.125 -0.64431
30.375 74.375 -0.64036
30.375 74.625 0.064553
30.375 74.875 0.31634
30.375 75.125 2.1137
30.375 75.375 1.413
30.375 75.625 -0.33788
30.375 75.875 -0.71068
30.375 76.125 -0.8547
30.375 76.375 -1.1429
30.375 76.625 -1.5447
30.375 76.875 -1.4247
30.375 77.125 0.98403
30.375 77.375 0.63831
30.375 77.625 2.0176
30.375 77.875 1.4052
30.375 78.125 0.55942
30.375 78.375 -0.83317
30.375 78.625 2.3248
30.375 78.875 1.5332
30.375 79.125 1.9238
30.375 79.375 0.9878
30.375 79.625 2.1098
30.375 79.875 1.4951
30.375 80.125 1.1601
30.375 80.375 0.70888
30.375 80.625 0.63807
30.625 74.375 -0.33861
30.625 74.625 -0.14287
30.625 74.875 -0.13138
30.625 75.125 1.3355
30.625 75.375 0.84047
30.625 75.625 0.46447
30.625 75.875 -0.25249
30.625 76.125 -1.0858
30.625 76.375 -1.3957
30.625 76.625 -0.21726
30.625 76.875 1.4928
30.625 77.125 0.88389
30.625 77.375 1.225
30.625 77.625 0.4139
30.625 77.875 1.2427
30.625 78.125 1.6374
30.625 78.375 -0.54451
30.625 78.625 0.11221
30.625 78.875 1.761
30.625 79.125 1.2286
30.625 79.375 1.1812
30.625 79.625 2.2644
30.625 79.875 1.9525
30.625 80.125 1.1329
30.875 74.625 -0.68604
30.875 74.875 0.67259
30.875 75.125 2.2188
30.875 75.375 -0.35926
30.875 75.625 0.45321
30.875 75.875 -0.40506
30.875 76.125 -0.51018
30.875 76.375 0.37246
30.875 76.625 1.0688
30.875 76.875 1.4293
30.875 77.125 2.6743
30.875 77.375 0.24826
30.875 77.625 1.2524
30.875 77.875 1.3191
30.875 78.125 1.1328
30.875 78.375 0.24695
30.875 78.625 0.51401
30.875 78.875 0.73244
30.875 79.125 1.0122
30.875 79.375 0.95842
30.875 79.625 0.76139
30.875 79.875 1.2942
31.125 74.875 -0.42593
31.125 75.125 1.4437
31.125 75.375 -0.88796
31.125 75.625 -0.86543
31.125 75.875 0.047211
31.125 76.125 2.3186
31.125 76.375 0.77036
31.125 76.625 0.28224
31.125 76.875 3.1014
31.125 77.125 2.5717
31.125 77.375 0.73718
31.125 77.625 2.4757
31.125 77.875 0.19149
31.125 78.125 -1.1896
31.125 78.375 -1.1456
31.125 78.625 -1.1658
31.125 78.875 0.68655
31.125 79.125 0.9168
31.375 74.875 -0.43574
31.375 75.125 -0.2547
31.375 75.375 -1.0613
31.375 75.625 -0.25517
31.375 75.875 1.5549
31.375 76.125 0.44717
31.375 76.375 1.551
31.375 76.625 1.4158
31.375 76.875 3.495
31.375 77.125 2.8912
31.375 77.375 1.867
31.375 77.625 1.7984
31.375 77.875 -0.52861
31.375 78.125 -1.1411
31.375 78.375 -1.3992
31.375 78.625 -1.3638
31.625 74.875 0.12553
31.625 75.125 0.63481
31.625 75.375 0.18044
31.625 75.625 0.61753
31.625 75.875 0.71636
31.625 76.125 1.0802
31.625 76.375 1.2732
31.625 76.625 1.8524
31.625 76.875 2.4595
31.625 77.125 2.1935
31.625 77.375 3.513
31.625 77.625 1.7463
31.625 77.875 -0.82884
31.625 78.125 -1.0976
31.625 78.375 -1.1466
31.625 78.625 -1.0203
31.875 74.875 1.5846
31.875 75.125 1.5948
31.875 75.375 -0.83565
31.875 75.625 -0.13152
31.875 75.875 0.43578
31.875 76.125 1.4285
31.875 76.375 0.70015
31.875 76.625 0.99805
31.875 76.875 1.3876
31.875 77.125 1.3567
31.875 77.375 2.0431
31.875 77.625 0.89853
31.875 77.875 -1.0896
31.875 78.125 -1.0272
31.875 78.375 -0.99785
31.875 78.625 -1.0082
32.125 75.375 1.8082
32.125 75.625 1.1911
32.125 75.875 0.71918
32.125 76.125 0.18209
32.125 76.375 0.18561
32.125 76.625 0.60485
32.125 76.875 0.72915
32.125 77.125 1.135
32.125 77.375 -0.32267
32.125 77.625 -0.51575
32.125 77.875 -1.1106
32.125 78.125 -1.122
32.125 78.375 -1.0265
32.375 75.375 2.8194
32.375 75.625 2.0563
32.375 75.875 1.2071
32.375 76.125 -1.0531
32.375 76.375 -0.55118
32.375 76.625 -0.50374
32.375 76.875 -0.41172
32.375 77.125 0.40793
32.375 77.375 -0.33866
32.375 77.625 -0.95787
32.375 77.875 -1.3533
32.375 78.125 -1.1118
32.375 78.375 -1.0283
32.625 74.875 2.0785
32.625 75.125 1.1113
32.625 75.375 1.0395
32.625 75.625 1.266
32.625 75.875 1.1077
32.625 76.125 -0.077692
32.625 76.375 -0.5384
32.625 76.625 -0.74372
32.625 76.875 -0.26728
32.625 77.125 -0.0097856
32.625 77.375 -0.41445
32.625 77.625 -0.71521
32.625 77.875 -0.94706
32.625 78.125 -1.2712
32.625 78.375 -0.89525
32.625 78.625 -0.92182
32.625 78.875 -0.91443
32.625 79.125 -0.76505
32.625 79.375 -0.9554
32.875 74.375 2.4066
32.875 74.625 2.6166
32.875 74.875 2.3144
32.875 75.125 0.56225
32.875 75.375 -0.23238
32.875 75.625 -0.5688
32.875 75.875 -0.2923
32.875 76.125 -0.015689
32.875 76.375 -0.50784
32.875 76.625 -0.46868
32.875 76.875 -0.28606
32.875 77.125 -0.39304
32.875 77.375 -0.57493
32.875 77.625 -0.84599
32.875 77.875 -0.92434
32.875 78.125 -0.8545
32.875 78.375 -1.1429
32.875 78.625 -1.0971
32.875 78.875 -0.98204
32.875 79.125 -0.96881
32.875 79.375 -0.98624
33.125 73.875 0.49483
33.125 74.125 0.92886
33.125 74.375 2.6241
33.125 74.625 3.0523
33.125 74.875 1.7605
33.125 75.125 0.037387
33.125 75.375 -1.3713
33.125 75.625 -1.4458
33.125 75.875 -0.77545
33.125 76.125 -0.45334
33.125 76.375 -0.72129
33.125 76.625 -0.6771
33.125 76.875 -0.46252
33.125 77.125 -0.99649
33.125 77.375 -0.77991
33.125 77.625 -0.74505
33.125 77.875 -0.773
33.125 78.125 -0.75174
33.125 78.375 -0.80566
33.125 78.625 -1.0231
33.125 78.875 -1.1155
33.125 79.125 -1.0664
33.375 73.875 0.71132
33.375 74.125 1.0227
33.375 74.375 -0.19828
33.375 74.625 -0.76272
33.375 74.875 -1.0049
33.375 75.125 -1.6466
33.375 75.375 -1.2496
33.375 75.625 -1.5759
33.375 75.875 -0.97797
33.375 76.125 -0.63016
33.375 76.375 -0.4289
33.375 76.625 -0.89689
33.375 76.875 -1.0986
33.375 77.125 -0.85783
33.375 77.375 -0.83915
33.375 77.625 -0.8419
33.375 77.875 -0.83659
33.375 78.125 -0.82058
33.375 78.375 -0.82713
33.375 78.625 -0.91756
33.375 78.875 -1.0986
33.625 73.875 -0.23593
33.625 74.125 -0.42526
33.625 74.375 -1.2659
33.625 74.625 -1.5378
33.625 74.875 -0.71983
33.625 75.125 -1.6791
33.625 75.375 -1.3707
33.625 75.625 -1.559
33.625 75.875 -1.4126
33.625 76.125 -1.5574
33.625 76.375 -1.2131
33.625 76.625 -1.2428
33.625 76.875 -0.76012
33.625 77.125 -0.80255
33.625 77.375 -0.76438
33.625 77.625 -0.76306
33.625 77.875 -0.78871
33.625 78.125 -0.82401
33.625 78.375 -0.84333
33.625 78.625 -0.77547
33.625 78.875 -0.96895
33.875 73.875 -0.52643
33.875 74.125 -0.76487
33.875 74.375 -0.98968
33.875 74.625 -0.58627
33.875 74.875 -1.3128
33.875 75.125 -0.64813
33.875 75.375 -0.91562
33.875 75.625 -1.8175
33.875 75.875 -1.5939
33.875 76.125 -1.4378
33.875 76.375 -0.98924
33.875 76.625 -0.94079
33.875 76.875 -0.91289
33.875 77.125 -0.90309
33.875 77.375 -0.81981
33.875 77.625 -0.75508
33.875 77.875 -0.78657
33.875 78.125 -0.82303
33.875 78.375 -0.83446
33.875 78.625 -0.83008
33.875 78.875 -0.8774
34.125 73.625 -1.2256
34.125 73.875 -0.96069
34.125 74.125 -0.28875
34.125 74.375 -1.5816
34.125 74.625 -1.149
34.125 74.875 -1.2444
34.125 75.125 -1.2652
34.125 75.375 -1.7363
34.125 75.625 -1.9886
34.125 75.875 -1.5996
34.125 76.125 -1.3815
34.125 76.375 -0.88532
34.125 76.625 -0.9346
34.125 76.875 -0.93255
34.125 77.125 -0.86746
34.125 77.375 -0.83738
34.125 77.625 -0.80296
34.125 77.875 -0.81458
34.125 78.125 -0.80375
34.125 78.375 -0.81662
34.125 78.625 -0.84101
34.125 78.875 -0.85429
34.125 79.125 -0.84981
34.125 79.375 -0.91779
34.375 73.625 -1.3556
34.375 73.875 -1.1625
34.375 74.125 -1.8343
34.375 74.375 -1.4678
34.375 74.625 -1.4153
34.375 74.875 -1.3577
34.375 75.125 -1.5884
34.375 75.375 -1.9838
34.375 75.625 -2.0244
34.375 75.875 -1.851
34.375 76.125 -1.2175
34.375 76.375 -0.89045
34.375 76.625 -0.89581
34.375 76.875 -0.90197
34.375 77.125 -0.90842
34.375 77.375 -0.88863
34.375 77.625 -0.84265
34.375 77.875 -0.84872
34.375 78.125 -0.86452
34.375 78.375 -0.833
34.375 78.625 -0.83062
34.375 78.875 -0.82189
34.375 79.125 -0.87414
34.375 79.375 -0.93677
34.625 73.875 -1.4791
34.625 74.125 -1.4517
34.625 74.375 -1.8504
34.625 74.625 -1.7132
34.625 74.875 -1.6152
34.625 75.125 -1.4807
34.625 75.375 -1.9441
34.625 75.625 -1.6964
34.625 75.875 -1.5185
34.625 76.125 -1.1415
34.625 76.375 -0.8835
34.625 76.625 -0.87264
34.625 76.875 -0.93409
34.625 77.125 -0.93519
34.625 77.375 -0.89794
34.625 77.625 -0.84031
34.625 77.875 -0.82944
34.625 78.125 -0.84717
34.625 78.375 -0.84846
34.625 78.625 -0.81909
34.625 78.875 -0.82252
34.625 79.125 -0.82067
34.625 79.375 -0.86866
34.625 79.625 -0.94626
34.875 74.125 -1.5722
34.875 74.375 -1.4222
34.875 74.625 -1.2506
34.875 74.875 -1.1112
34.875 75.125 -1.7916
34.875 75.375 -2.032
34.875 75.625 -1.7633
34.875 75.875 -1.397
34.875 76.125 -1.0413
34.875 76.375 -0.87499
34.875 76.625 -0.92629
34.875 76.875 -0.92463
34.875 77.125 -0.91882
34.875 77.375 -0.92378
34.875 77.625 -0.91984
34.875 77.875 -0.87995
34.875 78.125 -0.8654
34.875 78.375 -0.87952
34.875 78.625 -0.83748
34.875 78.875 -0.82101
34.875 79.125 -0.82449
34.875 79.375 -0.85833
34.875 79.625 -0.88885
34.875 79.875 -0.96132
35.125 74.375 -1.9203
35.125 74.625 -1.9009
35.125 74.875 -1.7855
35.125 75.125 -1.7944
35.125 75.375 -2.0294
35.125 75.625 -1.7241
35.125 75.875 -1.1983
35.125 76.125 -1.0515
35.125 76.375 -0.86787
35.125 76.625 -0.89541
35.125 76.875 -0.93745
35.125 77.125 -0.94552
35.125 77.375 -1.0136
35.125 77.625 -1.0068
35.125 77.875 -0.91333
35.125 78.125 -0.89887
35.125 78.375 -0.90406
35.125 78.625 -0.86639
35.125 78.875 -0.84754
35.125 79.125 -0.84452
35.125 79.375 -0.86246
35.125 79.625 -0.88941
35.125 79.875 -0.93817
35.375 73.875 -1.4941
35.375 74.125 -1.7107
35.375 74.375 -1.906
35.375 74.625 -1.6973
35.375 74.875 -1.5831
35.375 75.125 -1.6652
35.375 75.375 -1.7145
35.375 75.625 -1.7062
35.375 75.875 -1.4979
35.375 76.125 -1.0854
35.375 76.375 -0.97764
35.375 76.625 -0.95661
35.375 76.875 -0.94459
35.375 77.125 -0.95218
35.375 77.375 -0.94201
35.375 77.625 -0.94749
35.375 77.875 -0.91455
35.375 78.125 -0.90771
35.375 78.375 -0.89967
35.375 78.625 -0.87103
35.375 78.875 -0.86185
35.375 79.125 -0.85643
35.375 79.375 -0.87032
35.375 79.625 -0.8883
35.375 79.875 -0.89456
35.375 80.125 -0.90028
35.625 73.375 -1.34
35.625 73.625 -1.408
35.625 73.875 -1.6925
35.625 74.125 -1.5422
35.625 74.375 -1.6297
35.625 74.625 -1.6713
35.625 74.875 -1.2117
35.625 75.125 -1.7193
35.625 75.375 -1.7357
35.625 75.625 -1.7703
35.625 75.875 -1.5634
35.625 76.125 -1.2364
35.625 76.375 -1.1905
35.625 76.625 -1.0578
35.625 76.875 -0.99006
35.625 77.125 -0.99725
35.625 78.375 -0.90869
35.625 78.625 -0.88099
35.625 78.875 -0.86338
35.625 79.125 -0.85159
35.625 79.375 -0.86028
35.625 79.625 -0.85357
35.625 79.875 -0.92862
35.625 80.125 -0.95152
35.875 73.125 -0.48056
35.875 73.375 -0.38795
35.875 73.625 -0.94266
35.875 73.875 -1.4677
35.875 74.125 -1.5852
35.875 74.375 -1.8515
35.875 74.625 -1.6905
35.875 74.875 -1.5608
35.875 75.125 -1.7577
35.875 75.375 -1.8297
35.875 75.625 -1.8689
35.875 75.875 -1.5259
35.875 76.125 -1.4342
35.875 76.375 -1.2962
35.875 76.625 -1.2356
35.875 79.375 -0.86661
36.125 72.625 -0.67844
36.125 72.875 0.18623
36.125 73.125 0.16527
36.125 73.375 0.17094
36.125 73.625 0.16607
36.125 73.875 -0.74647
36.125 74.125 -0.99376
36.125 74.375 -1.2452
36.125 74.625 -1.4518
36.125 74.875 -1.6935
36.125 75.125 -1.7412
36.125 75.375 -1.6632
36.125 75.625 -1.8704
36.125 75.875 -1.824
36.125 76.125 -1.6459
36.125 76.375 -1.3388
36.125 76.625 -1.2162
36.375 73.125 0.34787
36.375 73.375 0.39504
36.375 73.625 0.41815
36.375 73.875 -0.20144
36.375 74.125 -0.89694
36.375 74.375 -1.0856
36.375 74.625 -1.3193
36.375 74.875 -1.5694
36.375 75.125 -1.9681
36.375 75.375 -1.8441
36.375 75.625 -1.911
36.375 75.875 -1.7955
36.375 76.125 -1.621
36.625 73.375 0.16092
36.625 73.625 -0.003177
36.625 73.875 -0.43213
36.625 74.125 -0.97586
36.625 74.375 -0.8679
36.625 74.625 -1.2463
36.625 74.875 -1.7775
36.625 75.125 -1.5484
36.625 75.375 -1.7252
36.625 75.625 -1.7874
36.875 73.875 -1.1984
36.875 74.375 -0.54499
36.875 74.625 -0.93842
36.875 74.875 -1.2293
36.875 75.125 -1.5579
36.875 75.375 -0.78154
