8.125 77.375 1.1045
8.375 77.125 -0.81851
8.375 77.375 0.16444
8.375 77.625 1.4986
8.375 77.875 1.8355
8.625 76.875 -0.43089
8.625 77.125 1.1868
8.625 77.375 1.0744
8.625 77.625 -1.6777
8.625 77.875 1.1524
8.875 76.875 0.11229
8.875 77.125 1.8879
8.875 77.375 -0.0035891
8.875 77.625 -2.0607
8.875 77.875 -2.1313
9.125 76.625 0.3409
9.125 76.875 -0.65562
9.125 77.125 0.59257
9.125 77.375 -0.85237
9.125 77.625 -0.51704
9.125 77.875 -1.1212
9.125 78.125 -0.43898
NaN NaN NaN
9.375 76.625 -0.18995
9.375 76.875 -0.23013
9.375 77.125 -0.93661
9.375 77.375 0.05968
9.375 77.625 0.3915
9.375 77.875 -0.19572
9.375 78.125 -0.27424
9.375 78.375 0.022217
9.375 78.625 -0.68843
NaN NaN NaN
9.625 76.375 0.080083
9.625 76.625 0.5592
9.625 76.875 -0.32834
9.625 77.125 0.12718
9.625 77.375 -0.028293
9.625 77.625 -0.35328
9.625 77.875 -0.30138
9.625 78.125 -0.26322
9.625 78.375 0.10823
9.625 78.625 -0.052076
9.875 76.625 -1.5701
9.875 76.875 0.0074741
9.875 77.125 -1.1399
9.875 77.375 -1.0831
9.875 77.625 -0.85995
9.875 77.875 -0.29609
9.875 78.125 -0.77197
9.875 78.375 -0.66204
9.875 78.625 -0.10295
9.875 78.875 -1.3829
10.125 76.375 0.079372
10.125 76.625 -0.13025
10.125 76.875 1.0301
10.125 77.125 -0.55438
10.125 77.375 0.80963
10.125 77.625 -0.72656
10.125 77.875 -0.79735
10.125 78.125 -0.12464
10.125 78.375 -0.15243
10.125 78.625 -0.76363
10.125 78.875 -0.91605
10.125 79.125 -1.1602
10.375 76.375 -0.64734
10.375 76.625 0.069055
10.375 76.875 0.92253
10.375 77.125 0.0278
10.375 77.375 0.3191
10.375 77.625 0.62774
10.375 77.875 -1.1003
10.375 78.125 -0.62251
10.375 78.375 -0.40286
10.375 78.625 -0.25927
10.375 78.875 -0.73348
10.375 79.125 -0.83265
NaN NaN NaN
NaN NaN NaN
10.625 76.125 -2.3818
10.625 76.375 -2.2574
10.625 76.625 -0.90633
10.625 76.875 -0.50429
10.625 77.125 0.99496
10.625 77.375 1.552
10.625 77.625 -0.23189
10.625 77.875 -1.1452
10.625 78.125 -1.0219
10.625 78.375 -0.43205
10.625 78.625 -0.44481
10.625 78.875 -0.66455
10.625 79.125 0.11025
10.625 79.375 -0.11665
10.625 79.625 0.37652
10.875 76.125 -2.1633
10.875 76.375 0.40576
10.875 76.625 0.26811
10.875 76.875 -0.89937
10.875 77.125 -0.65898
10.875 77.375 -0.32896
10.875 77.625 -0.82306
10.875 77.875 -1.2619
10.875 78.125 -1.3114
10.875 78.375 -0.77647
10.875 78.625 -0.27776
10.875 78.875 -0.14794
10.875 79.125 -0.2261
10.875 79.375 0.092354
10.875 79.625 -0.051974
11.125 76.125 -2.4301
11.125 76.375 -1.6925
11.125 76.625 -0.38743
11.125 76.875 -1.1575
11.125 77.125 -0.51894
11.125 77.375 -1.0359
11.125 77.625 -1.0623
11.125 77.875 -0.6939
11.125 78.125 -1.3102
11.125 78.375 -0.61788
11.125 78.625 -0.11138
11.125 78.875 -0.28219
11.125 79.125 -0.15465
11.125 79.375 0.26793
11.125 79.625 -0.37185
11.375 75.875 -2.3705
11.375 76.125 -2.403
11.375 76.375 -0.1251
11.375 76.625 0.40689
11.375 76.875 0.73597
11.375 77.125 0.087826
11.375 77.375 -0.87771
11.375 77.625 -1.2137
11.375 77.875 -1.3506
11.375 78.125 -1.4519
11.375 78.375 -0.94368
11.375 78.625 -1.1357
11.375 78.875 -0.15399
11.375 79.125 -0.70325
11.375 79.375 -0.88712
11.375 79.625 -0.97055
11.625 75.875 -0.48477
11.625 76.125 0.36307
11.625 76.375 0.41463
11.625 76.625 0.99094
11.625 76.875 -0.64631
11.625 77.125 -0.33714
11.625 77.375 -0.92808
11.625 77.625 -0.93649
11.625 77.875 -1.3263
11.625 78.125 -1.6984
11.625 78.375 -1.9613
11.625 78.625 -1.1206
11.625 78.875 -0.6567
11.625 79.125 -0.59432
11.625 79.375 -0.65853
NaN NaN NaN
NaN NaN NaN
11.875 75.875 -1.8045
11.875 76.125 -0.30207
11.875 76.375 -0.3822
11.875 76.625 0.3082
11.875 76.875 -1.903
11.875 77.125 -1.1998
11.875 77.375 -1.4764
11.875 77.625 -0.71438
11.875 77.875 -0.75565
11.875 78.125 -1.527
11.875 78.375 -0.8916
11.875 78.625 -0.95596
11.875 78.875 -0.8584
11.875 79.125 -1.1019
11.875 79.375 -0.77246
11.875 79.625 -0.40006
12.125 75.375 -2.3003
12.125 75.625 -2.4105
12.125 75.875 -0.56627
12.125 76.125 -0.8255
12.125 76.375 -0.012216
12.125 76.625 -0.18669
12.125 76.875 -1.5497
12.125 77.125 -0.94064
12.125 77.375 -1.8614
12.125 77.625 -0.95665
12.125 77.875 -1.0962
12.125 78.125 -0.94399
12.125 78.375 -0.39635
12.125 78.625 -0.97529
12.125 78.875 -0.86113
12.125 79.125 -0.70275
12.125 79.375 -0.58288
12.125 79.625 -0.36333
12.375 75.125 -2.4395
12.375 75.375 -2.4388
12.375 75.625 -0.15129
12.375 75.875 0.70469
12.375 76.125 0.26725
12.375 76.375 0.12354
12.375 76.625 0.082354
12.375 76.875 -1.616
12.375 77.125 -1.0295
12.375 77.375 -1.8115
12.375 77.625 -1.3366
12.375 77.875 -1.7412
12.375 78.125 -0.66929
12.375 78.375 -0.64764
12.375 78.625 -0.56796
12.375 78.875 -0.70468
12.375 79.125 -1.0553
12.375 79.375 -1.0451
12.375 79.625 -0.51804
12.375 79.875 -0.97846
12.625 75.125 -2.0962
12.625 75.375 -2.3947
12.625 75.625 -2.4297
12.625 75.875 -0.66336
12.625 76.125 -0.42409
12.625 76.375 0.58116
12.625 76.625 0.2549
12.625 76.875 -0.81549
12.625 77.125 -1.496
12.625 77.375 -1.4293
12.625 77.625 -0.68644
12.625 77.875 -0.80994
12.625 78.125 -0.93983
12.625 78.375 -0.46715
12.625 78.625 -0.27734
12.625 78.875 -0.36433
12.625 79.125 -0.70112
12.625 79.375 0.21337
12.625 79.625 -1.3368
12.625 79.875 -1.6063
12.875 75.125 -1.9095
12.875 75.375 -0.93716
12.875 75.625 -2.4265
12.875 75.875 -1.167
12.875 76.125 -0.32387
12.875 76.375 0.84951
12.875 76.625 -0.29739
12.875 76.875 -1.1244
12.875 77.125 -0.75516
12.875 77.375 -0.58883
12.875 77.625 -0.9987
12.875 77.875 -0.71332
12.875 78.125 -1.1133
12.875 78.375 -0.94395
12.875 78.625 -0.52848
12.875 78.875 -1.3029
12.875 79.125 -0.13865
12.875 79.375 -0.39346
12.875 79.625 0.10661
12.875 79.875 -0.17974
NaN NaN NaN
13.125 75.125 -1.2717
13.125 75.375 -2.2177
13.125 75.625 -1.5107
13.125 75.875 -1.038
13.125 76.125 -0.42702
13.125 76.375 0.13224
13.125 76.625 -0.3566
13.125 76.875 -0.83511
13.125 77.125 -0.70019
13.125 77.375 -0.94992
13.125 77.625 -0.91761
13.125 77.875 -1.2379
13.125 78.125 -1.4489
13.125 78.375 -1.2087
13.125 78.625 -1.3024
13.125 78.875 -1.1606
13.125 79.125 -0.70814
13.125 79.375 -0.7595
13.125 79.625 -1.1731
13.125 79.875 -1.852
13.125 80.125 -2.0932
NaN NaN NaN
13.375 75.125 -1.7122
13.375 75.375 -1.1053
13.375 75.625 -1.0154
13.375 75.875 -1.0027
13.375 76.125 0.14076
13.375 76.375 -0.58811
13.375 76.625 -0.68832
13.375 76.875 -0.93678
13.375 77.125 -0.42275
13.375 77.375 -1.4407
13.375 77.625 -1.0832
13.375 77.875 -1.5738
13.375 78.125 -1.6896
13.375 78.375 -1.5254
13.375 78.625 -1.4087
13.375 78.875 -1.762
13.375 79.125 -1.9696
13.375 79.375 -1.7255
13.375 79.625 -0.88812
13.375 79.875 -1.8186
13.375 80.125 -2.0058
13.625 74.875 -2.3498
13.625 75.125 -0.93931
13.625 75.375 -0.80419
13.625 75.625 -1.4855
13.625 75.875 -1.4738
13.625 76.125 -0.67238
13.625 76.375 -0.68059
13.625 76.625 -1.3592
13.625 76.875 -1.3527
13.625 77.125 -0.43042
13.625 77.375 -1.6473
13.625 77.625 -1.5205
13.625 77.875 -1.9174
13.625 78.125 -1.6844
13.625 78.375 -1.8486
13.625 78.625 -1.5028
13.625 78.875 -0.451
13.625 79.125 -0.0186
13.625 79.375 -1.5101
13.625 79.625 -1.4516
13.625 79.875 -1.4451
13.625 80.125 -1.9278
13.875 74.875 -1.6664
13.875 75.125 0.53782
13.875 75.375 -0.44803
13.875 75.625 -0.79823
13.875 75.875 -0.37505
13.875 76.125 -1.044
13.875 76.375 -1.4054
13.875 76.625 -0.15774
13.875 76.875 -1.517
13.875 77.125 -1.6337
13.875 77.375 -1.0938
13.875 77.625 -1.4705
13.875 77.875 -1.8919
13.875 78.125 -2.0075
13.875 78.375 -1.4644
13.875 78.625 -1.1556
13.875 78.875 -1.1726
13.875 79.125 -0.38104
13.875 79.375 -0.97924
13.875 79.625 -1.5279
13.875 79.875 -1.4006
14.125 74.625 -1.8425
14.125 74.875 -1.6238
14.125 75.125 0.090194
14.125 75.375 -1.3636
14.125 75.625 -0.90364
14.125 75.875 -0.55904
14.125 76.125 -0.72525
14.125 76.375 -1.1695
14.125 76.625 -0.98352
14.125 76.875 -1.1252
14.125 77.125 -0.89529
14.125 77.375 -1.0646
14.125 77.625 -1.578
14.125 77.875 -1.4771
14.125 78.125 -1.4083
14.125 78.375 -1.423
14.125 78.625 -1.4746
14.125 78.875 -1.5084
14.125 79.125 -0.20765
14.125 79.375 -0.70488
14.125 79.625 -1.3558
14.125 79.875 -1.2241
14.375 74.625 -2.0363
14.375 74.875 -1.2423
14.375 75.125 -1.1742
14.375 75.375 -1.2913
14.375 75.625 0.056501
14.375 75.875 -0.395
14.375 76.125 0.43318
14.375 76.375 -0.42058
14.375 76.625 -0.90701
14.375 76.875 -1.3394
14.375 77.125 -0.96917
14.375 77.375 -1.2035
14.375 77.625 -1.1233
14.375 77.875 -1.1993
14.375 78.125 -1.4185
14.375 78.375 -1.6211
14.375 78.625 -1.6955
14.375 78.875 -1.9331
14.375 79.125 -1.3208
14.375 79.375 -1.5144
14.375 79.625 0.28481
14.375 79.875 -0.17713
NaN NaN NaN
14.625 74.625 -2.0944
14.625 74.875 -2.2285
14.625 75.125 -1.5595
14.625 75.375 -0.98698
14.625 75.625 -1.6555
14.625 75.875 -0.50445
14.625 76.125 -0.89095
14.625 76.375 -1.0722
14.625 76.625 -0.31137
14.625 76.875 0.05577
14.625 77.125 -0.44902
14.625 77.375 -0.89751
14.625 77.625 -1.0263
14.625 77.875 -2.0864
14.625 78.125 -1.8098
14.625 78.375 -1.6324
14.625 78.625 -1.9878
14.625 78.875 -1.8266
14.625 79.125 -1.2226
14.625 79.375 -1.149
14.625 79.625 0.089291
14.625 79.875 0.25245
14.875 74.375 -2.4103
14.875 74.625 -2.0447
14.875 74.875 -1.8934
14.875 75.125 -0.17475
14.875 75.375 -1.7111
14.875 75.625 -1.2207
14.875 75.875 -1.6031
14.875 76.125 -1.4072
14.875 76.375 -2.0071
14.875 76.625 -1.8111
14.875 76.875 0.22173
14.875 77.125 -0.73002
14.875 77.375 -1.62
14.875 77.625 -1.7279
14.875 77.875 -1.8223
14.875 78.125 -1.8798
14.875 78.375 -1.6629
14.875 78.625 -1.4414
14.875 78.875 -2.0906
14.875 79.125 -1.4959
14.875 79.375 -1.4659
14.875 79.625 -1.3956
14.875 79.875 -1.111
15.125 74.125 -2.2753
15.125 74.375 -2.4382
15.125 74.625 -1.2197
15.125 74.875 -1.7874
15.125 75.125 -1.4187
15.125 75.375 -0.71479
15.125 75.625 0.23769
15.125 75.875 -0.89162
15.125 76.125 -1.2155
15.125 76.375 -0.55832
15.125 76.625 -1.7031
15.125 76.875 -1.5517
15.125 77.125 -1.9568
15.125 77.375 -1.6105
15.125 77.625 -1.8595
15.125 77.875 -1.6858
15.125 78.125 -2.0507
15.125 78.375 -1.5045
15.125 78.625 -1.3598
15.125 78.875 -0.28156
15.125 79.125 -1.4312
15.125 79.375 -1.6472
15.125 79.625 -1.9596
15.125 79.875 -1.869
15.375 73.875 -2.3879
15.375 74.125 -2.3562
15.375 74.375 -1.2618
15.375 74.625 -2.3758
15.375 74.875 -0.057988
15.375 75.125 -1.5314
15.375 75.375 -0.044128
15.375 75.625 -0.5476
15.375 75.875 -0.69596
15.375 76.125 -1.1214
15.375 76.375 -0.6473
15.375 76.625 -1.5896
15.375 76.875 -1.6659
15.375 77.125 -2.2023
15.375 77.375 -2.3544
15.375 77.625 -2.2502
15.375 77.875 -2.166
15.375 78.125 -1.9432
15.375 78.375 -1.4921
15.375 78.625 -1.3171
15.375 78.875 -2.1808
15.375 79.125 -1.9771
15.375 79.375 -1.9246
15.375 79.625 -1.8403
15.375 79.875 -1.8716
15.625 73.875 -1.1819
15.625 74.125 -2.3162
15.625 74.375 -2.3809
15.625 74.625 -0.32926
15.625 74.875 -1.7088
15.625 75.125 -1.243
15.625 75.375 -0.98951
15.625 75.625 -0.65373
15.625 75.875 -1.126
15.625 76.125 -1.8242
15.625 76.375 -1.1749
15.625 76.625 -0.78761
15.625 76.875 -0.49026
15.625 77.125 -2.1744
15.625 77.375 -2.027
15.625 77.625 -1.955
15.625 77.875 -1.9792
15.625 78.125 -1.5348
15.625 78.375 -1.4901
15.625 78.625 -1.3059
15.625 78.875 -1.3915
15.625 79.125 -1.9557
15.625 79.375 -2.2107
15.625 79.625 -2.1161
15.625 79.875 -2.0888
15.625 80.125 -1.8222
15.875 73.875 -1.8375
15.875 74.125 -1.7043
15.875 74.375 -2.2822
15.875 74.625 -1.4623
15.875 74.875 -2.0261
15.875 75.125 -1.5659
15.875 75.375 -0.94781
15.875 75.625 -1.6325
15.875 75.875 -1.8384
15.875 76.125 -1.7911
15.875 76.375 -1.7997
15.875 76.625 -1.3613
15.875 76.875 -0.73846
15.875 77.125 -2.1546
15.875 77.375 -1.9532
15.875 77.625 -2.2739
15.875 77.875 -2.0422
15.875 78.125 -1.9219
15.875 78.375 -1.6334
15.875 78.625 -1.7264
15.875 78.875 -1.1371
15.875 79.125 -2.053
15.875 79.375 -1.9316
15.875 79.625 -1.9686
15.875 79.875 -2.1018
15.875 80.125 -2.1532
15.875 80.375 -2.0668
NaN NaN NaN
15.875 80.875 -1.9421
16.125 73.625 -2.416
16.125 73.875 -2.4362
16.125 74.125 -2.4145
16.125 74.375 -2.3037
16.125 74.625 -1.4789
16.125 74.875 -0.33368
16.125 75.125 -2.0039
16.125 75.375 -2.1522
16.125 75.625 -1.8044
16.125 75.875 -1.7142
16.125 76.125 -1.4048
16.125 76.375 -2.0164
16.125 76.625 -1.8415
16.125 76.875 -1.8289
16.125 77.125 -1.7439
16.125 77.375 -1.3988
16.125 77.625 -1.6188
16.125 77.875 -1.5739
16.125 78.125 -1.7379
16.125 78.375 -1.7623
16.125 78.625 -1.7147
16.125 78.875 -1.9044
16.125 79.125 -1.4683
16.125 79.375 -1.8133
16.125 79.625 -1.9018
16.125 79.875 -1.8292
16.125 80.125 -1.7392
16.125 80.375 -1.2711
16.125 80.625 -1.7173
16.125 80.875 -1.4975
16.375 73.625 -1.4809
16.375 73.875 -2.4409
16.375 74.125 -2.4435
16.375 74.375 -2.3918
16.375 74.625 -1.8167
16.375 74.875 -0.94744
16.375 75.125 -0.8306
16.375 75.375 -0.59782
16.375 75.625 -1.8762
16.375 75.875 -1.7142
16.375 76.125 -1.3541
16.375 76.375 -1.7476
16.375 76.625 -2.081
16.375 76.875 -1.7141
16.375 77.125 -1.3059
16.375 77.375 -1.5146
16.375 77.625 -2.3118
16.375 77.875 -1.7985
16.375 78.125 -1.2251
16.375 78.375 -1.5873
16.375 78.625 -2.2433
16.375 78.875 -2.2356
16.375 79.125 -1.2732
16.375 79.375 -1.1994
16.375 79.625 -2.0419
16.375 79.875 -1.4731
16.375 80.125 -1.8748
16.375 80.375 -1.9624
16.375 80.625 -1.8138
16.375 80.875 -1.9205
16.375 81.125 -1.5969
NaN NaN NaN
NaN NaN NaN
16.625 73.625 -2.4412
16.625 73.875 -2.4406
16.625 74.125 -2.4339
16.625 74.375 -2.4216
16.625 74.625 -1.782
16.625 74.875 -1.1972
16.625 75.125 -0.49993
16.625 75.375 -1.8913
16.625 75.625 -1.8351
16.625 75.875 -1.5561
16.625 76.125 -1.4256
16.625 76.375 -2.2888
16.625 76.625 -2.1642
16.625 76.875 -1.6313
16.625 77.125 -1.2805
16.625 77.375 -2.1962
16.625 77.625 -2.346
16.625 77.875 -2.2214
16.625 78.125 -1.9194
16.625 78.375 -2.1809
16.625 78.625 -2.0443
16.625 78.875 -2.0485
16.625 79.125 -2.132
16.625 79.375 -0.69428
16.625 79.625 -0.90276
16.625 79.875 -1.5576
16.625 80.125 -1.5269
16.625 80.375 -1.7191
16.625 80.625 -1.753
16.625 80.875 -2.0113
16.625 81.125 -2.299
16.625 81.375 -1.9292
16.625 81.625 -1.7457
16.625 81.875 -2.0266
16.625 82.125 -1.7872
16.875 73.375 -2.3996
16.875 73.625 -2.4457
16.875 73.875 -2.4404
16.875 74.125 -2.4107
16.875 74.375 -0.82549
16.875 74.625 -1.4376
16.875 74.875 -1.4255
16.875 75.125 -1.0945
16.875 75.375 -1.4889
16.875 75.625 -1.2515
16.875 75.875 -1.4677
16.875 76.125 -1.9633
16.875 76.375 -2.1987
16.875 76.625 -2.3737
16.875 76.875 -2.242
16.875 77.125 -2.0249
16.875 77.375 -1.5718
16.875 77.625 -1.9556
16.875 77.875 -0.90626
16.875 78.125 -1.4359
16.875 78.375 -1.7219
16.875 78.625 -1.414
16.875 78.875 -2.2768
16.875 79.125 -2.1768
16.875 79.375 -1.1047
16.875 79.625 -1.5771
16.875 79.875 -1.0314
16.875 80.125 -1.404
16.875 80.375 -1.5888
16.875 80.625 -1.9514
16.875 80.875 -1.9781
16.875 81.125 -1.8703
16.875 81.375 -2.122
16.875 81.625 -2.2568
16.875 81.875 -1.451
16.875 82.125 -1.7775
17.125 73.375 -2.4352
17.125 73.625 -2.4416
17.125 73.875 -2.4417
17.125 74.125 -2.3771
17.125 74.375 -1.6184
17.125 74.625 -1.9776
17.125 74.875 -1.7108
17.125 75.125 -2.3819
17.125 75.375 -1.7951
17.125 75.625 -1.3662
17.125 75.875 -2.2883
17.125 76.125 -2.252
17.125 76.375 -2.0863
17.125 76.625 -2.271
17.125 76.875 -1.7387
17.125 77.125 -1.8891
17.125 77.375 -1.424
17.125 77.625 -1.837
17.125 77.875 -0.43843
17.125 78.125 -2.1755
17.125 78.375 -2.2762
17.125 78.625 -1.1285
17.125 78.875 -0.69895
17.125 79.125 -0.61983
17.125 79.375 -1.0513
17.125 79.625 -1.1623
17.125 79.875 -0.99965
17.125 80.125 -0.94363
17.125 80.375 -1.7613
17.125 80.625 -1.9174
17.125 80.875 -2.1916
17.125 81.125 -2.0082
17.125 81.375 -1.9285
17.125 81.625 -1.58
17.125 81.875 -1.4475
17.125 82.125 -0.88006
17.125 82.375 -1.4745
17.375 73.375 -2.4292
17.375 73.625 -2.4418
17.375 73.875 -2.4406
17.375 74.125 -2.4254
17.375 74.375 -1.4142
17.375 74.625 -2.1626
17.375 74.875 -2.0188
17.375 75.125 -2.3907
17.375 75.375 -2.3871
17.375 75.625 -2.0665
17.375 75.875 -2.3029
17.375 76.125 -2.1019
17.375 76.375 -2.2103
17.375 76.625 -2.1339
17.375 76.875 -1.1534
17.375 77.125 -1.3019
17.375 77.375 -1.4315
17.375 77.625 -1.1261
17.375 77.875 -0.92727
17.375 78.125 -0.80932
17.375 78.375 -0.95714
17.375 78.625 -1.6138
17.375 78.875 -0.11434
17.375 79.125 -0.59966
17.375 79.375 0.54052
17.375 79.625 -1.5424
17.375 79.875 -0.56602
17.375 80.125 -0.70063
17.375 80.375 -1.9516
17.375 80.625 -2.2016
17.375 80.875 -2.152
17.375 81.125 -1.7663
17.375 81.375 -2.2093
17.375 81.625 -1.9287
17.375 81.875 -1.8391
17.375 82.125 -1.3018
17.375 82.375 -1.7421
NaN NaN NaN
17.625 73.375 -2.43
17.625 73.625 -2.4413
17.625 73.875 -2.442
17.625 74.125 -2.398
17.625 74.375 -1.5927
17.625 74.625 -2.3116
17.625 74.875 -1.7095
17.625 75.125 -2.214
17.625 75.375 -1.8503
17.625 75.625 -1.9424
17.625 75.875 -2.2292
17.625 76.125 -2.3059
17.625 76.375 -2.2445
17.625 76.625 -1.9405
17.625 76.875 -1.56
17.625 77.125 -1.6662
17.625 77.375 -1.213
17.625 77.625 -1.6757
17.625 77.875 -1.5636
17.625 78.125 -0.7893
17.625 78.375 -0.39139
17.625 78.625 -0.54296
17.625 78.875 -1.0919
17.625 79.125 -0.87202
17.625 79.375 -1.4066
17.625 79.625 -1.6951
17.625 79.875 -1.2001
17.625 80.125 -0.95789
17.625 80.375 -2.2973
17.625 80.625 -2.1245
17.625 80.875 -1.7753
17.625 81.125 -1.3058
17.625 81.375 -0.3129
17.625 81.625 -2.3135
17.625 81.875 -2.144
17.625 82.125 -1.8188
17.625 82.375 -1.8823
17.625 82.625 -1.9938
17.625 82.875 -1.9631
17.625 83.125 -1.9987
17.875 73.375 0.027659
17.875 73.625 -2.4356
17.875 73.875 -2.3538
17.875 74.125 -2.0672
17.875 74.375 -0.72906
17.875 74.625 -1.8025
17.875 74.875 -1.6777
17.875 75.125 -2.4046
17.875 75.375 -2.203
17.875 75.625 -2.048
17.875 75.875 -2.002
17.875 76.125 -2.0377
17.875 76.375 -2.1066
17.875 76.625 -1.9805
17.875 76.875 -1.7424
17.875 77.125 -0.73215
17.875 77.375 -0.58166
17.875 77.625 -0.072511
17.875 77.875 0.27256
17.875 78.125 0.74864
17.875 78.375 0.79671
17.875 78.625 0.4359
17.875 78.875 -0.66192
17.875 79.125 -1.3471
17.875 79.375 -1.364
17.875 79.625 -1.5072
17.875 79.875 -1.3901
17.875 80.125 -1.5734
17.875 80.375 -2.2289
17.875 80.625 -1.9877
17.875 80.875 -1.7589
17.875 81.125 -1.0537
17.875 81.375 -1.6163
17.875 81.625 -0.90916
17.875 81.875 -2.3927
17.875 82.125 -2.4099
17.875 82.375 -2.0447
17.875 82.625 -1.6976
17.875 82.875 -0.87549
17.875 83.125 -1.471
17.875 83.375 -1.0674
NaN NaN NaN
18.125 73.375 -2.4425
18.125 73.625 -2.4171
18.125 73.875 0.48155
18.125 74.125 -1.4876
18.125 74.375 -0.53958
18.125 74.625 -1.6737
18.125 74.875 -1.9005
18.125 75.125 -2.2381
18.125 75.375 -2.1682
18.125 75.625 -2.1833
18.125 75.875 -2.3215
18.125 76.125 -1.6205
18.125 76.375 -1.7325
18.125 76.625 -1.9505
18.125 76.875 -1.4326
18.125 77.125 1.1036
18.125 77.375 0.27944
18.125 77.625 1.0732
18.125 77.875 0.39856
18.125 78.125 0.84757
18.125 78.375 0.35957
18.125 78.625 0.087676
18.125 78.875 -0.1901
18.125 79.125 -0.84334
18.125 79.375 -1.5547
18.125 79.625 -0.035023
18.125 79.875 -1.3436
18.125 80.125 -1.1764
18.125 80.375 -2.307
18.125 80.625 -1.8852
18.125 80.875 -0.92887
18.125 81.125 -2.3897
18.125 81.375 -1.8417
18.125 81.625 -1.954
18.125 81.875 -0.51844
18.125 82.125 -2.2767
18.125 82.375 -2.3633
18.125 82.625 -2.4113
18.125 82.875 -2.019
18.125 83.125 -1.4141
18.125 83.375 -1.2821
18.125 83.625 -1.6371
18.375 73.125 -2.3932
18.375 73.375 -2.4396
18.375 73.625 -2.3997
18.375 73.875 -0.34567
18.375 74.125 -1.6585
18.375 74.375 -1.1669
18.375 74.625 -1.7505
18.375 74.875 -2.3366
18.375 75.125 -2.0274
18.375 75.375 -1.0198
18.375 75.625 -1.8109
18.375 75.875 -2.1461
18.375 76.125 -1.4496
18.375 76.375 -1.7722
18.375 76.625 -1.3838
18.375 76.875 -1.0927
18.375 77.125 -1.6732
18.375 77.375 -1.0545
18.375 77.625 0.68998
18.375 77.875 0.53165
18.375 78.125 0.76723
18.375 78.375 0.57901
18.375 78.625 0.60766
18.375 78.875 -0.86495
18.375 79.125 -1.3328
18.375 79.375 -0.004738
18.375 79.625 0.16772
18.375 79.875 -1.2199
18.375 80.125 -0.39712
18.375 80.375 -0.74516
18.375 80.625 -1.0957
18.375 80.875 -1.6624
18.375 81.125 -2.3323
18.375 81.375 -2.39
18.375 81.625 -2.4002
18.375 81.875 -2.3319
18.375 82.125 -2.3342
18.375 82.375 -2.3741
18.375 82.625 -1.9386
18.375 82.875 -2.3749
18.375 83.125 -1.3609
18.375 83.375 -1.4123
18.375 83.625 -1.7885
18.375 83.875 -1.8676
18.625 73.125 -2.4186
18.625 73.375 -1.7232
18.625 73.625 -2.1437
18.625 73.875 -0.82947
18.625 74.125 -2.2424
18.625 74.375 -0.70393
18.625 74.625 -1.9355
18.625 74.875 -1.3873
18.625 75.125 -2.165
18.625 75.375 -2.0628
18.625 75.625 -1.9036
18.625 75.875 -1.8837
18.625 76.125 -2.1316
18.625 76.375 -1.7171
18.625 76.625 -0.34817
18.625 76.875 -1.061
18.625 77.125 -1.0705
18.625 77.375 -0.33704
18.625 77.625 0.80941
18.625 77.875 0.92621
18.625 78.125 -0.48735
18.625 78.375 -0.19343
18.625 78.625 -2.129
18.625 78.875 0.23125
18.625 79.125 0.42745
18.625 79.375 -1.1274
18.625 79.625 -0.96011
18.625 79.875 -1.2034
18.625 80.125 -1.7865
18.625 80.375 -2.0214
18.625 80.625 -0.41434
18.625 80.875 -0.75589
18.625 81.125 -1.2291
18.625 81.375 -2.2563
18.625 81.625 -2.4212
18.625 81.875 -2.4168
18.625 82.125 -2.3192
18.625 82.375 -1.9416
18.625 82.625 -2.3193
18.625 82.875 -2.3251
18.625 83.125 -1.9596
18.625 83.375 -1.8526
18.625 83.625 -1.1784
18.625 83.875 -1.7198
18.625 84.125 -2.1307
18.875 73.125 0.33033
18.875 73.375 -2.4407
18.875 73.625 -1.569
18.875 73.875 0.21404
18.875 74.125 -1.8631
18.875 74.375 -1.6523
18.875 74.625 -1.5266
18.875 74.875 -1.0807
18.875 75.125 -2.04
18.875 75.375 -2.1664
18.875 75.625 -2.1173
18.875 75.875 -2.1478
18.875 76.125 -1.2692
18.875 76.375 -1.1214
18.875 76.625 -1.3844
18.875 76.875 -1.0414
18.875 77.125 -0.1378
18.875 77.375 -1.5854
18.875 77.625 -0.54068
18.875 77.875 0.21442
18.875 78.125 -0.2692
18.875 78.375 -2.0912
18.875 78.625 0.49922
18.875 78.875 0.097157
18.875 79.125 0.51251
18.875 79.375 -1.2827
18.875 79.625 -0.37778
18.875 79.875 -1.7135
18.875 80.125 -2.366
18.875 80.375 -2.3847
18.875 80.625 -2.4092
18.875 80.875 -0.50677
18.875 81.125 -0.66792
18.875 81.375 -2.1079
18.875 81.625 -2.4111
18.875 81.875 -2.1663
18.875 82.125 -1.5165
18.875 82.375 -1.2517
18.875 82.625 -2.4049
18.875 82.875 -2.3346
18.875 83.125 -2.2575
18.875 83.375 -0.75658
18.875 83.625 -0.32794
18.875 83.875 -0.24266
18.875 84.125 -1.3229
18.875 84.375 -1.0073
19.125 73.125 -2.4411
19.125 73.375 -1.9982
19.125 73.625 -2.3341
19.125 73.875 -1.3103
19.125 74.125 -1.4796
19.125 74.375 -1.5408
19.125 74.625 -1.56
19.125 74.875 -1.7268
19.125 75.125 -1.5558
19.125 75.375 -1.8407
19.125 75.625 -1.9855
19.125 75.875 -1.3091
19.125 76.125 -1.5115
19.125 76.375 -1.0954
19.125 76.625 -0.84642
19.125 76.875 -1.0092
19.125 77.125 -1.2372
19.125 77.375 0.030324
19.125 77.625 -1.1654
19.125 77.875 -1.6589
19.125 78.125 -2.0175
19.125 78.375 -1.8485
19.125 78.625 -0.69032
19.125 78.875 -1.989
19.125 79.125 0.43551
19.125 79.375 -0.5527
19.125 79.625 -0.4877
19.125 79.875 -0.67341
19.125 80.125 -2.3005
19.125 80.375 -2.3418
19.125 80.625 -0.23021
19.125 80.875 -1.6253
19.125 81.125 0.48134
19.125 81.375 -0.56701
19.125 81.625 -1.5777
19.125 81.875 -1.8702
19.125 82.125 -1.0687
19.125 82.375 -1.0432
19.125 82.625 -1.7268
19.125 82.875 -1.5559
19.125 83.125 -0.7066
19.125 83.375 -0.54759
19.125 83.625 -0.5088
19.125 83.875 -0.41256
19.125 84.125 -0.087439
19.125 84.375 -1.2191
19.125 84.625 -0.36702
19.375 72.875 -2.3266
19.375 73.125 -2.4374
19.375 73.375 -2.4108
19.375 73.625 -2.3383
19.375 73.875 -1.7839
19.375 74.125 -0.75628
19.375 74.375 -1.4254
19.375 74.625 -1.3953
19.375 74.875 -1.5252
19.375 75.125 -1.636
19.375 75.375 -1.2926
19.375 75.625 -1.7118
19.375 75.875 -2.251
19.375 76.125 -2.0277
19.375 76.375 -2.1796
19.375 76.625 -2.0846
19.375 76.875 -1.9434
19.375 77.125 -1.1852
19.375 77.375 -2.243
19.375 77.625 -2.2061
19.375 77.875 -0.9031
19.375 78.125 -1.3876
19.375 78.375 -1.4868
19.375 78.625 -0.95032
19.375 78.875 -0.073012
19.375 79.125 -0.15696
19.375 79.375 -0.52149
19.375 79.625 -1.2757
19.375 79.875 -2.3952
19.375 80.125 -0.62182
19.375 80.375 -0.035515
19.375 80.625 -1.6552
19.375 80.875 -0.4413
19.375 81.125 -0.70886
19.375 81.375 -1.1933
19.375 81.625 -1.2231
19.375 81.875 -2.3903
19.375 82.125 -2.1623
19.375 82.375 -0.9986
19.375 82.625 -1.1037
19.375 82.875 -1.9907
19.375 83.125 -0.79672
19.375 83.375 -0.25516
19.375 83.625 -0.20632
19.375 83.875 -2.144
19.375 84.125 -0.45557
19.375 84.375 0.19002
19.375 84.625 1.0381
19.375 84.875 1.0191
19.625 72.875 -2.3998
19.625 73.125 -2.4233
19.625 73.375 -2.437
19.625 73.625 -2.4375
19.625 73.875 -1.984
19.625 74.125 -1.5644
19.625 74.375 -0.87513
19.625 74.625 -1.7951
19.625 74.875 -2.039
19.625 75.125 -1.3879
19.625 75.375 -1.4877
19.625 75.625 -2.1296
19.625 75.875 -1.7315
19.625 76.125 -1.966
19.625 76.375 -1.9121
19.625 76.625 -2.251
19.625 76.875 -2.2781
19.625 77.125 -2.097
19.625 77.375 -1.2918
19.625 77.625 -0.77382
19.625 77.875 -1.4702
19.625 78.125 -1.9908
19.625 78.375 -1.5866
19.625 78.625 -1.1069
19.625 78.875 -0.55044
19.625 79.125 -1.4345
19.625 79.375 -2.0279
19.625 79.625 -2.0728
19.625 79.875 -1.5954
19.625 80.125 -0.63414
19.625 80.375 -0.35471
19.625 80.625 -0.32539
19.625 80.875 -1.1888
19.625 81.125 -1.2689
19.625 81.375 -1.7788
19.625 81.625 -1.5856
19.625 81.875 -2.4106
19.625 82.125 -1.936
19.625 82.375 -1.2701
19.625 82.625 -0.22278
19.625 82.875 -1.3121
19.625 83.125 -0.13689
19.625 83.375 1.0697
19.625 83.625 0.76585
19.625 83.875 0.83477
19.625 84.125 -0.28968
19.625 84.375 0.20436
19.625 84.625 1.3798
19.625 84.875 0.74262
19.625 85.125 -0.38297
19.625 85.375 0.21145
19.875 72.875 -2.3387
19.875 73.125 -2.4298
19.875 73.375 -2.4307
19.875 73.625 -2.4385
19.875 73.875 -2.3866
19.875 74.125 -1.0664
19.875 74.375 -0.40898
19.875 74.625 -1.1116
19.875 74.875 0.18397
19.875 75.125 -1.1553
19.875 75.375 -1.9978
19.875 75.625 -1.314
19.875 75.875 -0.30068
19.875 76.125 -0.95393
19.875 76.375 -0.67819
19.875 76.625 -1.7263
19.875 76.875 -1.1734
19.875 77.125 -1.4005
19.875 77.375 -1.3617
19.875 77.625 -1.7261
19.875 77.875 -0.97907
19.875 78.125 -1.5281
19.875 78.375 -1.6078
19.875 78.625 -1.8973
19.875 78.875 -0.36733
19.875 79.125 -0.66257
19.875 79.375 -2.2397
19.875 79.625 -2.2595
19.875 79.875 -1.3661
19.875 80.125 -1.3355
19.875 80.375 -1.531
19.875 80.625 -0.84568
19.875 80.875 0.21938
19.875 81.125 -0.2841
19.875 81.375 -1.7319
19.875 81.625 -2.3998
19.875 81.875 -2.1022
19.875 82.125 -0.20474
19.875 82.375 -0.23196
19.875 82.625 0.30515
19.875 82.875 -0.55774
19.875 83.125 0.39617
19.875 83.375 0.9891
19.875 83.625 1.2071
19.875 83.875 -1.2971
19.875 84.125 -0.89799
19.875 84.375 -0.16961
19.875 84.625 -0.52494
19.875 84.875 -1.7259
19.875 85.125 0.31442
19.875 85.375 0.35125
NaN NaN NaN
NaN NaN NaN
NaN NaN NaN
20.125 72.875 -2.373
20.125 73.125 -2.4321
20.125 73.375 -2.4305
20.125 73.625 -2.4457
20.125 73.875 -2.4219
20.125 74.125 -0.0095048
20.125 74.375 -0.099984
20.125 74.625 -0.77662
20.125 74.875 -0.10193
20.125 75.125 -0.59037
20.125 75.375 -0.84813
20.125 75.625 -1.4098
20.125 75.875 -1.8361
20.125 76.125 -1.717
20.125 76.375 -1.8836
20.125 76.625 -2.0809
20.125 76.875 -1.5535
20.125 77.125 -1.8442
20.125 77.375 -1.6136
20.125 77.625 -1.6027
20.125 77.875 -2.1825
20.125 78.125 -2.0836
20.125 78.375 -2.1427
20.125 78.625 -1.2949
20.125 78.875 -0.83944
20.125 79.125 -1.6821
20.125 79.375 -1.8585
20.125 79.625 0.077416
20.125 79.875 0.17293
20.125 80.125 -2.0249
20.125 80.375 -1.5019
20.125 80.625 -1.5101
20.125 80.875 -0.75613
20.125 81.125 -1.5405
20.125 81.375 0.19491
20.125 81.625 -0.38975
20.125 81.875 1.0293
20.125 82.125 1.459
20.125 82.375 -0.66716
20.125 82.625 0.5521
20.125 82.875 -2.3438
20.125 83.125 -2.0388
20.125 83.375 -2.1247
20.125 83.625 -0.25698
20.125 83.875 -0.22606
20.125 84.125 -0.92881
20.125 84.375 -1.4313
20.125 84.625 -0.14565
20.125 84.875 -1.3638
20.125 85.125 -0.72783
20.125 85.375 -2.3707
20.125 85.625 -1.2408
20.125 85.875 -0.55012
20.125 86.125 -1.6287
NaN NaN NaN
20.375 73.125 0.57826
20.375 73.375 -2.4358
20.375 73.625 -2.4416
20.375 73.875 -2.4071
20.375 74.125 -1.8898
20.375 74.375 -0.9691
20.375 74.625 -1.2561
20.375 74.875 -0.5517
20.375 75.125 -0.23006
20.375 75.375 1.5006
20.375 75.625 -0.066301
20.375 75.875 -2.0173
20.375 76.125 -1.5512
20.375 76.375 -2.2242
20.375 76.625 -2.1239
20.375 76.875 -2.1784
20.375 77.125 -2.3343
20.375 77.375 -2.0728
20.375 77.625 -0.58543
20.375 77.875 -2.2846
20.375 78.125 -2.2671
20.375 78.375 -2.2153
20.375 78.625 -2.0523
20.375 78.875 -1.7286
20.375 79.125 -1.36
20.375 79.375 -1.1955
20.375 79.625 -1.628
20.375 79.875 -1.7064
20.375 80.125 -0.85293
20.375 80.375 -1.9601
20.375 80.625 -1.5213
20.375 80.875 -0.43911
20.375 81.125 0.19296
20.375 81.375 0.030294
20.375 81.625 -0.49503
20.375 81.875 1.321
20.375 82.125 0.62434
20.375 82.375 1.2676
20.375 82.625 0.95589
20.375 82.875 -1.4661
20.375 83.125 -2.3037
20.375 83.375 -2.3814
20.375 83.625 -1.3307
20.375 83.875 -1.1072
20.375 84.125 0.26072
20.375 84.375 -1.1972
20.375 84.625 -1.5572
20.375 84.875 0.15645
20.375 85.125 -0.5235
20.375 85.375 -0.92928
20.375 85.625 0.91514
20.375 85.875 0.70409
20.375 86.125 0.87098
20.375 86.375 0.34337
NaN NaN NaN
20.625 73.125 -1.5872
20.625 73.375 0.022495
20.625 73.625 0.43881
20.625 73.875 -1.9527
20.625 74.125 -0.043076
20.625 74.375 -1.0073
20.625 74.625 -0.38319
20.625 74.875 0.5816
20.625 75.125 -2.225
20.625 75.375 -2.4074
20.625 75.625 -2.343
20.625 75.875 -2.1508
20.625 76.125 -0.66986
20.625 76.375 -1.3815
20.625 76.625 -2.159
20.625 76.875 -2.242
20.625 77.125 -2.0728
20.625 77.375 -0.95198
20.625 77.625 -0.90476
20.625 77.875 -1.6315
20.625 78.125 -0.45804
20.625 78.375 -1.1822
20.625 78.625 -2.0418
20.625 78.875 -1.9428
20.625 79.125 -1.7045
20.625 79.375 -1.4912
20.625 79.625 -1.2998
20.625 79.875 -1.7156
20.625 80.125 -1.9441
20.625 80.375 -2.4262
20.625 80.625 -1.9323
20.625 80.875 -2.4091
20.625 81.125 -1.3535
20.625 81.375 -0.07238
20.625 81.625 0.056752
20.625 81.875 0.76403
20.625 82.125 -1.9433
20.625 82.375 0.89428
20.625 82.625 -0.015412
20.625 82.875 -1.0415
20.625 83.125 -1.5215
20.625 83.375 -2.3821
20.625 83.625 -0.60586
20.625 83.875 -0.77669
20.625 84.125 -1.0032
20.625 84.375 -0.2481
20.625 84.625 0.57074
20.625 84.875 0.070544
20.625 85.125 -0.33482
20.625 85.375 -1.9453
20.625 85.625 -2.1403
20.625 85.875 0.39894
20.625 86.125 0.36938
20.625 86.375 0.88993
20.625 86.625 1.1906
NaN NaN NaN
20.875 70.625 0.24693
20.875 70.875 0.28565
20.875 71.125 0.18183
20.875 71.375 -0.47152
20.875 72.875 -0.11167
20.875 73.125 -1.0302
20.875 73.375 -1.6483
20.875 73.625 -0.73002
20.875 73.875 1.5383
20.875 74.125 -1.7665
20.875 74.375 -2.3403
20.875 74.625 -0.29566
20.875 74.875 -0.29822
20.875 75.125 -2.2261
20.875 75.375 -2.3142
20.875 75.625 -2.0517
20.875 75.875 -1.7609
20.875 76.125 -1.8673
20.875 76.375 -2.1232
20.875 76.625 -2.1105
20.875 76.875 -2.126
20.875 77.125 -1.8338
20.875 77.375 -1.717
20.875 77.625 -1.8847
20.875 77.875 -1.8051
20.875 78.125 -0.98666
20.875 78.375 -0.85156
20.875 78.625 -1.6601
20.875 78.875 -1.5548
20.875 79.125 -2.2781
20.875 79.375 -1.4796
20.875 79.625 -1.5735
20.875 79.875 -2.0546
20.875 80.125 -1.889
20.875 80.375 -2.1946
20.875 80.625 0.27307
20.875 80.875 0.41423
20.875 81.125 -1.6198
20.875 81.375 -1.5976
20.875 81.625 -2.4311
20.875 81.875 -0.23781
20.875 82.125 -0.61991
20.875 82.375 -1.1157
20.875 82.625 -2.0878
20.875 82.875 -1.4436
20.875 83.125 -2.1092
20.875 83.375 -2.392
20.875 83.625 -1.5423
20.875 83.875 0.43048
20.875 84.125 -2.3463
20.875 84.375 -2.3428
20.875 84.625 -0.69231
20.875 84.875 -0.64419
20.875 85.125 -1.3145
20.875 85.375 -1.3785
20.875 85.625 -0.87044
20.875 85.875 -0.062267
20.875 86.125 -1.1329
20.875 86.375 1.0445
20.875 86.625 1.3921
21.125 70.375 0.34908
21.125 70.625 -0.26815
21.125 70.875 -1.7205
21.125 71.125 -0.96602
21.125 71.375 -0.1127
NaN NaN NaN
NaN NaN NaN
21.125 72.875 -1.8887
21.125 73.125 -1.7137
21.125 73.375 0.1571
21.125 73.625 -1.4817
21.125 73.875 -1.9672
21.125 74.125 -0.77255
21.125 74.375 -2.3725
21.125 74.625 -1.9636
21.125 74.875 -2.1671
21.125 75.125 -2.3047
21.125 75.375 -2.3263
21.125 75.625 -0.85305
21.125 75.875 -1.0448
21.125 76.125 -0.65108
21.125 76.375 -1.9088
21.125 76.625 -1.9738
21.125 76.875 -2.2408
21.125 77.125 -2.037
21.125 77.375 -1.8664
21.125 77.625 -1.8599
21.125 77.875 -1.5418
21.125 78.125 -2.2199
21.125 78.375 -2.1539
21.125 78.625 -1.9716
21.125 78.875 -1.4221
21.125 79.125 -0.94252
21.125 79.375 -1.5138
21.125 79.625 0.20802
21.125 79.875 -1.904
21.125 80.125 -2.4088
21.125 80.375 -2.424
21.125 80.625 -1.6004
21.125 80.875 -0.9479
21.125 81.125 0.57747
21.125 81.375 1.2819
21.125 81.625 -2.4138
21.125 81.875 -0.34143
21.125 82.125 -1.924
21.125 82.375 -1.0551
21.125 82.625 -2.0493
21.125 82.875 -1.4926
21.125 83.125 -1.9031
21.125 83.375 -2.2716
21.125 83.625 -2.0278
21.125 83.875 0.60545
21.125 84.125 -1.6204
21.125 84.375 1.0836
21.125 84.625 -1.7326
21.125 84.875 -2.4032
21.125 85.125 -0.93925
21.125 85.375 -0.39246
21.125 85.625 -1.0215
21.125 85.875 -0.6618
21.125 86.125 0.50045
21.125 86.375 0.82011
21.125 86.625 0.35801
21.375 70.125 -1.2376
21.375 70.375 -0.6934
21.375 70.625 0.17886
21.375 70.875 -1.3732
21.375 71.125 -0.31267
21.375 71.375 -1.8952
21.375 71.625 -1.561
21.375 71.875 -1.4062
21.375 72.875 -2.2851
21.375 73.125 -0.77712
21.375 73.375 -0.15236
21.375 73.625 -0.68588
21.375 73.875 -1.4403
21.375 74.125 -2.1459
21.375 74.375 -1.9518
21.375 74.625 -1.6067
21.375 74.875 -1.1183
21.375 75.125 0.080446
21.375 75.375 -1.4337
21.375 75.625 -0.088951
21.375 75.875 -1.7863
21.375 76.125 -1.3834
21.375 76.375 -1.3268
21.375 76.625 -1.5376
21.375 76.875 -1.9759
21.375 77.125 -1.8425
21.375 77.375 -0.48472
21.375 77.625 -1.2259
21.375 77.875 -1.6749
21.375 78.125 -1.645
21.375 78.375 -2.1285
21.375 78.625 -1.7294
21.375 78.875 -0.95199
21.375 79.125 -1.0899
21.375 79.375 -1.0527
21.375 79.625 -2.3991
21.375 79.875 -2.443
21.375 80.125 -2.4203
21.375 80.375 -2.3641
21.375 80.625 -2.4376
21.375 80.875 -2.3026
21.375 81.125 -2.3922
21.375 81.375 1.4901
21.375 81.625 -2.287
21.375 81.875 1.1058
21.375 82.125 0.71183
21.375 82.375 -2.3162
21.375 82.625 -2.3825
21.375 82.875 -2.3086
21.375 83.125 -2.4229
21.375 83.375 -1.8291
21.375 83.625 -1.6168
21.375 83.875 -1.338
21.375 84.125 1.0769
21.375 84.375 -0.81339
21.375 84.625 -1.576
21.375 84.875 0.12522
21.375 85.125 0.54344
21.375 85.375 0.52496
21.375 85.625 0.8657
21.375 85.875 0.63183
21.375 86.125 -1.2539
21.375 86.375 1.0718
21.375 86.625 1.0379
21.375 86.875 1.1762
21.625 69.875 -1.6574
21.625 70.125 -1.8379
21.625 70.375 -1.4702
21.625 70.625 -1.0173
21.625 70.875 -0.061077
21.625 71.125 -1.0175
21.625 71.375 -1.563
21.625 71.625 -2.0282
21.625 71.875 -2.0257
21.625 72.125 -1.8337
21.625 72.875 -0.73862
21.625 73.125 -0.5448
21.625 73.375 -0.18317
21.625 73.625 -1.4901
21.625 73.875 -1.5196
21.625 74.125 -0.95987
21.625 74.375 -1.2473
21.625 74.625 -0.92581
21.625 74.875 0.68981
21.625 75.125 0.47844
21.625 75.375 -0.059166
21.625 75.625 -0.54462
21.625 75.875 -1.1536
21.625 76.125 -0.59851
21.625 76.375 -1.2418
21.625 76.625 -1.4641
21.625 76.875 -1.3697
21.625 77.125 -0.51273
21.625 77.375 0.052325
21.625 77.625 -1.9574
21.625 77.875 -0.44122
21.625 78.125 -0.19355
21.625 78.375 -1.8187
21.625 78.625 -1.6149
21.625 78.875 -0.9238
21.625 79.125 -2.2301
21.625 79.375 -2.4158
21.625 79.625 -2.2336
21.625 79.875 -2.4356
21.625 80.125 -2.438
21.625 80.375 -2.3672
21.625 80.625 -2.4365
21.625 80.875 -0.98168
21.625 81.125 -2.4463
21.625 81.375 0.13682
21.625 81.625 -2.2678
21.625 81.875 -2.2597
21.625 82.125 -2.3895
21.625 82.375 -0.98245
21.625 82.625 -1.5737
21.625 82.875 -2.4409
21.625 83.125 -2.4134
21.625 83.375 -2.3594
21.625 83.625 -2.1435
21.625 83.875 -1.6162
21.625 84.125 0.47976
21.625 84.375 -0.32743
21.625 84.625 0.45794
21.625 84.875 -0.33013
21.625 85.125 0.65786
21.625 85.375 0.75377
21.625 85.625 -0.73826
21.625 85.875 -1.9008
21.625 86.125 0.31751
21.625 86.375 1.269
21.625 86.625 0.43883
21.625 86.875 0.48627
21.625 87.125 0.40814
NaN NaN NaN
NaN NaN NaN
21.875 69.625 -1.9604
21.875 69.875 -2.1033
21.875 70.125 -1.9535
21.875 70.375 -0.34757
21.875 70.625 -1.5623
21.875 70.875 -2.1927
21.875 71.125 -1.7349
21.875 71.375 -2.047
21.875 71.625 -1.9402
21.875 71.875 -1.9532
21.875 72.125 -0.58076
NaN NaN NaN
21.875 72.875 -2.0719
21.875 73.125 -0.20158
21.875 73.375 -0.076041
21.875 73.625 -1.0269
21.875 73.875 -2.1039
21.875 74.125 -2.191
21.875 74.375 -2.3878
21.875 74.625 -2.3824
21.875 74.875 -0.92854
21.875 75.125 -0.0084883
21.875 75.375 -0.022497
21.875 75.625 0.062013
21.875 75.875 -0.73194
21.875 76.125 -0.65523
21.875 76.375 -1.163
21.875 76.625 -0.83336
21.875 76.875 -1.0706
21.875 77.125 -0.51129
21.875 77.375 0.16104
21.875 77.625 -0.58259
21.875 77.875 -1.3727
21.875 78.125 -0.51477
21.875 78.375 -0.47704
21.875 78.625 -0.98741
21.875 78.875 -0.76352
21.875 79.125 -1.7672
21.875 79.375 -2.0072
21.875 79.625 -1.7086
21.875 79.875 -1.7677
21.875 80.125 -1.2371
21.875 80.375 0.79625
21.875 80.625 0.5788
21.875 80.875 -2.3881
21.875 81.125 -1.5808
21.875 81.375 -1.8586
21.875 81.625 -0.33929
21.875 81.875 -1.1484
21.875 82.125 -2.426
21.875 82.375 -2.4105
21.875 82.625 0.2168
21.875 82.875 -2.4437
21.875 83.125 -2.2354
21.875 83.375 -2.3527
21.875 83.625 -2.101
21.875 83.875 -1.3246
21.875 84.125 -0.45832
21.875 84.375 0.40549
21.875 84.625 0.70731
21.875 84.875 -0.60639
21.875 85.125 1.3696
21.875 85.375 1.2634
21.875 85.625 -0.72229
21.875 85.875 -1.3595
21.875 86.125 0.37087
21.875 86.375 1.2797
21.875 86.625 0.44263
21.875 86.875 0.36043
21.875 87.125 0.27311
21.875 87.375 -1.8518
21.875 87.625 -1.201
21.875 87.875 -0.33826
21.875 88.375 1.0041
NaN NaN NaN
NaN NaN NaN
22.125 69.125 -1.5347
22.125 69.375 -2.0628
22.125 69.625 -2.2121
22.125 69.875 -2.2843
22.125 70.125 -2.1858
22.125 70.375 -1.0658
22.125 70.625 0.056929
22.125 70.875 -2.2586
22.125 71.125 -2.1606
22.125 71.375 -1.4763
22.125 71.625 -1.5124
22.125 71.875 -1.0341
22.125 72.125 0.46265
NaN NaN NaN
22.125 72.875 -1.7076
22.125 73.125 -1.9021
22.125 73.375 -1.4088
22.125 73.625 -1.6242
22.125 73.875 -1.8434
22.125 74.125 -2.0048
22.125 74.375 -2.1726
22.125 74.625 -2.1017
22.125 74.875 -0.94064
22.125 75.125 -0.95761
22.125 75.375 -1.8457
22.125 75.625 -0.98088
22.125 75.875 -0.64609
22.125 76.125 -0.82392
22.125 76.375 -1.4278
22.125 76.625 -0.82268
22.125 76.875 -1.229
22.125 77.125 -0.53857
22.125 77.375 -0.66555
22.125 77.625 -1.3392
22.125 77.875 -1.0359
22.125 78.125 -1.3559
22.125 78.375 -1.3851
22.125 78.625 -0.95464
22.125 78.875 -0.08195
22.125 79.125 -0.651
22.125 79.375 -0.91417
22.125 79.625 0.22938
22.125 79.875 0.1107
22.125 80.125 0.20294
22.125 80.375 -0.32178
22.125 80.625 0.58441
22.125 80.875 -1.4619
22.125 81.125 -1.6696
22.125 81.375 -1.5901
22.125 81.625 -1.4316
22.125 81.875 0.25378
22.125 82.125 -0.48252
22.125 82.375 -0.14007
22.125 82.625 -0.98036
22.125 82.875 -2.1505
22.125 83.125 -0.73448
22.125 83.375 0.050729
22.125 83.625 -1.3172
22.125 83.875 -0.16806
22.125 84.125 -0.25238
22.125 84.375 -1.0223
22.125 84.625 0.74152
22.125 84.875 -0.052047
22.125 85.125 0.88655
22.125 85.375 1.0148
22.125 85.625 0.14253
22.125 85.875 -0.28913
22.125 86.125 -0.52422
22.125 86.375 0.79335
22.125 86.625 0.12611
22.125 86.875 -0.23789
22.125 87.125 -0.83733
22.125 87.375 -1.4911
22.125 87.625 -1.5806
22.125 87.875 -2.2243
22.125 88.125 -2.3166
22.125 88.375 1.2025
NaN NaN NaN
22.375 69.125 -0.9737
22.375 69.875 -2.0613
22.375 70.125 -2.0838
22.375 70.375 -2.0977
22.375 70.625 -2.0205
22.375 70.875 -2.1347
22.375 71.125 -1.5349
22.375 71.375 -1.6437
22.375 71.625 -2.0984
22.375 71.875 0.40213
22.375 72.125 0.31197
NaN NaN NaN
22.375 72.875 -1.323
22.375 73.125 -1.9633
22.375 73.375 -0.61039
22.375 73.625 -0.567
22.375 73.875 -2.2724
22.375 74.125 -2.2096
22.375 74.375 -2.0097
22.375 74.625 -2.1565
22.375 74.875 -2.119
22.375 75.125 -2.1072
22.375 75.375 -1.3162
22.375 75.625 -1.3824
22.375 75.875 0.017843
22.375 76.125 -0.13357
22.375 76.375 -0.50895
22.375 76.625 0.88128
22.375 76.875 0.34289
22.375 77.125 -0.4177
22.375 77.375 -1.0298
22.375 77.625 -1.1438
22.375 77.875 0.35395
22.375 78.125 -2.3709
22.375 78.375 -0.92729
22.375 78.625 -0.79085
22.375 78.875 0.51657
22.375 79.125 0.47184
22.375 79.375 0.51327
22.375 79.625 0.056805
22.375 79.875 -0.12345
22.375 80.125 0.65257
22.375 80.375 -0.11169
22.375 80.625 0.17609
22.375 80.875 0.20756
22.375 81.125 -2.3217
22.375 81.375 1.4393
22.375 81.625 -0.21347
22.375 81.875 -0.21968
22.375 82.125 0.54138
22.375 82.375 0.64261
22.375 82.625 -0.88005
22.375 82.875 -1.2603
22.375 83.125 -1.558
22.375 83.375 -1.5106
22.375 83.625 -1.684
22.375 83.875 -0.6331
22.375 84.125 -1.8517
22.375 84.375 -1.0344
22.375 84.625 -0.3724
22.375 84.875 -0.094474
22.375 85.125 0.10794
22.375 85.375 0.92491
22.375 85.625 0.02156
22.375 85.875 0.033558
22.375 86.125 0.5229
22.375 86.375 0.19233
22.375 86.625 0.21235
22.375 86.875 -1.2852
22.375 87.125 0.20718
22.375 87.375 -0.60894
22.375 87.625 -0.30618
22.375 87.875 -1.9584
22.375 88.125 -0.80628
22.375 88.375 0.45344
22.375 88.625 0.70659
22.375 88.875 0.71597
NaN NaN NaN
22.625 70.375 -0.50075
22.625 70.625 -1.6974
22.625 70.875 -1.9283
22.625 71.125 -0.96364
22.625 71.375 -0.55412
22.625 71.625 -1.7982
22.625 71.875 -1.8535
22.625 72.125 -0.035192
22.625 72.375 0.19504
22.625 72.625 0.25374
22.625 72.875 -1.9859
22.625 73.125 -2.2317
22.625 73.375 -1.1008
22.625 73.625 -2.1751
22.625 73.875 -2.3512
22.625 74.125 -2.3098
22.625 74.375 -1.6105
22.625 74.625 -2.2016
22.625 74.875 -2.1093
22.625 75.125 -1.9264
22.625 75.375 -0.80243
22.625 75.625 -1.4667
22.625 75.875 -0.50251
22.625 76.125 -0.25214
22.625 76.375 -0.68209
22.625 76.625 0.3891
22.625 76.875 0.89706
22.625 77.125 -0.094017
22.625 77.375 -1.3594
22.625 77.625 -0.63267
22.625 77.875 1.1779
22.625 78.125 0.85016
22.625 78.375 0.32268
22.625 78.625 0.77907
22.625 78.875 0.67621
22.625 79.125 0.67478
22.625 79.375 0.42055
22.625 79.625 0.38464
22.625 79.875 -0.097769
22.625 80.125 0.48182
22.625 80.375 -0.23464
22.625 80.625 -1.7297
22.625 80.875 -0.63049
22.625 81.125 0.59675
22.625 81.375 0.83187
22.625 81.625 0.08287
22.625 81.875 -0.24772
22.625 82.125 -1.0744
22.625 82.375 -2.1112
22.625 82.625 -2.2614
22.625 82.875 -1.6051
22.625 83.125 -1.8982
22.625 83.375 -0.9987
22.625 83.625 -1.277
22.625 83.875 -1.8199
22.625 84.125 -1.8919
22.625 84.375 -1.6698
22.625 84.625 -0.28177
22.625 84.875 -1.2717
22.625 85.125 1.1412
22.625 85.375 0.88711
22.625 85.625 -0.52385
22.625 85.875 0.23449
22.625 86.125 -0.30431
22.625 86.375 -0.55285
22.625 86.625 -1.0444
22.625 86.875 -0.11625
22.625 87.125 -0.78994
22.625 87.375 -0.9286
22.625 87.625 0.028136
22.625 87.875 -1.402
22.625 88.125 1.4048
22.625 88.375 0.70739
22.625 88.625 0.85232
22.625 88.875 0.786
22.625 92.625 0.43349
22.625 92.875 1.5734
NaN NaN NaN
NaN NaN NaN
NaN NaN NaN
22.875 70.625 -1.3055
22.875 70.875 -1.7662
22.875 71.125 -1.9071
22.875 71.375 -1.6964
22.875 71.625 -1.7932
22.875 71.875 -1.794
22.875 72.125 -2.1529
22.875 72.375 -0.024934
22.875 72.625 -1.199
22.875 72.875 -1.7589
22.875 73.125 -1.9581
22.875 73.375 -0.37853
22.875 73.625 -2.0605
22.875 73.875 -2.3637
22.875 74.125 -2.2698
22.875 74.375 -1.8461
22.875 74.625 -1.9297
22.875 74.875 -1.6967
22.875 75.125 -1.7901
22.875 75.375 0.2773
22.875 75.625 -0.49218
22.875 75.875 -0.6584
22.875 76.125 -0.90204
22.875 76.375 -0.33086
22.875 76.625 0.49249
22.875 76.875 -1.5418
22.875 77.125 0.049645
22.875 77.375 -1.9249
22.875 77.625 -1.1418
22.875 77.875 0.24015
22.875 78.125 0.41372
22.875 78.375 1.2971
22.875 78.625 1.2846
22.875 78.875 1.0411
22.875 79.125 0.82495
22.875 79.375 -0.12836
22.875 79.625 -1.1531
22.875 79.875 -0.14566
22.875 80.125 0.12059
22.875 80.375 -0.33101
22.875 80.625 -1.6194
22.875 80.875 0.091883
22.875 81.125 -1.106
22.875 81.375 -0.39354
22.875 81.625 -0.8057
22.875 81.875 0.17808
22.875 82.125 -0.022966
22.875 82.375 -0.2753
22.875 82.625 -1.086
22.875 82.875 -0.46318
22.875 83.125 -2.0302
22.875 83.375 -1.2308
22.875 83.625 -1.6533
22.875 83.875 -0.33345
22.875 84.125 -1.8594
22.875 84.375 -1.0725
22.875 84.625 0.16951
22.875 84.875 -2.3985
22.875 85.125 -2.4314
22.875 85.375 1.8929
22.875 85.625 -1.26
22.875 85.875 0.25332
22.875 86.125 0.6162
22.875 86.375 -1.4402
22.875 86.625 -0.15324
22.875 86.875 1.2948
22.875 87.125 0.77664
22.875 87.375 0.45235
22.875 87.625 0.43631
22.875 87.875 -1.4685
22.875 88.125 -0.70667
22.875 88.375 0.97453
22.875 88.625 1.3771
22.875 92.625 0.42205
22.875 92.875 0.68788
23.125 68.875 -1.2645
23.125 69.125 -1.8601
23.125 69.375 -1.7164
23.125 69.625 -1.6284
23.125 69.875 -1.5666
23.125 70.125 -1.6852
23.125 70.875 0.57473
23.125 71.125 -1.8874
23.125 71.375 -2.0049
23.125 71.625 0.43675
23.125 71.875 -0.48799
23.125 72.125 -2.0635
23.125 72.375 -1.5713
23.125 72.625 -0.41707
23.125 72.875 -0.46875
23.125 73.125 -0.94148
23.125 73.375 -0.55844
23.125 73.625 0.29636
23.125 73.875 -2.262
23.125 74.125 -2.1266
23.125 74.375 -1.4344
23.125 74.625 -1.6272
23.125 74.875 -0.87901
23.125 75.125 -1.3257
23.125 75.375 -1.8196
23.125 75.625 -1.0113
23.125 75.875 0.072033
23.125 76.125 -0.78016
23.125 76.375 -0.010151
23.125 76.625 -0.25293
23.125 76.875 -0.1055
23.125 77.125 -0.4546
23.125 77.375 -0.97422
23.125 77.625 -1.175
23.125 77.875 0.39124
23.125 78.125 0.17265
23.125 78.375 0.31879
23.125 78.625 -0.64537
23.125 78.875 0.42185
23.125 79.125 0.34258
23.125 79.375 0.56324
23.125 79.625 -1.1861
23.125 79.875 0.2203
23.125 80.125 0.19893
23.125 80.375 -0.15141
23.125 80.625 0.40654
23.125 80.875 1.2991
23.125 81.125 0.99331
23.125 81.375 -0.2879
23.125 81.625 -2.3112
23.125 81.875 -0.3906
23.125 82.125 -0.13741
23.125 82.375 -1.8722
23.125 82.625 -0.52363
23.125 82.875 -1.0427
23.125 83.125 -1.8655
23.125 83.375 -0.47066
23.125 83.625 -0.43509
23.125 83.875 0.73392
23.125 84.125 -1.1152
23.125 84.375 -0.96228
23.125 84.625 -1.5927
23.125 84.875 -2.0625
23.125 85.125 -2.3702
23.125 85.375 1.7249
23.125 85.625 0.80574
23.125 85.875 -0.93938
23.125 86.125 -1.0307
23.125 86.375 -1.6456
23.125 86.625 0.11436
23.125 86.875 0.080889
23.125 87.125 -0.3367
23.125 87.375 -0.87721
23.125 87.625 -1.8105
23.125 87.875 -1.6978
23.125 88.125 -0.33157
23.125 88.375 0.42572
23.125 88.625 0.48779
NaN NaN NaN
23.125 92.625 -2.4463
23.125 92.875 -2.4308
NaN NaN NaN
23.375 68.875 -1.5945
23.375 69.125 -1.641
23.375 69.375 -1.6384
23.375 69.625 -0.52954
23.375 69.875 -0.3922
23.375 70.125 -1.0968
23.375 70.375 -2.0208
23.375 70.625 -1.8208
23.375 70.875 -1.91
23.375 71.125 -1.7709
23.375 71.375 -1.3287
23.375 71.625 -1.9789
23.375 71.875 -1.0382
23.375 72.125 -1.7526
23.375 72.375 -1.0856
23.375 72.625 -1.1816
23.375 72.875 -0.76029
23.375 73.125 -0.57851
23.375 73.375 -0.015781
23.375 73.625 -0.1052
23.375 73.875 -0.80044
23.375 74.125 -1.3868
23.375 74.375 -0.49231
23.375 74.625 -0.52519
23.375 74.875 -0.5637
23.375 75.125 0.11654
23.375 75.375 0.8887
23.375 75.625 -1.3217
23.375 75.875 0.27968
23.375 76.125 0.76181
23.375 76.375 0.51949
23.375 76.625 -0.9223
23.375 76.875 -1.0891
23.375 77.125 -0.39063
23.375 77.375 -0.74913
23.375 77.625 -0.91278
23.375 77.875 0.72502
23.375 78.125 0.16032
23.375 78.375 -0.74064
23.375 78.625 -0.099761
23.375 78.875 0.91441
23.375 79.125 0.10793
23.375 79.375 -0.24351
23.375 79.625 0.7581
23.375 79.875 -0.51719
23.375 80.125 -0.70887
23.375 80.375 -0.19442
23.375 80.625 0.2152
23.375 80.875 0.26604
23.375 81.125 0.96667
23.375 81.375 1.0749
23.375 81.625 -0.061667
23.375 81.875 -0.49409
23.375 82.125 -0.5086
23.375 82.375 1.0012
23.375 82.625 -0.15979
23.375 82.875 -0.91485
23.375 83.125 1.1327
23.375 83.375 -0.85273
23.375 83.625 -1.1441
23.375 83.875 -1.1135
23.375 84.125 -1.9909
23.375 84.375 -0.81781
23.375 84.625 -0.99651
23.375 84.875 -0.17084
23.375 85.125 -2.3979
23.375 85.375 1.0111
23.375 85.625 0.33874
23.375 85.875 -0.29648
23.375 86.125 -0.23264
23.375 86.375 -1.156
23.375 86.625 0.6932
23.375 86.875 -0.44505
23.375 87.125 -1.6337
23.375 87.375 -1.4162
23.375 87.625 -2.177
23.375 87.875 -1.6271
23.375 88.125 -1.092
23.375 88.375 -0.38776
23.375 88.625 -0.14964
23.375 91.375 -0.22483
23.375 91.625 -0.17799
23.375 92.625 -2.4271
23.375 92.875 -2.3845
23.375 93.125 -2.2461
23.625 68.625 -1.2244
23.625 68.875 -1.3119
23.625 69.125 -0.43823
23.625 69.375 -0.30243
23.625 69.625 -1.9436
23.625 69.875 -0.91061
23.625 70.125 -0.43495
23.625 70.375 0.5119
23.625 70.625 0.54804
23.625 70.875 -0.57734
23.625 71.125 -1.8787
23.625 71.375 0.3839
23.625 71.625 -1.4103
23.625 71.875 -1.6383
23.625 72.125 -1.6616
23.625 72.375 -1.9537
23.625 72.625 -1.0877
23.625 72.875 -1.237
23.625 73.125 -1.1222
23.625 73.375 -1.9275
23.625 73.625 -1.3988
23.625 73.875 -1.1351
23.625 74.125 -0.061299
23.625 74.375 -0.29174
23.625 74.625 0.28402
23.625 74.875 -0.78382
23.625 75.125 -1.3364
23.625 75.375 0.7354
23.625 75.625 0.61505
23.625 75.875 1.1429
23.625 76.125 1.559
23.625 76.375 1.0149
23.625 76.625 -0.48828
23.625 76.875 -1.6484
23.625 77.125 -0.69161
23.625 77.375 -0.42929
23.625 77.625 -0.72801
23.625 77.875 0.71961
23.625 78.125 0.075136
23.625 78.375 -0.10857
23.625 78.625 0.58488
23.625 78.875 0.74822
23.625 79.125 0.93979
23.625 79.375 0.7977
23.625 79.625 0.70411
23.625 79.875 0.84683
23.625 80.125 -0.28881
23.625 80.375 -1.1739
23.625 80.625 0.67949
23.625 80.875 1.0772
23.625 81.125 0.17414
23.625 81.375 0.75335
23.625 81.625 1.4375
23.625 81.875 0.22946
23.625 82.125 -1.4527
23.625 82.375 -0.99312
23.625 82.625 -1.0728
23.625 82.875 0.23744
23.625 83.125 -0.16268
23.625 83.375 0.79364
23.625 83.625 0.19872
23.625 83.875 -0.88923
23.625 84.125 -1.101
23.625 84.375 0.20596
23.625 84.625 -0.16513
23.625 84.875 0.34171
23.625 85.125 -0.41492
23.625 85.375 -2.251
23.625 85.625 0.12364
23.625 85.875 0.95167
23.625 86.125 -2.3672
23.625 86.375 -1.7847
23.625 86.625 0.7968
23.625 86.875 -1.4709
23.625 87.125 -1.2442
23.625 87.375 -1.8354
23.625 87.625 -1.1732
23.625 87.875 -2.1155
23.625 88.125 -1.7774
23.625 88.375 -0.77596
23.625 91.375 -1.7171
23.625 91.625 -1.4944
NaN NaN NaN
23.625 92.375 -2.4195
23.625 92.625 -2.1475
23.625 92.875 -2.325
23.625 93.125 -2.4435
23.875 68.875 -0.69539
23.875 69.125 -0.2426
23.875 69.375 -0.43668
23.875 69.625 -0.11039
23.875 69.875 0.86101
23.875 70.125 -1.3705
23.875 70.375 0.8295
23.875 70.625 1.0337
23.875 70.875 0.72214
23.875 71.125 -0.14184
23.875 71.375 -0.16781
23.875 71.625 -1.3645
23.875 71.875 -0.86997
23.875 72.125 -1.0249
23.875 72.375 -1.6533
23.875 72.625 -0.78792
23.875 72.875 -0.76024
23.875 73.125 -1.2123
23.875 73.375 -2.2427
23.875 73.625 -1.899
23.875 73.875 -0.31527
23.875 74.125 -0.13095
23.875 74.375 -0.2511
23.875 74.625 -0.36726
23.875 74.875 0.19181
23.875 75.125 0.04991
23.875 75.375 1.1412
23.875 75.625 0.70215
23.875 75.875 0.85133
23.875 76.125 0.88172
23.875 76.375 0.86606
23.875 76.625 -0.30888
23.875 76.875 0.98857
23.875 77.125 0.58074
23.875 77.375 0.34104
23.875 77.625 0.28887
23.875 77.875 0.32213
23.875 78.125 0.47887
23.875 78.375 0.34599
23.875 78.625 -0.026414
23.875 78.875 0.44264
23.875 79.125 0.72481
23.875 79.375 1.0157
23.875 79.625 0.725
23.875 79.875 0.093244
23.875 80.125 -0.55404
23.875 80.375 -0.74331
23.875 80.625 0.58815
23.875 80.875 0.88164
23.875 81.125 0.23255
23.875 81.375 0.75502
23.875 81.625 0.72294
23.875 81.875 -0.53418
23.875 82.125 -0.34639
23.875 82.375 0.91933
23.875 82.625 1.3515
23.875 82.875 0.96647
23.875 83.125 -0.30253
23.875 83.375 -0.04729
23.875 83.625 0.19156
23.875 83.875 0.10579
23.875 84.125 -0.41934
23.875 84.375 -0.74046
23.875 84.625 -1.0646
23.875 84.875 -1.6421
23.875 85.125 -1.1715
23.875 85.375 -2.1601
23.875 85.625 -2.344
23.875 85.875 -2.1145
23.875 86.125 -1.2729
23.875 86.375 -0.22895
23.875 86.625 0.17189
23.875 86.875 -2.0089
23.875 87.125 -1.6951
23.875 87.375 -0.9257
23.875 87.625 -2.3375
23.875 87.875 -1.912
23.875 88.125 -2.0151
23.875 88.375 -1.2059
23.875 91.375 -2.1899
23.875 91.625 -1.1289
23.875 91.875 -2.4358
23.875 92.125 -2.421
23.875 92.375 -2.4187
23.875 92.625 -1.9519
23.875 92.875 -2.3263
23.875 93.125 -2.4449
23.875 93.375 -1.3277
24.125 68.875 -0.60757
24.125 69.125 -0.75377
24.125 69.375 0.27259
24.125 69.625 -1.7424
24.125 69.875 -1.5927
24.125 70.125 -1.8878
24.125 70.375 -1.0511
24.125 70.625 -0.5026
24.125 70.875 -0.95588
24.125 71.125 -1.1019
24.125 71.375 -0.72773
24.125 71.625 -1.5065
24.125 71.875 -0.79543
24.125 72.125 -1.0185
24.125 72.375 -0.35186
24.125 72.625 -0.71975
24.125 72.875 -0.35838
24.125 73.125 -1.2751
24.125 73.375 -2.0967
24.125 73.625 -2.3153
24.125 73.875 -0.6948
24.125 74.125 -0.86298
24.125 74.375 -0.91117
24.125 74.625 -0.58902
24.125 74.875 -0.39099
24.125 75.125 -0.96848
24.125 75.375 1.1509
24.125 75.625 0.8442
24.125 75.875 0.63182
24.125 76.125 0.26382
24.125 76.375 1.0697
24.125 76.625 1.0349
24.125 76.875 1.3921
24.125 77.125 0.84232
24.125 77.375 0.39498
24.125 77.625 0.49562
24.125 77.875 1.3667
24.125 78.125 0.73799
24.125 78.375 0.44281
24.125 78.625 0.070423
24.125 78.875 -0.74321
24.125 79.125 -0.11128
24.125 79.375 0.39531
24.125 79.625 -0.86492
24.125 79.875 0.27022
24.125 80.125 0.021008
24.125 80.375 -1.6107
24.125 80.625 0.25929
24.125 80.875 0.11988
24.125 81.125 0.2305
24.125 81.375 0.78792
24.125 81.625 0.52843
24.125 81.875 0.79911
24.125 82.125 0.81587
24.125 82.375 0.8256
24.125 82.625 0.16517
24.125 82.875 0.060404
24.125 83.125 -0.051994
24.125 83.375 -1.9756
24.125 83.625 -1.2237
24.125 83.875 0.022628
24.125 84.125 -0.31632
24.125 84.375 -0.67845
24.125 84.625 -1.5761
24.125 84.875 -1.6097
24.125 85.125 -1.9579
24.125 85.375 -1.2726
24.125 85.625 -2.1641
24.125 85.875 -2.1641
24.125 86.125 -1.018
24.125 86.375 -1.951
24.125 86.625 -1.3226
24.125 86.875 -1.1833
24.125 87.125 -1.3214
24.125 87.375 -0.39216
24.125 87.625 -1.7567
24.125 87.875 -1.5339
24.125 88.125 -0.69712
24.125 88.375 -0.18664
24.125 91.875 -2.4457
24.125 92.125 -2.3607
24.125 92.375 -2.4302
24.125 92.625 -1.6853
24.125 92.875 -2.3872
24.125 93.125 -2.4459
24.125 93.375 -2.436
24.125 93.625 -2.4286
24.125 93.875 -2.2913
NaN NaN NaN
24.375 71.375 -1.5874
24.375 71.625 -0.35665
24.375 71.875 -1.4841
24.375 72.125 -1.341
24.375 72.375 -1.1155
24.375 72.625 -1.391
24.375 72.875 -0.28177
24.375 73.125 -0.30498
24.375 73.375 -0.63405
24.375 73.625 -2.2
24.375 73.875 -1.3884
24.375 74.125 -1.0214
24.375 74.375 -0.53679
24.375 74.625 -1.5682
24.375 74.875 -1.29
24.375 75.125 -0.59528
24.375 75.375 0.17823
24.375 75.625 0.92925
24.375 75.875 -0.020426
24.375 76.125 -1.7935
24.375 76.375 0.41377
24.375 76.625 1.1902
24.375 76.875 1.1917
24.375 77.125 0.89518
24.375 77.375 0.187
24.375 77.625 0.099212
24.375 77.875 2.0225
24.375 78.125 0.78573
24.375 78.375 0.48688
24.375 78.625 -0.47457
24.375 78.875 0.16221
24.375 79.125 0.25338
24.375 79.375 -0.19689
24.375 79.625 -0.081599
24.375 79.875 -0.89695
24.375 80.125 -2.2336
24.375 80.375 1.0592
24.375 80.625 1.275
24.375 80.875 0.19814
24.375 81.125 0.46419
24.375 81.375 0.7072
24.375 81.625 0.93132
24.375 81.875 0.65244
24.375 82.125 0.24404
24.375 82.375 0.50471
24.375 82.625 0.10725
24.375 82.875 -0.011332
24.375 83.125 -0.91148
24.375 83.375 -1.1354
24.375 83.625 -1.8161
24.375 83.875 -0.59611
24.375 84.125 0.04546
24.375 84.375 -1.3664
24.375 84.625 -1.4621
24.375 84.875 -2.3593
24.375 85.125 -1.1147
24.375 85.375 -1.4297
24.375 85.625 -1.3989
24.375 85.875 -2.3208
24.375 86.125 -2.3342
24.375 86.375 -1.4449
24.375 86.625 -1.7274
24.375 86.875 -0.87758
24.375 87.125 -2.0361
24.375 87.375 -2.3949
24.375 87.625 -1.7933
24.375 87.875 -1.5128
24.375 88.125 0.69001
24.375 92.375 -2.4095
24.375 92.625 -2.4027
24.375 92.875 -2.4257
24.375 93.125 -2.4407
24.375 93.375 -2.4401
24.375 93.625 -2.3954
24.375 93.875 -2.4065
24.375 94.125 -1.0935
24.625 71.125 -0.89488
24.625 71.375 -0.45877
24.625 71.625 -1.1101
24.625 71.875 -1.1635
24.625 72.125 -1.0191
24.625 72.375 -0.98274
24.625 72.625 -1.6561
24.625 72.875 -1.6762
24.625 73.125 -1.4761
24.625 73.375 -0.95298
24.625 73.625 -1.5253
24.625 73.875 -1.8625
24.625 74.125 -1.1639
24.625 74.375 -0.3164
24.625 74.625 -0.55749
24.625 74.875 -1.2018
24.625 75.125 -1.6508
24.625 75.375 -0.46618
24.625 75.625 -0.33757
24.625 75.875 -0.97194
24.625 76.125 -0.79241
24.625 76.375 0.13182
24.625 76.625 0.41293
24.625 76.875 1.1516
24.625 77.125 1.0033
24.625 77.375 0.31037
24.625 77.625 -0.60584
24.625 77.875 -0.15406
24.625 78.125 0.16325
24.625 78.375 -0.32713
24.625 78.625 -0.23059
24.625 78.875 0.68326
24.625 79.125 0.33372
24.625 79.375 0.093376
24.625 79.625 0.62129
24.625 79.875 0.1858
24.625 80.125 -2.1662
24.625 80.375 -2.1999
24.625 80.625 -2.2433
24.625 80.875 -0.51979
24.625 81.125 0.0062573
24.625 81.375 1.3013
24.625 81.625 1.2841
24.625 81.875 1.0876
24.625 82.125 -0.13585
24.625 82.375 -0.54447
24.625 82.625 -0.08061
24.625 82.875 0.74196
24.625 83.125 0.056933
24.625 83.375 -0.94466
24.625 83.625 -0.53136
24.625 83.875 -0.70647
24.625 84.125 -0.26881
24.625 84.375 -0.0087622
24.625 84.625 -2.1904
24.625 84.875 -1.0335
24.625 85.125 -0.8157
24.625 85.375 -1.6898
24.625 85.625 -2.3069
24.625 85.875 -2.4049
24.625 86.125 -1.6869
24.625 86.375 -0.57622
24.625 86.625 -0.109
24.625 86.875 -1.5472
24.625 87.125 -2.323
24.625 87.375 -2.3171
24.625 87.625 -1.6855
24.625 87.875 -0.68535
24.625 92.375 -1.4095
24.625 92.625 -2.1376
24.625 92.875 -2.3655
24.625 93.125 -2.4127
24.625 93.375 -2.4179
24.625 93.625 -2.1091
24.625 93.875 -0.37603
24.625 94.125 -0.30637
NaN NaN NaN
24.875 71.125 -1.5687
24.875 71.375 -0.35931
24.875 71.625 -0.75737
24.875 71.875 -1.0211
24.875 72.125 -1.4068
24.875 72.375 -1.3791
24.875 72.625 -1.7194
24.875 72.875 -1.8652
24.875 73.125 -2.0632
24.875 73.375 -0.99622
24.875 73.625 -1.5931
24.875 73.875 -1.3595
24.875 74.125 -0.74915
24.875 74.375 -0.017274
24.875 74.625 -0.52158
24.875 74.875 -1.2394
24.875 75.125 -2.0127
24.875 75.375 -1.6257
24.875 75.625 -1.2674
24.875 75.875 0.42504
24.875 76.125 -0.41585
24.875 76.375 -0.044146
24.875 76.625 0.61976
24.875 76.875 1.3106
24.875 77.125 0.95002
24.875 77.375 1.05
24.875 77.625 0.87569
24.875 77.875 1.1645
24.875 78.125 0.88252
24.875 78.375 -0.10859
24.875 78.625 -0.21022
24.875 78.875 0.70132
24.875 79.125 0.61513
24.875 79.375 0.62174
24.875 79.625 0.83968
24.875 79.875 1.3681
24.875 80.125 -2.215
24.875 80.375 -2.157
24.875 80.625 -0.095739
24.875 80.875 -1.4063
24.875 81.125 0.012794
24.875 81.375 -1.913
24.875 81.625 1.2138
24.875 81.875 0.83684
24.875 82.125 -1.9683
24.875 82.375 -0.65055
24.875 82.625 0.78999
24.875 82.875 -1.0808
24.875 83.125 -1.4015
24.875 83.375 -0.8965
24.875 83.625 0.02025
24.875 83.875 -0.50546
24.875 84.125 -0.78024
24.875 84.375 -1.1647
24.875 84.625 -1.679
24.875 84.875 -1.2286
24.875 85.125 -0.74098
24.875 85.375 -1.9085
24.875 85.625 -0.56914
24.875 85.875 -1.0127
24.875 86.125 -1.4946
24.875 86.375 -1.1774
24.875 86.625 -1.4112
24.875 86.875 -1.0543
24.875 87.125 -2.3169
24.875 87.375 -2.3073
24.875 87.625 -0.79393
24.875 87.875 -0.4145
24.875 88.125 0.69633
24.875 92.625 -2.3881
24.875 92.875 -0.73086
24.875 93.125 -2.3586
24.875 93.375 -1.8614
24.875 93.625 -1.8636
24.875 93.875 -0.47793
24.875 94.125 -1.0402
24.875 94.375 -0.27317
25.125 71.125 -1.3237
25.125 71.375 -0.40482
25.125 71.625 -1.0166
25.125 71.875 -1.3381
25.125 72.125 -1.3156
25.125 72.375 -1.4232
25.125 72.625 -1.7496
25.125 72.875 -1.6386
25.125 73.125 -1.8156
25.125 73.375 -1.7646
25.125 73.625 -1.3428
25.125 73.875 -1.1969
25.125 74.125 -0.77152
25.125 74.375 -1.4886
25.125 74.625 -1.609
25.125 74.875 -1.0694
25.125 75.125 -1.7134
25.125 75.375 -0.15549
25.125 75.625 -0.57004
25.125 75.875 -1.4098
25.125 76.125 -0.56907
25.125 76.375 -0.15724
25.125 76.625 0.95068
25.125 76.875 1.2072
25.125 77.125 1.2699
25.125 77.375 0.74362
25.125 77.625 0.93324
25.125 77.875 1.7985
25.125 78.125 1.2488
25.125 78.375 0.69821
25.125 78.625 0.24433
25.125 78.875 0.25323
25.125 79.125 0.6625
25.125 79.375 0.68262
25.125 79.625 0.72958
25.125 79.875 0.95398
25.125 80.125 0.014126
25.125 80.375 0.15641
25.125 80.625 -0.60337
25.125 80.875 -1.351
25.125 81.125 -1.0525
25.125 81.375 0.059743
25.125 81.625 -2.1587
25.125 81.875 0.45011
25.125 82.125 0.14812
25.125 82.375 0.6994
25.125 82.625 -1.8116
25.125 82.875 -1.1781
25.125 83.125 -1.3056
25.125 83.375 -1.1697
25.125 83.625 0.42032
25.125 83.875 -2.1684
25.125 84.125 -1.7005
25.125 84.375 -0.65722
25.125 84.625 -1.0123
25.125 84.875 -1.581
25.125 85.125 -1.0027
25.125 85.375 -1.6704
25.125 85.625 0.038316
25.125 85.875 -0.18489
25.125 86.125 -0.38707
25.125 86.375 -1.0097
25.125 86.625 -0.073868
25.125 86.875 -0.95431
25.125 87.125 -1.235
25.125 87.375 -1.8639
25.125 87.625 -0.84897
25.125 87.875 -0.7576
25.125 88.125 -2.3597
25.125 88.375 -1.2291
25.125 92.375 -2.3891
25.125 92.625 -2.2814
25.125 92.875 -2.4047
25.125 93.125 -1.6024
25.125 93.375 -2.0636
25.125 93.625 -1.1938
25.125 93.875 -0.44371
25.125 94.125 -0.93737
25.125 94.375 -0.57242
25.375 70.875 -0.013888
25.375 71.125 -0.15512
25.375 71.375 0.00060488
25.375 71.625 -0.60917
25.375 71.875 -0.95404
25.375 72.125 -1.022
25.375 72.375 -1.4658
25.375 72.625 -1.4106
25.375 72.875 -1.4523
25.375 73.125 -1.5287
25.375 73.375 -1.3778
25.375 73.625 -1.3535
25.375 73.875 -1.4786
25.375 74.125 -1.0708
25.375 74.375 -1.6167
25.375 74.625 -1.3731
25.375 74.875 -1.2478
25.375 75.125 -1.6081
25.375 75.375 -0.74846
25.375 75.625 0.49983
25.375 75.875 -0.12054
25.375 76.125 -0.12572
25.375 76.375 0.084166
25.375 76.625 0.124
25.375 76.875 1.0629
25.375 77.125 1.1971
25.375 77.375 0.93044
25.375 77.625 1.3444
25.375 77.875 1.6067
25.375 78.125 0.35055
25.375 78.375 1.0257
25.375 78.625 -0.81655
25.375 78.875 -1.2784
25.375 79.125 0.016424
25.375 79.375 0.80394
25.375 79.625 0.79816
25.375 79.875 0.67512
25.375 80.125 0.63455
25.375 80.375 0.37172
25.375 80.625 0.15088
25.375 80.875 -2.165
25.375 81.125 -1.0535
25.375 81.375 -0.35982
25.375 81.625 -2.186
25.375 81.875 -2.0381
25.375 82.125 -1.9574
25.375 82.375 -2.1228
25.375 82.625 -2.2359
25.375 82.875 -1.9155
25.375 83.125 -1.8478
25.375 83.375 -0.2425
25.375 83.625 -0.21627
25.375 83.875 -0.17804
25.375 84.125 -0.13228
25.375 84.375 -1.3702
25.375 84.625 -1.9112
25.375 84.875 0.085131
25.375 85.125 -1.3138
25.375 85.375 -2.2842
25.375 85.625 -0.14673
25.375 85.875 0.13932
25.375 86.125 1.0531
25.375 86.375 -0.77254
25.375 86.625 -2.3871
25.375 86.875 -0.46666
25.375 87.125 -1.5966
25.375 87.375 -0.88116
25.375 87.625 0.18717
25.375 87.875 0.049438
25.375 88.125 -2.2414
25.375 88.375 -0.32708
25.375 88.625 -0.32689
25.375 90.125 0.072137
25.375 90.375 -0.94979
25.375 90.625 0.25172
25.375 90.875 0.30736
25.375 91.125 -0.39011
25.375 91.375 -1.929
25.375 91.625 -2.0049
25.375 91.875 -1.826
25.375 92.125 -2.4096
25.375 92.375 -2.3547
25.375 92.625 -2.2147
25.375 92.875 -1.6506
25.375 93.125 -2.0811
25.375 93.375 -1.4478
25.375 93.625 -1.2259
25.375 93.875 -0.97476
25.375 94.125 -0.86587
25.375 94.375 0.057302
25.625 70.875 -0.1171
25.625 71.125 -0.32351
25.625 71.375 -0.23904
25.625 71.625 -0.11035
25.625 71.875 -0.4396
25.625 72.125 -0.12931
25.625 72.375 0.11359
25.625 72.625 -1.0332
25.625 72.875 -1.0797
25.625 73.125 -1.2137
25.625 73.375 -1.1236
25.625 73.625 -1.0618
25.625 73.875 -0.98775
25.625 74.125 -0.36025
25.625 74.375 -0.97453
25.625 74.625 -1.1227
25.625 74.875 0.18507
25.625 75.125 -1.6404
25.625 75.375 -1.2308
25.625 75.625 0.51298
25.625 75.875 0.90051
25.625 76.125 0.60226
25.625 76.375 0.17134
25.625 76.625 0.6877
25.625 76.875 1.3419
25.625 77.125 0.4469
25.625 77.375 1.011
25.625 77.625 0.84099
25.625 77.875 1.3044
25.625 78.125 -0.62369
25.625 78.375 -0.53734
25.625 78.625 -0.086029
25.625 78.875 -0.971
25.625 79.125 1.1071
25.625 79.375 1.4251
25.625 79.625 0.33811
25.625 79.875 -0.0055612
25.625 80.125 -0.3547
25.625 80.375 -0.093132
25.625 80.625 -1.6182
25.625 80.875 -0.95329
25.625 81.125 -1.9081
25.625 81.375 -2.1434
25.625 81.625 -1.644
25.625 81.875 -1.5067
25.625 82.125 -2.0872
25.625 82.375 -2.2523
25.625 82.625 -2.2982
25.625 82.875 -2.3256
25.625 83.125 -1.9116
25.625 83.375 -2.0359
25.625 83.625 -1.496
25.625 83.875 -1.5179
25.625 84.125 -1.7265
25.625 84.375 -1.9737
25.625 84.625 -0.57809
25.625 84.875 -0.8262
25.625 85.125 -1.4438
25.625 85.375 -1.7506
25.625 85.625 -1.1159
25.625 85.875 0.13827
25.625 86.125 -1.017
25.625 86.375 -0.83898
25.625 86.625 -1.0875
25.625 86.875 0.26434
25.625 87.125 -0.80525
25.625 87.375 -1.0832
25.625 87.625 -0.014365
25.625 87.875 -0.017843
25.625 88.125 -0.87782
25.625 90.125 -2.2718
25.625 90.375 -0.62696
25.625 90.625 -0.28957
25.625 90.875 -2.1114
25.625 91.125 -1.3974
25.625 91.375 -1.9368
25.625 91.625 -1.3864
25.625 91.875 -1.4994
25.625 92.125 -2.3766
25.625 92.375 -2.2655
25.625 92.625 -2.4031
25.625 92.875 -2.2822
25.625 93.125 -2.2165
25.625 93.375 -2.3665
25.625 93.625 -2.0444
25.625 93.875 -0.02001
25.625 94.125 0.91101
25.625 94.375 -2.1337
NaN NaN NaN
NaN NaN NaN
25.875 70.375 0.51556
25.875 70.625 -0.095242
25.875 70.875 -0.20938
25.875 71.125 -0.35596
25.875 71.375 -0.3533
25.875 71.625 -0.66744
25.875 71.875 -0.29252
25.875 72.125 0.21333
25.875 72.375 -0.010425
25.875 72.625 -1.0015
25.875 72.875 -1.0415
25.875 73.125 -1.2775
25.875 73.375 -0.93628
25.875 73.625 -0.47296
25.875 73.875 -0.54903
25.875 74.125 -0.49869
25.875 74.375 -0.60116
25.875 74.625 0.22825
25.875 74.875 -1.0624
25.875 75.125 -0.58836
25.875 75.375 -1.3758
25.875 75.625 -0.76398
25.875 75.875 0.67473
25.875 76.125 0.025615
25.875 76.375 0.44076
25.875 76.625 0.6557
25.875 76.875 0.60922
25.875 77.125 -1.212
25.875 77.375 -0.164
25.875 77.625 0.74964
25.875 77.875 0.5964
25.875 78.125 1.0997
25.875 78.375 1.3908
25.875 78.625 1.3025
25.875 78.875 0.16508
25.875 79.125 0.1272
25.875 79.375 -0.35589
25.875 79.625 -0.36573
25.875 79.875 0.15859
25.875 80.125 -0.29431
25.875 80.375 -2.0024
25.875 80.625 -0.91246
25.875 80.875 -1.531
25.875 81.125 -1.4555
25.875 81.375 -1.9738
25.875 81.625 -0.39211
25.875 81.875 -0.95448
25.875 82.125 -2.3346
25.875 82.375 -1.8893
25.875 82.625 -2.1737
25.875 82.875 -0.46799
25.875 83.125 -2.0147
25.875 83.375 -2.3751
25.875 83.625 -0.81319
25.875 83.875 -1.4191
25.875 84.125 -0.030494
25.875 84.375 -2.037
25.875 84.625 -1.1618
25.875 84.875 -1.4311
25.875 85.125 -1.1748
25.875 85.375 -1.4089
25.875 85.625 -0.33383
25.875 85.875 -0.88006
25.875 86.125 -1.415
25.875 86.375 -0.49521
25.875 86.625 0.76968
25.875 86.875 -0.038792
25.875 87.125 -2.0466
25.875 87.375 -0.42441
25.875 87.625 -0.95552
25.875 87.875 -2.236
25.875 90.125 -0.88061
25.875 90.375 -1.1346
25.875 90.625 -1.0773
25.875 90.875 -1.8855
25.875 91.125 -1.7987
25.875 91.375 -1.6284
25.875 91.625 -1.7554
25.875 91.875 -2.4371
25.875 92.125 -2.4251
25.875 92.375 -2.135
25.875 92.625 -1.537
25.875 92.875 -1.7368
25.875 93.125 -2.2288
25.875 93.375 -2.4033
25.875 93.625 -1.8934
25.875 93.875 0.026713
25.875 94.125 -0.32376
25.875 94.375 -1.4888
25.875 94.625 -2.1915
25.875 94.875 0.64289
26.125 70.375 0.37973
26.125 70.625 -0.29847
26.125 70.875 -0.2441
26.125 71.125 0.14077
26.125 71.375 -0.086656
26.125 71.625 -0.098605
26.125 71.875 0.2874
26.125 72.125 0.017279
26.125 72.375 -0.1531
26.125 72.625 -0.89376
26.125 72.875 -1.0892
26.125 73.125 -0.87968
26.125 73.375 -0.85358
26.125 73.625 0.14707
26.125 73.875 -0.010615
26.125 74.125 -1.2526
26.125 74.375 -0.86917
26.125 74.625 -0.87294
26.125 74.875 0.26502
26.125 75.125 0.86931
26.125 75.375 -0.7675
26.125 75.625 -0.82365
26.125 75.875 -0.92899
26.125 76.125 -0.87187
26.125 76.375 0.1647
26.125 76.625 0.66564
26.125 76.875 0.27076
26.125 77.125 0.098223
26.125 77.375 -0.48987
26.125 77.625 0.53269
26.125 77.875 0.52143
26.125 78.125 1.1304
26.125 78.375 1.2999
26.125 78.625 0.77082
26.125 78.875 -0.44286
26.125 79.125 0.51538
26.125 79.375 0.32144
26.125 79.625 -1.4109
26.125 79.875 -2.1287
26.125 80.125 -0.66744
26.125 80.375 -0.67682
26.125 80.625 -2.0918
26.125 80.875 -0.26055
26.125 81.125 -0.50457
26.125 81.375 -1.9894
26.125 81.625 -1.2037
26.125 81.875 0.10802
26.125 82.125 -1.9508
26.125 82.375 -1.6548
26.125 82.625 -1.4897
26.125 82.875 -1.0676
26.125 83.125 -1.6923
26.125 83.375 -2.2012
26.125 83.625 -1.865
26.125 83.875 -0.25101
26.125 84.125 0.35937
26.125 84.375 -1.2064
26.125 84.625 -1.0649
26.125 84.875 -1.668
26.125 85.125 0.3995
26.125 85.375 -1.8873
26.125 85.625 -1.3774
26.125 85.875 0.33582
26.125 86.125 -1.1891
26.125 86.375 -1.536
26.125 86.625 -0.87571
26.125 86.875 -0.46618
26.125 87.125 -1.4935
26.125 87.375 -1.722
26.125 87.625 -2.1586
26.125 87.875 -1.6132
26.125 88.125 -1.4114
26.125 89.375 -1.4334
26.125 89.875 -1.6981
26.125 90.125 -0.42185
26.125 90.375 -0.26329
26.125 90.625 -0.084259
26.125 90.875 -1.9789
26.125 91.125 -1.1817
26.125 91.375 0.68465
26.125 91.625 -2.3259
26.125 91.875 -2.3556
26.125 92.125 -1.8493
26.125 92.375 -1.5231
26.125 92.625 -2.0586
26.125 92.875 -1.7864
26.125 93.125 -2.368
26.125 93.375 -2.2068
26.125 93.625 -2.1557
26.125 93.875 -1.8885
26.125 94.125 -0.7198
26.125 94.375 -1.6575
26.125 94.625 -1.8058
26.125 94.875 0.28518
26.375 70.375 -0.92565
26.375 70.625 -0.88236
26.375 70.875 -0.89909
26.375 71.125 -0.48424
26.375 71.375 -0.31941
26.375 71.625 -0.91877
26.375 71.875 0.067934
26.375 72.125 -0.05623
26.375 72.375 -0.21173
26.375 72.625 -0.83371
26.375 72.875 -1.1698
26.375 73.125 -1.3057
26.375 73.375 -1.1389
26.375 73.625 -1.2878
26.375 73.875 -1.4289
26.375 74.125 -0.93704
26.375 74.375 -1.0153
26.375 74.625 -1.5494
26.375 74.875 -0.84217
26.375 75.125 -0.68553
26.375 75.375 -1.0893
26.375 75.625 -1.248
26.375 75.875 -1.2092
26.375 76.125 -0.67354
26.375 76.375 -0.26264
26.375 76.625 0.32064
26.375 76.875 0.61855
26.375 77.125 0.61927
26.375 77.375 1.2634
26.375 77.625 0.37697
26.375 77.875 -1.1666
26.375 78.125 0.23978
26.375 78.375 0.81454
26.375 78.625 1.5734
26.375 78.875 0.85731
26.375 79.125 0.2976
26.375 79.375 -1.437
26.375 79.625 -1.5257
26.375 79.875 -1.469
26.375 80.125 0.13924
26.375 80.375 -1.8862
26.375 80.625 -1.9547
26.375 80.875 -1.7739
26.375 81.125 -1.8245
26.375 81.375 -2.1189
26.375 81.625 -1.8698
26.375 81.875 -0.71347
26.375 82.125 -1.7076
26.375 82.375 -1.9339
26.375 82.625 -1.5724
26.375 82.875 -1.3055
26.375 83.125 -0.72122
26.375 83.375 -1.8514
26.375 83.625 -1.135
26.375 83.875 -1.2277
26.375 84.125 -0.73689
26.375 84.375 -1.132
26.375 84.625 -1.1772
26.375 84.875 -1.8071
26.375 85.125 -1.6735
26.375 85.375 -1.5163
26.375 85.625 -2.1017
26.375 85.875 -0.99787
26.375 86.125 -1.5828
26.375 86.375 -2.2316
26.375 86.625 -2.2045
26.375 86.875 -0.80412
26.375 87.125 -0.68132
26.375 87.625 0.067994
26.375 87.875 -1.429
26.375 88.125 -1.9522
26.375 88.375 -1.2697
26.375 88.875 -0.1919
26.375 89.375 -1.5642
26.375 89.625 -1.7158
26.375 89.875 -2.3002
26.375 90.125 -1.1404
26.375 90.375 -0.34454
26.375 90.625 -1.4534
26.375 90.875 -2.3472
26.375 91.125 -1.759
26.375 91.375 -1.4455
26.375 91.625 -1.8349
26.375 91.875 -0.76948
26.375 92.125 -1.1456
26.375 92.375 -1.1375
26.375 92.625 -1.2777
26.375 92.875 -2.3343
26.375 93.125 -2.38
26.375 93.375 -2.2696
26.375 93.625 -2.2098
26.375 93.875 -2.2239
26.375 94.125 -2.2142
26.375 94.375 0.64084
26.375 94.625 0.052402
26.375 94.875 0.34622
26.625 69.875 -0.92403
26.625 70.125 -0.9825
26.625 70.375 -0.91654
26.625 70.625 -0.71553
26.625 70.875 -0.69277
26.625 71.125 -0.75635
26.625 71.375 -1.1621
26.625 71.625 -1.0089
26.625 71.875 0.034996
26.625 72.125 -0.58773
26.625 72.375 -0.51561
26.625 72.625 -0.9892
26.625 72.875 -0.75501
26.625 73.125 -1.0165
26.625 73.375 -0.94601
26.625 73.625 -1.2279
26.625 73.875 -1.2232
26.625 74.125 -1.1047
26.625 74.375 -0.46698
26.625 74.625 -0.7885
26.625 74.875 0.079524
26.625 75.125 -1.1561
26.625 75.375 -0.93981
26.625 75.625 -0.59291
26.625 75.875 -1.1838
26.625 76.125 -0.68398
26.625 76.375 -1.2331
26.625 76.625 -0.59371
26.625 76.875 0.32233
26.625 77.125 1.0168
26.625 77.375 1.3912
26.625 77.625 -0.13569
26.625 77.875 -2.3263
26.625 78.125 0.42602
26.625 78.375 0.96141
26.625 78.625 -0.18992
26.625 78.875 0.60605
26.625 79.125 -1.7505
26.625 79.375 -1.3607
26.625 79.625 -1.1424
26.625 79.875 -1.3229
26.625 80.125 -1.8211
26.625 80.375 -1.8495
26.625 80.625 -2.0861
26.625 80.875 -1.1912
26.625 81.125 -1.0629
26.625 81.375 -1.9811
26.625 81.625 -1.0747
26.625 81.875 -0.20908
26.625 82.125 -1.8244
26.625 82.375 -1.9301
26.625 82.625 -2.1515
26.625 82.875 -1.4899
26.625 83.125 0.041092
26.625 83.375 -1.1592
26.625 83.625 -1.3717
26.625 83.875 -2.0221
26.625 84.125 -0.56667
26.625 84.375 -1.0956
26.625 84.625 -1.2886
26.625 84.875 -2.2944
26.625 85.125 -1.9119
26.625 85.375 -1.6046
26.625 85.625 -1.8027
26.625 86.125 -2.1319
26.625 88.375 1.8037
26.625 88.625 0.017361
26.625 88.875 -0.95525
26.625 89.125 -0.4369
26.625 89.375 -0.86827
26.625 89.625 -1.5183
26.625 89.875 -1.9731
26.625 90.125 -1.6129
26.625 90.375 -2.2651
26.625 90.625 -2.4318
26.625 90.875 -2.2137
26.625 91.125 -1.9859
26.625 91.375 -1.896
26.625 91.625 -1.2349
26.625 91.875 -0.40912
26.625 92.125 -1.0244
26.625 92.375 -1.8427
26.625 92.625 -1.5758
26.625 92.875 -0.56497
26.625 93.125 -2.3208
26.625 93.375 -2.2134
26.625 93.625 -2.2192
26.625 93.875 -2.0818
26.625 94.125 -2.2376
26.625 94.375 -0.79804
26.625 94.625 -0.8785
26.625 94.875 -0.066474
26.625 95.125 -0.62949
26.875 69.625 -0.87947
26.875 69.875 -0.72138
26.875 70.125 -0.74941
26.875 70.375 -0.92192
26.875 70.625 -0.60582
26.875 70.875 -0.35771
26.875 71.125 -0.54247
26.875 71.375 -1.3486
26.875 71.625 -1.5375
26.875 71.875 -0.86891
26.875 72.125 -0.57881
26.875 72.375 -0.49114
26.875 72.625 -0.53189
26.875 72.875 -0.84989
26.875 73.125 0.25
26.875 73.375 -0.5852
26.875 73.625 -0.083031
26.875 73.875 -0.82783
26.875 74.125 -0.81014
26.875 74.375 -1.3479
26.875 74.625 -0.48814
26.875 74.875 0.83144
26.875 75.125 -0.30402
26.875 75.375 -0.55157
26.875 75.625 -1.3863
26.875 75.875 -1.2414
26.875 76.125 -1.0913
26.875 76.375 -0.79683
26.875 76.625 -1.0879
26.875 76.875 -0.60966
26.875 77.125 0.49137
26.875 77.375 0.65068
26.875 77.625 0.43662
26.875 77.875 -1.3833
26.875 78.125 -1.5364
26.875 78.375 -1.5579
26.875 78.625 -1.973
26.875 78.875 0.5473
26.875 79.125 -1.0582
26.875 79.375 -1.1445
26.875 79.625 -0.91442
26.875 79.875 -0.9333
26.875 80.125 -1.9277
26.875 80.375 -1.7816
26.875 80.625 -2.2684
26.875 80.875 -0.12275
26.875 81.125 -0.71519
26.875 81.375 0.13358
26.875 81.625 -1.6204
26.875 81.875 -1.4889
26.875 82.125 0.5488
26.875 82.375 -2.1428
26.875 82.625 -1.532
26.875 82.875 -0.59745
26.875 83.125 -0.98245
26.875 83.375 -1.843
26.875 83.625 -1.9769
26.875 83.875 -1.9841
26.875 84.125 -0.62907
26.875 84.375 -1.9528
26.875 84.625 -1.7548
26.875 84.875 -1.4229
26.875 88.375 1.7475
26.875 88.625 -2.0723
26.875 88.875 -0.95131
26.875 92.375 -2.1367
26.875 92.625 -1.1162
26.875 92.875 -1.1999
26.875 93.125 0.80203
26.875 93.375 -2.1587
26.875 93.625 -1.4817
26.875 93.875 -2.3458
26.875 94.125 -1.7758
26.875 94.375 -1.0908
26.875 94.625 -1.2685
26.875 94.875 -2.1388
26.875 95.125 -2.2244
26.875 95.375 -2.0069
26.875 95.625 -2.283
27.125 69.875 -0.59112
27.125 70.125 -0.39931
27.125 70.375 -0.49797
27.125 70.625 -0.31152
27.125 70.875 -0.051466
27.125 71.125 -0.82146
27.125 71.375 -1.3029
27.125 71.625 -1.2238
27.125 71.875 -0.65655
27.125 72.125 -0.30909
27.125 72.375 -0.94821
27.125 72.625 -0.18716
27.125 72.875 -0.50894
27.125 73.125 -0.069548
27.125 73.375 -0.54397
27.125 73.625 -0.59654
27.125 73.875 -0.46691
27.125 74.125 -0.17731
27.125 74.375 -1.0242
27.125 74.625 -0.78419
27.125 74.875 -0.78694
27.125 75.125 -0.87817
27.125 75.375 -0.79619
27.125 75.625 -0.47939
27.125 75.875 0.019562
27.125 76.125 -0.84431
27.125 76.375 -1.06
27.125 76.625 -1.4928
27.125 76.875 -1.0926
27.125 77.125 1.4286
27.125 77.375 0.6764
27.125 77.625 -0.47294
27.125 77.875 -0.92245
27.125 78.125 1.2892
27.125 78.375 -0.90258
27.125 78.625 -1.6969
27.125 78.875 -1.3031
27.125 79.125 -1.2535
27.125 79.375 -1.2503
27.125 79.625 0.079432
27.125 79.875 0.88459
27.125 80.125 -0.075229
27.125 80.375 -0.40111
27.125 80.625 -1.6488
27.125 80.875 -2.3334
27.125 81.125 0.17426
27.125 81.375 1.5571
27.125 81.625 -0.069076
27.125 81.875 0.1926
27.125 82.125 -0.77569
27.125 82.375 -1.879
27.125 82.625 0.22743
27.125 82.875 -0.87115
27.125 83.125 -1.6434
27.125 83.375 -0.022755
27.125 83.625 -0.77865
27.125 83.875 -1.073
27.125 84.125 -1.3839
27.125 84.375 -1.7878
27.125 84.625 -1.3035
27.125 88.125 -0.3872
27.125 88.375 -2.2208
27.125 88.625 -1.6396
27.125 92.125 -1.4349
27.125 92.375 -2.3637
27.125 92.625 -1.8876
27.125 92.875 -0.098244
27.125 93.125 -0.45459
27.125 93.375 0.17933
27.125 93.625 -1.862
27.125 93.875 -0.33591
27.125 94.125 -1.9088
27.125 94.375 -1.0002
27.125 94.625 -1.3209
27.125 94.875 -1.8681
27.125 95.125 -2.2112
27.125 95.375 -2.0471
27.125 95.625 -1.5644
27.125 95.875 -1.8015
27.375 70.125 -0.44331
27.375 70.375 -0.49773
27.375 70.625 -0.32708
27.375 70.875 -0.18679
27.375 71.125 -1.2923
27.375 71.375 -1.4034
27.375 71.625 -1.0031
27.375 71.875 -0.61309
27.375 72.125 -0.076534
27.375 72.375 -0.13114
27.375 72.625 -0.1057
27.375 72.875 -0.27964
27.375 73.125 -0.55303
27.375 73.375 -0.56773
27.375 73.625 -0.46756
27.375 73.875 -0.059613
27.375 74.125 0.12843
27.375 74.375 -0.18209
27.375 74.625 0.15395
27.375 74.875 -0.055208
27.375 75.125 -1.0545
27.375 75.375 -0.81224
27.375 75.625 0.31792
27.375 75.875 -0.031526
27.375 76.125 -1.0518
27.375 76.375 -0.41063
27.375 76.625 -1.6495
27.375 76.875 1.3328
27.375 77.125 0.34727
27.375 77.375 -1.8748
27.375 77.625 -1.4063
27.375 77.875 -0.62662
27.375 78.125 0.79278
27.375 78.375 -0.79692
27.375 78.625 -0.30395
27.375 78.875 -0.91
27.375 79.125 -1.171
27.375 79.375 -0.23205
27.375 79.625 -0.27117
27.375 79.875 -1.1221
27.375 80.125 -1.4772
27.375 80.375 -1.8395
27.375 80.625 -2.4059
27.375 80.875 -2.0517
27.375 81.125 -0.22526
27.375 81.375 0.25786
27.375 81.625 -1.7038
27.375 81.875 -1.4029
27.375 82.125 -1.336
27.375 82.375 -0.81197
27.375 82.625 -0.40954
27.375 82.875 -0.636
27.375 83.125 -0.50412
27.375 83.625 0.5914
27.375 84.125 -0.02733
27.375 84.375 -1.6744
27.375 88.125 -2.2832
27.375 88.375 -2.2742
27.375 88.625 -2.322
27.375 92.125 -0.92764
27.375 92.375 -1.8679
27.375 92.625 -1.9885
27.375 92.875 -0.79186
27.375 93.125 -1.0397
27.375 93.375 -1.9876
27.375 93.625 -0.81536
27.375 93.875 -1.5867
27.375 94.125 -2.3708
27.375 94.375 -2.1291
27.375 94.625 -1.8839
27.375 94.875 -1.954
27.375 95.125 -1.2473
27.375 95.375 -1.5837
27.375 95.625 -2.3046
27.375 95.875 -2.1102
27.375 96.125 -1.725
27.375 96.375 -2.1285
NaN NaN NaN
27.375 96.875 -0.65756
27.625 70.125 -0.50029
27.625 70.375 -0.64131
27.625 70.625 -0.57235
27.625 70.875 -0.79286
27.625 71.125 -1.075
27.625 71.375 -1.0774
27.625 71.625 -0.74188
27.625 71.875 0.0096025
27.625 72.125 -0.2034
27.625 72.375 0.089666
27.625 72.625 -0.62321
27.625 72.875 -0.32422
27.625 73.125 -0.58716
27.625 73.375 -1.0075
27.625 73.625 -0.98236
27.625 73.875 0.76552
27.625 74.125 -0.14068
27.625 74.375 -0.019112
27.625 74.625 -0.68687
27.625 74.875 -0.56331
27.625 75.125 -0.68717
27.625 75.375 -0.67045
27.625 75.625 -0.8185
27.625 75.875 -1.1086
27.625 76.125 -0.3087
27.625 76.375 -1.2366
27.625 76.625 -1.3002
27.625 76.875 -1.2166
27.625 77.125 -1.8374
27.625 77.375 -1.2472
27.625 77.625 -2.0619
27.625 77.875 -0.58442
27.625 78.125 0.93894
27.625 78.375 0.44469
27.625 78.625 -1.8621
27.625 78.875 -0.62039
27.625 79.125 -1.6659
27.625 79.375 -2.0081
27.625 79.625 -0.96899
27.625 79.875 1.1318
27.625 80.125 0.27653
27.625 80.375 -1.4398
27.625 80.625 -2.4048
27.625 80.875 -2.0976
27.625 81.125 -0.64626
27.625 81.375 0.24282
27.625 81.625 -0.61275
27.625 81.875 -0.68042
27.625 82.125 -1.3713
27.625 82.375 -0.80072
27.625 82.625 -0.37761
27.625 88.375 -2.2094
27.625 88.625 -1.8212
27.625 91.625 -2.2542
27.625 91.875 -2.1766
27.625 92.125 -1.0203
27.625 92.375 -1.4626
27.625 92.625 -2.4026
27.625 92.875 -2.3321
27.625 93.125 -1.9582
27.625 93.375 -1.8124
27.625 93.625 -2.0353
27.625 93.875 -2.0497
27.625 94.125 -2.0417
27.625 94.375 -2.0941
27.625 94.625 -2.1006
27.625 94.875 -2.1965
27.625 95.125 -2.3616
27.625 95.375 -1.9922
27.625 95.625 -1.9931
27.625 95.875 -2.2118
27.625 96.125 -1.8846
27.625 96.375 -1.922
27.625 96.625 -2.2187
27.625 96.875 -1.8496
27.875 70.375 -0.64556
27.875 71.875 -0.13848
27.875 72.125 -0.48656
27.875 72.375 -0.33529
27.875 72.625 -0.23677
27.875 72.875 -0.28744
27.875 73.125 -0.34262
27.875 73.375 -0.328
27.875 73.625 -1.4168
27.875 73.875 -1.1958
27.875 74.125 -0.40214
27.875 74.375 -0.92088
27.875 74.625 -1.135
27.875 74.875 -1.1358
27.875 75.125 -1.5579
27.875 75.375 -0.21829
27.875 75.625 -1.1679
27.875 75.875 -0.84598
27.875 76.125 -1.1742
27.875 76.375 -0.42932
27.875 76.625 -0.89634
27.875 76.875 -1.5269
27.875 77.125 -0.89034
27.875 77.375 -1.8675
27.875 77.625 -1.6946
27.875 77.875 -1.5458
27.875 78.125 -1.1267
27.875 78.375 1.3785
27.875 78.625 0.75662
27.875 78.875 -1.369
27.875 79.125 -0.62653
27.875 79.375 -1.3934
27.875 79.625 -0.49306
27.875 79.875 0.74883
27.875 80.125 0.51258
27.875 80.375 -1.4902
27.875 80.625 -1.9776
27.875 80.875 -2.2804
27.875 81.125 -1.042
27.875 81.375 0.28613
27.875 81.625 0.91567
27.875 88.375 -0.036939
27.875 88.625 -0.1647
27.875 92.875 -2.257
27.875 93.125 -2.2208
27.875 93.375 -1.442
27.875 93.625 -1.7751
27.875 93.875 -1.9372
27.875 94.125 -2.2407
27.875 94.375 -1.3512
27.875 94.625 -1.817
27.875 94.875 -1.8628
27.875 95.125 -0.63809
27.875 95.375 -2.2552
27.875 95.625 -2.1764
27.875 95.875 -2.2671
27.875 96.125 -2.2727
27.875 96.375 -1.8025
27.875 96.625 -1.0053
NaN NaN NaN
27.875 97.125 -0.95345
28.125 72.125 -0.74965
28.125 72.375 -0.69851
28.125 72.625 -0.26707
28.125 72.875 0.47792
28.125 73.125 0.42286
28.125 73.375 0.075163
28.125 73.625 -0.39058
28.125 73.875 -0.34024
28.125 74.125 -0.70606
28.125 74.375 -0.68135
28.125 74.625 -1.457
28.125 74.875 -1.1477
28.125 75.125 -1.7025
28.125 75.375 -0.4544
28.125 75.625 -0.78928
28.125 75.875 -1.3349
28.125 76.125 -1.0337
28.125 76.375 -0.3222
28.125 76.625 -0.13567
28.125 76.875 -1.3105
28.125 77.125 -1.584
28.125 77.375 -2.0482
28.125 77.625 -1.9103
28.125 77.875 -1.7816
28.125 78.125 -1.5661
28.125 78.375 1.3692
28.125 78.625 -1.8488
28.125 78.875 -1.075
28.125 79.125 -0.16413
28.125 79.375 -1.9802
28.125 79.625 -0.31833
28.125 79.875 1.5376
28.125 80.125 0.6653
28.125 80.375 -0.46023
28.125 80.625 -0.76191
28.125 80.875 -1.5008
28.125 81.125 -1.1472
28.125 81.375 -0.033183
28.125 92.875 -2.3179
28.125 93.125 -2.1781
28.125 93.375 -2.0768
28.125 93.625 -1.7959
28.125 93.875 -2.148
28.125 94.125 -2.0315
28.125 94.375 -1.6987
28.125 94.625 -1.4458
28.125 94.875 -1.6688
28.125 95.125 -1.7597
28.125 95.375 -1.8711
28.125 95.625 -1.7246
28.125 95.875 -2.2018
28.125 96.125 -2.4008
28.125 96.375 -0.31592
NaN NaN NaN
NaN NaN NaN
NaN NaN NaN
28.375 72.375 -0.83011
28.375 72.625 -0.27435
28.375 72.875 -0.31512
28.375 73.125 -0.071462
28.375 73.375 -0.21787
28.375 73.625 -0.69814
28.375 73.875 -0.2582
28.375 74.125 -0.34795
28.375 74.375 -0.67791
28.375 74.625 -0.68406
28.375 74.875 -0.5473
28.375 75.125 -0.50244
28.375 75.375 -0.82622
28.375 75.625 -1.283
28.375 75.875 -1.4348
28.375 76.125 -0.84739
28.375 76.375 -1.1058
28.375 76.625 0.083142
28.375 76.875 0.61233
28.375 77.125 -1.986
28.375 77.375 -1.9994
28.375 77.625 -1.8866
28.375 77.875 -1.6798
28.375 78.125 0.53215
28.375 78.375 0.927
28.375 78.625 -1.7006
28.375 78.875 -1.5061
28.375 79.125 -0.52443
28.375 79.375 -0.29356
28.375 79.625 0.22306
28.375 79.875 -2.3026
28.375 80.125 0.038464
28.375 80.375 -0.71185
28.375 80.625 -0.92301
28.375 80.875 0.17629
28.375 81.125 0.18528
28.375 93.375 -2.31
28.375 93.625 -2.2883
28.375 93.875 -1.9925
28.375 94.125 -1.3834
28.375 94.375 -0.95737
28.375 94.625 -0.76504
28.375 94.875 -0.62666
28.375 95.125 -1.4002
28.375 95.375 -0.4993
28.375 95.625 -2.2904
28.375 95.875 -2.2959
28.375 96.125 -2.2301
NaN NaN NaN
28.625 72.375 -0.80196
28.625 72.625 -0.5616
28.625 72.875 -0.34072
28.625 73.125 -0.16381
28.625 73.375 -0.24911
28.625 73.625 -0.49565
28.625 73.875 -0.60703
28.625 74.125 -0.53429
28.625 74.375 -0.52018
28.625 74.625 -0.65226
28.625 74.875 -0.63755
28.625 75.125 -0.76201
28.625 75.375 -0.46278
28.625 75.625 -1.0388
28.625 75.875 -1.2224
28.625 76.125 -1.0354
28.625 76.375 -1.2953
28.625 76.625 -0.58227
28.625 76.875 -0.47763
28.625 77.125 -0.94038
28.625 77.375 -1.4845
28.625 77.625 -1.3687
28.625 77.875 -1.8624
28.625 78.125 -0.60597
28.625 78.375 0.89101
28.625 78.625 -2.0823
28.625 78.875 0.2561
28.625 79.125 0.44412
28.625 79.375 -0.49353
28.625 79.625 -0.7775
28.625 79.875 -2.2073
28.625 80.125 0.43981
28.625 80.375 -0.29041
28.625 80.625 -0.77434
28.625 93.625 -1.5948
28.625 93.875 0.7595
28.625 94.125 -0.60308
28.625 94.375 -2.1237
28.625 94.625 -1.0795
28.625 94.875 -1.2264
28.625 95.125 -2.1503
28.625 95.375 -2.0207
28.625 95.625 -0.86018
28.625 95.875 -1.5237
28.625 96.125 -1.4612
NaN NaN NaN
28.875 72.875 -0.92052
28.875 73.125 -0.22336
28.875 73.375 -0.71751
28.875 73.625 -0.21557
28.875 73.875 -1.587
28.875 74.125 -1.3081
28.875 74.375 -1.2515
28.875 74.625 -0.76166
28.875 74.875 -1.4041
28.875 75.125 -0.92053
28.875 75.375 -1.3257
28.875 75.625 -1.111
28.875 75.875 -1.1031
28.875 76.125 -1.0305
28.875 76.375 -0.66233
28.875 76.625 -0.90696
28.875 76.875 -0.68108
28.875 77.125 -1.5275
28.875 77.375 -0.9986
28.875 77.625 -1.1716
28.875 77.875 -0.41213
28.875 78.125 -0.65384
28.875 78.375 -0.35122
28.875 78.625 -0.94117
28.875 78.875 -1.6116
28.875 79.125 -1.9229
28.875 79.375 0.9966
28.875 79.625 -2.1045
28.875 79.875 -2.2116
28.875 94.125 -1.2942
28.875 94.375 -0.76079
28.875 94.625 -1.1798
28.875 94.875 0.42338
28.875 95.125 -1.9958
28.875 95.375 -2.1755
28.875 95.625 -1.6216
28.875 95.875 -1.499
28.875 96.125 -1.8962
NaN NaN NaN
29.125 73.125 -0.38682
29.125 73.375 -0.41186
29.125 73.625 0.21734
29.125 73.875 -0.43973
29.125 74.125 -0.90783
29.125 74.375 -1.0093
29.125 74.625 -0.98665
29.125 74.875 -1.1726
29.125 75.125 -1.5138
29.125 75.375 -0.6796
29.125 75.625 -0.99798
29.125 75.875 -1.2515
29.125 76.125 -1.3398
29.125 76.375 -1.5464
29.125 76.625 -1.1404
29.125 76.875 -1.2946
29.125 77.125 -1.6959
29.125 77.375 -1.4719
29.125 77.625 0.20566
29.125 77.875 0.42635
29.125 78.125 0.45857
29.125 78.375 0.12869
29.125 78.625 -2.0426
29.125 78.875 -0.54525
29.125 79.125 -2.2614
29.125 79.375 -2.1144
29.125 79.625 -0.55895
29.125 79.875 -0.87997
29.125 80.125 -0.30109
29.125 94.375 -0.66421
29.125 94.625 -0.91229
29.125 94.875 -0.64098
29.125 95.625 -0.57852
29.125 95.875 0.15336
29.125 96.125 -1.801
29.375 73.375 0.22709
29.375 73.625 -0.83372
29.375 73.875 -0.50399
29.375 74.125 -0.79792
29.375 74.375 -1.2747
29.375 74.625 -1.2358
29.375 74.875 -0.55669
29.375 75.125 -0.72155
29.375 75.375 -0.43023
29.375 75.625 -0.82862
29.375 75.875 -1.0633
29.375 76.125 -1.3147
29.375 76.375 -1.848
29.375 76.625 -1.3395
29.375 76.875 -1.4608
29.375 77.125 -1.8977
29.375 77.375 -1.904
29.375 77.625 0.90842
29.375 77.875 0.79058
29.375 78.125 -0.93156
29.375 78.375 -0.40129
29.375 78.625 -2.218
29.375 78.875 1.4445
29.375 79.125 0.15279
29.375 79.375 -2.2903
29.375 79.625 -1.9669
29.375 79.875 -1.7718
29.375 80.125 -1.9361
NaN NaN NaN
29.625 73.375 0.084932
29.625 73.625 -0.049005
29.625 73.875 -2.0846
29.625 74.125 -1.3021
29.625 74.375 -1.0557
29.625 74.625 -1.1697
29.625 74.875 -0.74609
29.625 75.125 -0.52756
29.625 75.375 -0.75022
29.625 75.625 -0.099687
29.625 75.875 -1.2257
29.625 76.125 -1.1945
29.625 76.375 -1.5753
29.625 76.625 -1.5283
29.625 76.875 -1.5296
29.625 77.125 -1.7983
29.625 77.375 -1.9472
29.625 77.625 -1.9999
29.625 77.875 0.13068
29.625 78.125 -1.4008
29.625 78.375 -2.2035
29.625 78.625 -2.3896
29.625 78.875 -1.5703
29.625 79.125 -1.5302
29.625 79.375 0.60379
29.625 79.625 0.20455
29.625 79.875 -0.5867
29.625 80.125 -1.5844
29.875 73.625 -0.56609
29.875 73.875 -1.0421
29.875 74.125 -0.91217
29.875 74.375 -1.3737
29.875 74.625 -1.6342
29.875 74.875 -1.2797
29.875 75.125 -1.1992
29.875 75.375 -0.76309
29.875 75.625 -0.38538
29.875 75.875 -1.8433
29.875 76.125 -1.473
29.875 76.375 -1.7946
29.875 76.625 -1.4167
29.875 76.875 -2.0748
29.875 77.125 -2.0291
29.875 77.375 -1.9698
29.875 77.625 -2.1536
29.875 77.875 -2.0499
29.875 78.125 -2.3199
29.875 78.375 -0.8098
29.875 78.625 -1.3561
29.875 78.875 0.97088
29.875 79.125 -1.3756
29.875 79.375 -0.19087
29.875 79.625 -0.75642
29.875 79.875 0.061351
29.875 80.125 -1.1788
29.875 80.375 -0.10192
30.125 74.125 -1.3122
30.125 74.375 -1.5826
30.125 74.625 -2.0363
30.125 74.875 -2.0207
30.125 75.125 -0.96372
30.125 75.375 -0.30436
30.125 75.625 -1.6129
30.125 75.875 -2.1663
30.125 76.125 -1.6
30.125 76.375 -1.3372
30.125 76.625 -2.2877
30.125 76.875 -2.1558
30.125 77.125 -1.6321
30.125 77.375 -2.1812
30.125 77.625 -2.1718
30.125 77.875 -2.1643
30.125 78.125 -2.421
30.125 78.375 -0.42899
30.125 78.625 -0.86749
30.125 78.875 1.6903
30.125 79.125 1.4051
30.125 79.375 0.59274
30.125 79.625 0.56418
30.125 79.875 0.32639
30.125 80.125 0.52388
30.125 80.375 0.38222
30.125 80.625 -0.20194
30.375 74.125 -0.21989
30.375 74.375 -0.18017
30.375 74.625 -1.4358
30.375 74.875 -1.9667
30.375 75.125 -2.2239
30.375 75.375 -1.0356
30.375 75.625 -1.9195
30.375 75.875 -1.9835
30.375 76.125 -2.2154
30.375 76.375 -1.5465
30.375 76.625 -2.3609
30.375 76.875 -2.1532
30.375 77.125 -1.7781
30.375 77.375 -1.5586
30.375 77.625 -1.1128
30.375 77.875 -2.1692
30.375 78.125 -2.416
30.375 78.375 -2.4168
30.375 78.625 -2.4158
30.375 78.875 1.0713
30.375 79.125 -0.29103
30.375 79.375 0.82906
30.375 79.625 0.57345
30.375 79.875 0.38556
30.375 80.125 -0.055273
30.375 80.375 -0.80219
30.375 80.625 -1.4067
30.625 74.375 -0.86962
30.625 74.625 -1.132
30.625 74.875 -1.7955
30.625 75.125 -0.77768
30.625 75.375 -2.2161
30.625 75.625 -2.1508
30.625 75.875 -2.3545
30.625 76.125 -2.1336
30.625 76.375 -1.9051
30.625 76.625 -1.8081
30.625 76.875 -1.7355
30.625 77.125 -1.5554
30.625 77.375 -1.584
30.625 77.625 -0.67927
30.625 77.875 -0.029943
30.625 78.125 -1.1359
30.625 78.375 -1.5192
30.625 78.625 -1.3674
30.625 78.875 0.091812
30.625 79.125 1.0741
30.625 79.375 -0.8071
30.625 79.625 0.49333
30.625 79.875 2.1939
30.625 80.125 0.68819
30.875 74.625 -1.2329
30.875 74.875 -2.01
30.875 75.125 -1.388
30.875 75.375 -1.9952
30.875 75.625 -1.9383
30.875 75.875 -1.5782
30.875 76.125 -1.7768
30.875 76.375 -0.13108
30.875 76.625 -0.53036
30.875 76.875 -1.7183
30.875 77.125 0.62637
30.875 77.375 -0.27194
30.875 77.625 -0.23861
30.875 77.875 0.31797
30.875 78.125 0.44339
30.875 78.375 0.21807
30.875 78.625 -1.6024
30.875 78.875 -2.1807
30.875 79.125 0.41079
30.875 79.375 0.068192
30.875 79.625 -0.77527
30.875 79.875 1.146
31.125 74.875 -2.0596
31.125 75.125 -2.0898
31.125 75.375 -2.1791
31.125 75.625 -2.0139
31.125 75.875 -0.86955
31.125 76.125 -0.34404
31.125 76.375 -0.6254
31.125 76.625 -1.1552
31.125 76.875 -1.8876
31.125 77.125 -1.0494
31.125 77.375 -0.38197
31.125 77.625 0.51648
31.125 77.875 -0.74893
31.125 78.125 0.8511
31.125 78.375 0.85931
31.125 78.625 -0.099691
31.125 78.875 1.1913
31.125 79.125 1.715
31.375 74.875 -1.132
31.375 75.125 -1.4856
31.375 75.375 -1.9321
31.375 75.625 -1.7298
31.375 75.875 -0.62447
31.375 76.125 -1.8496
31.375 76.375 -2.1674
31.375 76.625 -1.4923
31.375 76.875 -2.2144
31.375 77.125 -1.096
31.375 77.375 1.2045
31.375 77.625 -0.20601
31.375 77.875 0.6427
31.375 78.125 1.1899
31.375 78.375 1.8131
31.375 78.625 2.0319
31.625 74.875 -0.27938
31.625 75.125 -0.15993
31.625 75.375 -0.13697
31.625 75.625 -0.66369
31.625 75.875 -1.5841
31.625 76.125 -1.3723
31.625 76.375 -2.0862
31.625 76.625 -1.9661
31.625 76.875 -1.8415
31.625 77.125 -1.23
31.625 77.375 1.3117
31.625 77.625 1.3246
31.625 77.875 1.3225
31.625 78.125 2.0978
31.625 78.375 2.01
31.625 78.625 1.9163
31.875 74.875 1.4141
31.875 75.125 1.5134
31.875 75.375 -0.51779
31.875 75.625 -0.94552
31.875 75.875 -1.2183
31.875 76.125 -1.8001
31.875 76.375 -1.9191
31.875 76.625 -2.0671
31.875 76.875 -0.85331
31.875 77.125 -0.47459
31.875 77.375 0.81743
31.875 77.625 1.1645
31.875 77.875 0.89765
31.875 78.125 1.4488
31.875 78.375 1.455
31.875 78.625 2.1339
32.125 75.375 1.7223
32.125 75.625 -0.69423
32.125 75.875 -1.2003
32.125 76.125 -2.1717
32.125 76.375 -2.1863
32.125 76.625 -0.7914
32.125 76.875 -0.10702
32.125 77.125 0.51421
32.125 77.375 -0.32048
32.125 77.625 -1.4953
32.125 77.875 1.2443
32.125 78.125 1.1344
32.125 78.375 -0.43827
32.375 75.375 1.077
32.375 75.625 -0.55011
32.375 75.875 -1.3727
32.375 76.125 -1.5042
32.375 76.375 -0.71914
32.375 76.625 -0.79955
32.375 76.875 1.3472
32.375 77.125 0.28254
32.375 77.375 1.4026
32.375 77.625 -0.17758
32.375 77.875 0.55555
32.375 78.125 1.6277
32.375 78.375 -0.70584
32.625 74.875 -0.91072
32.625 75.125 -0.57869
32.625 75.375 -0.42155
32.625 75.625 -0.032972
32.625 75.875 -0.2578
32.625 76.125 0.10727
32.625 76.375 -1.2906
32.625 76.625 0.73942
32.625 76.875 1.7799
32.625 77.125 -0.58159
32.625 77.375 1.2492
32.625 77.625 1.8648
32.625 77.875 -0.81754
32.625 78.125 0.57424
32.625 78.375 2.1781
32.625 78.625 -0.0010288
32.625 78.875 1.6708
32.625 79.125 0.55358
32.625 79.375 0.57104
32.875 74.375 -0.23656
32.875 74.625 -0.2918
32.875 74.875 0.89673
32.875 75.125 0.64996
32.875 75.375 0.40724
32.875 75.625 -0.67142
32.875 75.875 0.15873
32.875 76.125 0.70715
32.875 76.375 0.82948
32.875 76.625 0.80556
32.875 76.875 1.5138
32.875 77.125 1.3182
32.875 77.375 1.4469
32.875 77.625 1.7008
32.875 77.875 0.11803
32.875 78.125 -0.23663
32.875 78.375 -0.36362
32.875 78.625 0.28969
32.875 78.875 1.3734
32.875 79.125 0.2379
32.875 79.375 1.337
33.125 73.875 0.33816
33.125 74.125 0.29361
33.125 74.375 0.53636
33.125 74.625 0.97947
33.125 74.875 1.8803
33.125 75.125 1.8432
33.125 75.375 0.56013
33.125 75.625 0.12199
33.125 75.875 0.20722
33.125 76.125 0.97612
33.125 76.375 -0.10463
33.125 76.625 0.6689
33.125 76.875 0.61602
33.125 77.125 1.3326
33.125 77.375 -0.22205
33.125 77.625 -0.092305
33.125 77.875 -1.974
33.125 78.125 -0.57924
33.125 78.375 -0.63542
33.125 78.625 1.0432
33.125 78.875 0.95286
33.125 79.125 1.2006
33.375 73.875 1.1059
33.375 74.125 1.4273
33.375 74.375 1.6108
33.375 74.625 0.78912
33.375 74.875 0.83353
33.375 75.125 0.70707
33.375 75.375 0.75972
33.375 75.625 -0.031226
33.375 75.875 0.8089
33.375 76.125 1.0984
33.375 76.375 1.9618
33.375 76.625 0.5572
33.375 76.875 1.6844
33.375 77.125 1.4384
33.375 77.375 2.0297
33.375 77.625 0.5555
33.375 77.875 -0.44781
33.375 78.125 1.5221
33.375 78.375 1.9673
33.375 78.625 0.70478
33.375 78.875 -0.56851
33.625 73.875 -0.022438
33.625 74.125 1.3624
33.625 74.375 0.66702
33.625 74.625 -0.075273
33.625 74.875 -0.33784
33.625 75.125 1.1836
33.625 75.375 0.42579
33.625 75.625 0.71462
33.625 75.875 -0.35168
33.625 76.125 -0.31158
33.625 76.375 0.21286
33.625 76.625 0.062518
33.625 76.875 -0.48005
33.625 77.125 1.0773
33.625 77.375 1.8161
33.625 77.625 1.7385
33.625 77.875 1.7248
33.625 78.125 2.052
33.625 78.375 1.6842
33.625 78.625 0.54887
33.625 78.875 -0.50586
33.875 73.875 -0.67563
33.875 74.125 1.4289
33.875 74.375 0.79363
33.875 74.625 0.84763
33.875 74.875 0.88286
33.875 75.125 1.3055
33.875 75.375 1.005
33.875 75.625 0.031016
33.875 75.875 -1.9848
33.875 76.125 1.1736
33.875 76.375 0.80129
33.875 76.625 -0.11938
33.875 76.875 0.72828
33.875 77.125 1.2254
33.875 77.375 1.1052
33.875 77.625 1.1562
33.875 77.875 1.6293
33.875 78.125 1.8952
33.875 78.375 1.1758
33.875 78.625 0.13944
33.875 78.875 -0.1765
34.125 73.625 0.78838
34.125 73.875 0.53475
34.125 74.125 1.0929
34.125 74.375 0.66451
34.125 74.625 0.98291
34.125 74.875 -0.90932
34.125 75.125 1.5299
34.125 75.375 0.421
34.125 75.625 -0.4547
34.125 75.875 0.66945
34.125 76.125 1.38
34.125 76.375 -0.10751
34.125 76.625 1.8329
34.125 76.875 1.4122
34.125 77.125 -0.12914
34.125 77.375 0.14837
34.125 77.625 0.36695
34.125 77.875 1.1985
34.125 78.125 1.4863
34.125 78.375 1.8546
34.125 78.625 0.24004
34.125 78.875 1.6347
34.125 79.125 -0.24492
34.125 79.375 1.2841
34.375 73.625 0.92238
34.375 73.875 -0.046389
34.375 74.125 -0.87743
34.375 74.375 1.6237
34.375 74.625 0.75203
34.375 74.875 0.51804
34.375 75.125 0.60825
34.375 75.375 0.010506
34.375 75.625 1.723
34.375 75.875 1.6162
34.375 76.125 -1.1055
34.375 76.375 1.5337
34.375 76.625 0.80511
34.375 76.875 0.66834
34.375 77.125 1.2111
34.375 77.375 1.0179
34.375 77.625 0.60788
34.375 77.875 1.5562
34.375 78.125 0.77206
34.375 78.375 1.3632
34.375 78.625 1.8106
34.375 78.875 -0.2331
34.375 79.125 -0.12035
34.375 79.375 -0.33267
34.625 73.875 -0.37533
34.625 74.125 0.42021
34.625 74.375 0.0092322
34.625 74.625 -0.22026
34.625 74.875 -0.74907
34.625 75.125 0.79493
34.625 75.375 0.20959
34.625 75.625 -0.51199
34.625 75.875 -1.4309
34.625 76.125 -0.94859
34.625 76.375 0.38735
34.625 76.625 1.6186
34.625 76.875 1.4787
34.625 77.125 1.6726
34.625 77.375 -1.1154
34.625 77.625 1.0925
34.625 77.875 0.92659
34.625 78.125 1.0119
34.625 78.375 1.1044
34.625 78.625 1.544
34.625 78.875 0.65248
34.625 79.125 0.50121
34.625 79.375 0.33606
34.625 79.625 -0.059929
34.875 74.125 1.529
34.875 74.375 0.87874
34.875 74.625 -0.60648
34.875 74.875 -0.16094
34.875 75.125 -0.57272
34.875 75.375 -0.12804
34.875 75.625 0.3696
34.875 75.875 -0.56637
34.875 76.125 -0.99975
34.875 76.375 -0.24676
34.875 76.625 -0.37092
34.875 76.875 0.22048
34.875 77.125 -0.83066
34.875 77.375 -0.92557
34.875 77.625 0.83009
34.875 77.875 1.4291
34.875 78.125 1.5509
34.875 78.375 1.6503
34.875 78.625 0.18445
34.875 78.875 -0.0099346
34.875 79.125 0.84629
34.875 79.375 0.65648
34.875 79.625 1.3078
34.875 79.875 0.60817
35.125 74.375 1.8145
35.125 74.625 -0.28513
35.125 74.875 -0.49159
35.125 75.125 -0.26706
35.125 75.375 1.5004
35.125 75.625 0.23477
35.125 75.875 1.3545
35.125 76.125 -1.0989
35.125 76.375 1.5923
35.125 76.625 -0.11898
35.125 76.875 0.92292
35.125 77.125 0.82407
35.125 77.375 0.70066
35.125 77.625 -1.048
35.125 77.875 1.3597
35.125 78.125 -0.67718
35.125 78.375 -0.83329
35.125 78.625 0.47715
35.125 78.875 -0.50505
35.125 79.125 0.72997
35.125 79.375 -0.27597
35.125 79.625 -0.4875
35.125 79.875 -0.19149
35.375 73.875 1.3616
35.375 74.125 1.776
35.375 74.375 2.2941
35.375 74.625 1.9105
35.375 74.875 1.7159
35.375 75.125 -0.30173
35.375 75.375 0.21168
35.375 75.625 2.3353
35.375 75.875 2.173
35.375 76.125 2.3689
35.375 76.375 0.70098
35.375 76.625 1.9998
35.375 76.875 1.4787
35.375 77.125 1.3472
35.375 77.375 -1.4245
35.375 77.625 -0.90857
35.375 77.875 -0.84969
35.375 78.125 -1.4616
35.375 78.375 1.7646
35.375 78.625 0.011166
35.375 78.875 -0.89421
35.375 79.125 1.3197
35.375 79.375 0.28499
35.375 79.625 0.38712
35.375 79.875 -0.46388
NaN NaN NaN
35.625 73.375 -1.2061
35.625 73.625 1.5548
35.625 73.875 -1.7181
35.625 74.125 2.3906
35.625 74.375 -0.40352
35.625 74.625 1.4511
35.625 74.875 0.80141
35.625 75.125 -1.2342
35.625 75.375 2.3802
35.625 75.625 2.3446
35.625 75.875 2.1651
35.625 76.125 2.4356
35.625 76.375 2.4098
35.625 76.625 -1.3702
35.625 76.875 -1.2585
35.625 77.125 0.96219
35.625 78.375 -0.8367
35.625 78.625 -0.1751
35.625 78.875 0.41835
35.625 79.125 0.74763
35.625 79.375 0.47591
35.625 79.625 0.6321
35.625 79.875 1.4013
35.625 80.125 2.2807
35.875 73.125 -2.011
35.875 73.375 -0.91356
35.875 73.625 -1.4841
35.875 73.875 -1.4266
35.875 74.125 -1.29
35.875 74.375 -1.3363
35.875 74.625 0.15665
35.875 74.875 -1.4763
35.875 75.125 1.6283
35.875 75.375 0.44239
35.875 75.625 2.1142
35.875 75.875 0.84455
35.875 76.125 2.1203
35.875 76.375 0.6216
35.875 76.625 0.79149
35.875 79.375 2.2153
36.125 72.625 -0.018546
36.125 72.875 -0.012797
36.125 73.125 -0.56664
36.125 73.375 -0.99473
36.125 73.625 -0.92032
36.125 73.875 -0.59725
36.125 74.125 -1.1707
36.125 74.375 -1.4484
36.125 74.625 -2.1171
36.125 74.875 2.4372
36.125 75.125 0.84947
36.125 75.375 1.7277
36.125 75.625 0.92254
36.125 75.875 -1.4827
36.125 76.125 -1.1933
36.125 76.375 2.4469
36.125 76.625 -1.5251
36.375 73.125 -1.0003
36.375 73.375 -0.52485
36.375 73.625 1.0299
36.375 73.875 0.078425
36.375 74.125 -0.36866
36.375 74.375 -0.8339
36.375 74.625 -0.44405
36.375 74.875 -2.1529
36.375 75.125 2.1482
36.375 75.375 -2.1872
36.375 75.625 1.3506
36.375 75.875 0.34456
36.375 76.125 2.2167
36.625 73.375 0.69839
36.625 73.625 -0.46231
36.625 73.875 -0.52994
36.625 74.125 -0.64186
36.625 74.375 -2.0414
36.625 74.625 0.59669
36.625 74.875 1.6576
36.625 75.125 -1.7718
36.625 75.375 -2.0308
36.625 75.625 -2.4262
36.875 73.875 1.6093
36.875 74.375 1.6712
36.875 74.625 1.0729
36.875 74.875 1.4867
36.875 75.125 0.76156
36.875 75.375 -2.2575
