8.125 77.375 -0.025888
8.375 77.125 -1.0526
8.375 77.375 -0.056035
8.375 77.625 0.74774
8.375 77.875 1.0558
8.625 76.875 -0.46823
8.625 77.125 1.1657
8.625 77.375 1.0302
8.625 77.625 -1.499
8.625 77.875 1.5989
8.875 76.875 -0.26596
8.875 77.125 1.7887
8.875 77.375 0.041175
8.875 77.625 -1.8122
8.875 77.875 -2.1522
9.125 76.625 0.16409
9.125 76.875 -0.54823
9.125 77.125 0.6888
9.125 77.375 -0.46088
9.125 77.625 -0.04197
9.125 77.875 -1.0317
9.125 78.125 -0.49558
NaN NaN NaN
9.375 76.625 -0.36003
9.375 76.875 -0.38793
9.375 77.125 -1.0227
9.375 77.375 0.032958
9.375 77.625 1.1909
9.375 77.875 -0.006938
9.375 78.125 -0.197
9.375 78.375 0.25703
9.375 78.625 -0.74158
NaN NaN NaN
9.625 76.375 -0.43164
9.625 76.625 0.31793
9.625 76.875 -0.47861
9.625 77.125 -0.51153
9.625 77.375 -0.00088694
9.625 77.625 0.0025843
9.625 77.875 -0.52942
9.625 78.125 -0.10082
9.625 78.375 0.045052
9.625 78.625 -0.04364
9.875 76.625 -1.2946
9.875 76.875 -0.063089
9.875 77.125 -1.161
9.875 77.375 -1.0176
9.875 77.625 -1.0159
9.875 77.875 -0.36282
9.875 78.125 -1.0081
9.875 78.375 -0.82411
9.875 78.625 -0.33122
9.875 78.875 -1.4653
10.125 76.375 -0.13385
10.125 76.625 -0.049987
10.125 76.875 1.1514
10.125 77.125 -0.59326
10.125 77.375 0.90135
10.125 77.625 -0.21088
10.125 77.875 -0.49765
10.125 78.125 -0.42982
10.125 78.375 -0.30362
10.125 78.625 -0.78229
10.125 78.875 -1.1828
10.125 79.125 -1.1459
10.375 76.375 -0.67126
10.375 76.625 0.14323
10.375 76.875 0.94963
10.375 77.125 0.17468
10.375 77.375 0.26178
10.375 77.625 0.77845
10.375 77.875 -1.1532
10.375 78.125 -0.63029
10.375 78.375 -0.36978
10.375 78.625 -0.55174
10.375 78.875 -0.81926
10.375 79.125 -0.9319
NaN NaN NaN
NaN NaN NaN
10.625 76.125 -2.3868
10.625 76.375 -2.2385
10.625 76.625 -0.89319
10.625 76.875 -0.35005
10.625 77.125 0.83286
10.625 77.375 1.3985
10.625 77.625 -0.57456
10.625 77.875 -1.2144
10.625 78.125 -1.0533
10.625 78.375 -0.78285
10.625 78.625 -0.75132
10.625 78.875 -0.87605
10.625 79.125 0.012089
10.625 79.375 -0.67762
10.625 79.625 0.10859
10.875 76.125 -1.9333
10.875 76.375 0.23463
10.875 76.625 -0.029684
10.875 76.875 -0.83071
10.875 77.125 -0.96609
10.875 77.375 -0.38861
10.875 77.625 -1.1526
10.875 77.875 -1.409
10.875 78.125 -1.5017
10.875 78.375 -1.1086
10.875 78.625 -0.7993
10.875 78.875 -0.60845
10.875 79.125 -1.0547
10.875 79.375 -0.040232
10.875 79.625 -0.38099
11.125 76.125 -2.4026
11.125 76.375 -1.8722
11.125 76.625 -0.37072
11.125 76.875 -1.1004
11.125 77.125 -0.75428
11.125 77.375 -1.2979
11.125 77.625 -1.2453
11.125 77.875 -0.73333
11.125 78.125 -1.6784
11.125 78.375 -1.3709
11.125 78.625 -0.70538
11.125 78.875 -0.65246
11.125 79.125 -0.50361
11.125 79.375 -0.34672
11.125 79.625 -0.31535
11.375 75.875 -2.2072
11.375 76.125 -2.3468
11.375 76.375 -0.17992
11.375 76.625 0.24078
11.375 76.875 0.65255
11.375 77.125 0.21669
11.375 77.375 -1.2892
11.375 77.625 -1.2113
11.375 77.875 -1.4142
11.375 78.125 -1.7457
11.375 78.375 -1.2531
11.375 78.625 -1.0787
11.375 78.875 -0.15441
11.375 79.125 -0.82228
11.375 79.375 -0.89859
11.375 79.625 -1.0245
11.625 75.875 -1.0328
11.625 76.125 0.11937
11.625 76.375 0.45259
11.625 76.625 0.8375
11.625 76.875 -0.28626
11.625 77.125 -0.31318
11.625 77.375 -0.94344
11.625 77.625 -0.9742
11.625 77.875 -1.4928
11.625 78.125 -1.833
11.625 78.375 -2.076
11.625 78.625 -1.2019
11.625 78.875 -0.30338
11.625 79.125 -0.71534
11.625 79.375 -0.41757
NaN NaN NaN
NaN NaN NaN
11.875 75.875 -1.5087
11.875 76.125 -0.47412
11.875 76.375 -0.46587
11.875 76.625 0.29463
11.875 76.875 -1.85
11.875 77.125 -1.04
11.875 77.375 -1.0633
11.875 77.625 -0.66837
11.875 77.875 -0.96142
11.875 78.125 -1.7944
11.875 78.375 -1.1624
11.875 78.625 -0.69761
11.875 78.875 -0.67532
11.875 79.125 -1.0778
11.875 79.375 -0.68066
11.875 79.625 -0.28228
12.125 75.375 -1.9934
12.125 75.625 -2.3891
12.125 75.875 -1.1278
12.125 76.125 -1.0973
12.125 76.375 -0.078863
12.125 76.625 -0.11586
12.125 76.875 -1.2529
12.125 77.125 -0.48451
12.125 77.375 -1.3769
12.125 77.625 -0.69777
12.125 77.875 -0.83561
12.125 78.125 -1.1581
12.125 78.375 -0.26643
12.125 78.625 -1.1643
12.125 78.875 -1.0669
12.125 79.125 -0.54921
12.125 79.375 -0.25093
12.125 79.625 -0.23867
12.375 75.125 -2.4185
12.375 75.375 -2.4246
12.375 75.625 -0.29266
12.375 75.875 0.63389
12.375 76.125 0.40261
12.375 76.375 0.20082
12.375 76.625 -0.01487
12.375 76.875 -1.8155
12.375 77.125 -0.85927
12.375 77.375 -1.1
12.375 77.625 -0.77945
12.375 77.875 -1.8239
12.375 78.125 -0.47324
12.375 78.375 -0.59309
12.375 78.625 -0.60216
12.375 78.875 -0.5566
12.375 79.125 -0.83433
12.375 79.375 -0.88336
12.375 79.625 -0.11232
12.375 79.875 -0.65948
12.625 75.125 -1.929
12.625 75.375 -2.3536
12.625 75.625 -2.4314
12.625 75.875 -0.84491
12.625 76.125 -0.28214
12.625 76.375 0.22741
12.625 76.625 0.24856
12.625 76.875 -0.77274
12.625 77.125 -1.4147
12.625 77.375 -1.3648
12.625 77.625 0.011195
12.625 77.875 -0.83107
12.625 78.125 -0.79296
12.625 78.375 -0.29177
12.625 78.625 -0.016247
12.625 78.875 -0.17006
12.625 79.125 -0.42508
12.625 79.375 0.1698
12.625 79.625 -1.446
12.625 79.875 -1.6083
12.875 75.125 -2.127
12.875 75.375 -1.3198
12.875 75.625 -2.4282
12.875 75.875 -1.5365
12.875 76.125 0.14639
12.875 76.375 0.7854
12.875 76.625 -0.50082
12.875 76.875 -1.0865
12.875 77.125 -0.73003
12.875 77.375 -0.33049
12.875 77.625 -0.61033
12.875 77.875 -0.72428
12.875 78.125 -1.0882
12.875 78.375 -0.75252
12.875 78.625 -0.29991
12.875 78.875 -1.4427
12.875 79.125 -0.40836
12.875 79.375 -0.43032
12.875 79.625 0.16681
12.875 79.875 -0.1605
NaN NaN NaN
13.125 75.125 -1.3532
13.125 75.375 -2.225
13.125 75.625 -1.2009
13.125 75.875 -1.2462
13.125 76.125 -0.83676
13.125 76.375 -0.45465
13.125 76.625 -0.33627
13.125 76.875 -0.86384
13.125 77.125 -0.66358
13.125 77.375 -0.87306
13.125 77.625 -0.23426
13.125 77.875 -0.89819
13.125 78.125 -0.65736
13.125 78.375 -1.411
13.125 78.625 -1.47
13.125 78.875 -0.68791
13.125 79.125 -0.92358
13.125 79.375 -0.77341
13.125 79.625 -1.1878
13.125 79.875 -1.5892
13.125 80.125 -1.967
NaN NaN NaN
13.375 75.125 -2.0071
13.375 75.375 -1.4347
13.375 75.625 -0.0077361
13.375 75.875 -1.328
13.375 76.125 -0.0067583
13.375 76.375 -0.74627
13.375 76.625 -0.86405
13.375 76.875 -0.8208
13.375 77.125 -0.40264
13.375 77.375 -1.3818
13.375 77.625 -0.77847
13.375 77.875 -1.3855
13.375 78.125 -1.6271
13.375 78.375 -1.4332
13.375 78.625 -1.123
13.375 78.875 -1.8523
13.375 79.125 -2.0788
13.375 79.375 -1.5979
13.375 79.625 -0.80524
13.375 79.875 -1.6001
13.375 80.125 -1.8489
13.625 74.875 -2.2956
13.625 75.125 -1.1398
13.625 75.375 -1.5149
13.625 75.625 -1.6443
13.625 75.875 -1.8191
13.625 76.125 -0.72217
13.625 76.375 -0.82411
13.625 76.625 -1.3589
13.625 76.875 -1.37
13.625 77.125 -0.18132
13.625 77.375 -1.3441
13.625 77.625 -1.4046
13.625 77.875 -1.6361
13.625 78.125 -1.458
13.625 78.375 -1.9892
13.625 78.625 -1.6741
13.625 78.875 -1.1631
13.625 79.125 -1.0226
13.625 79.375 -1.6286
13.625 79.625 -1.1125
13.625 79.875 -1.0585
13.625 80.125 -1.6789
13.875 74.875 -1.7873
13.875 75.125 0.29925
13.875 75.375 -0.57573
13.875 75.625 -0.57294
13.875 75.875 -0.5275
13.875 76.125 -0.84797
13.875 76.375 -1.3781
13.875 76.625 0.029986
13.875 76.875 -1.1669
13.875 77.125 -1.3699
13.875 77.375 -0.86259
13.875 77.625 -1.3765
13.875 77.875 -1.5313
13.875 78.125 -1.7551
13.875 78.375 -1.7424
13.875 78.625 -1.6229
13.875 78.875 -1.4548
13.875 79.125 -1.1521
13.875 79.375 -1.4227
13.875 79.625 -1.5451
13.875 79.875 -1.3828
14.125 74.625 -1.9034
14.125 74.875 -1.8996
14.125 75.125 -0.051429
14.125 75.375 -0.73816
14.125 75.625 -1.0773
14.125 75.875 -0.65395
14.125 76.125 -0.63811
14.125 76.375 -1.1551
14.125 76.625 -0.78278
14.125 76.875 -0.31582
14.125 77.125 -0.48702
14.125 77.375 -1.0373
14.125 77.625 -1.4566
14.125 77.875 -1.144
14.125 78.125 -1.5144
14.125 78.375 -1.7006
14.125 78.625 -1.6868
14.125 78.875 -1.6339
14.125 79.125 -1.469
14.125 79.375 -1.3628
14.125 79.625 -1.2978
14.125 79.875 -1.2444
14.375 74.625 -1.9988
14.375 74.875 -1.4328
14.375 75.125 -1.281
14.375 75.375 -1.0076
14.375 75.625 -0.34144
14.375 75.875 -0.52362
14.375 76.125 0.19797
14.375 76.375 -0.29483
14.375 76.625 -0.43114
14.375 76.875 -0.30292
14.375 77.125 -0.69145
14.375 77.375 -1.1196
14.375 77.625 -0.87572
14.375 77.875 -1.0696
14.375 78.125 -1.3246
14.375 78.375 -1.605
14.375 78.625 -1.6815
14.375 78.875 -1.7644
14.375 79.125 -1.1379
14.375 79.375 -1.5278
14.375 79.625 -0.047916
14.375 79.875 -0.4002
NaN NaN NaN
14.625 74.625 -1.8412
14.625 74.875 -2.0764
14.625 75.125 -1.404
14.625 75.375 -0.7678
14.625 75.625 -1.4603
14.625 75.875 -0.52215
14.625 76.125 -0.87601
14.625 76.375 -0.91631
14.625 76.625 -0.059537
14.625 76.875 0.27483
14.625 77.125 -0.62375
14.625 77.375 -0.77174
14.625 77.625 -0.73088
14.625 77.875 -1.495
14.625 78.125 -1.8215
14.625 78.375 -1.6001
14.625 78.625 -1.9362
14.625 78.875 -1.4392
14.625 79.125 -1.396
14.625 79.375 -1.39
14.625 79.625 -0.09476
14.625 79.875 -0.50071
14.875 74.375 -2.3556
14.875 74.625 -1.7152
14.875 74.875 -1.7186
14.875 75.125 -0.37596
14.875 75.375 -1.7817
14.875 75.625 -1.335
14.875 75.875 -1.3318
14.875 76.125 -1.2186
14.875 76.375 -1.7071
14.875 76.625 -1.2192
14.875 76.875 0.02202
14.875 77.125 -0.87821
14.875 77.375 -1.2959
14.875 77.625 -1.5639
14.875 77.875 -1.4099
14.875 78.125 -1.8802
14.875 78.375 -1.7459
14.875 78.625 -1.2588
14.875 78.875 -1.3342
14.875 79.125 -1.7024
14.875 79.375 -1.3977
14.875 79.625 -1.273
14.875 79.875 -1.0135
15.125 74.125 -2.014
15.125 74.375 -2.4237
15.125 74.625 -1.1599
15.125 74.875 -1.4169
15.125 75.125 -1.2129
15.125 75.375 -0.80106
15.125 75.625 0.22881
15.125 75.875 -0.78505
15.125 76.125 -1.1607
15.125 76.375 -0.60057
15.125 76.625 -1.2231
15.125 76.875 -1.2561
15.125 77.125 -1.5796
15.125 77.375 -1.5271
15.125 77.625 -1.6733
15.125 77.875 -1.4028
15.125 78.125 -1.8399
15.125 78.375 -1.3878
15.125 78.625 -2.2003
15.125 78.875 0.39921
15.125 79.125 -1.0236
15.125 79.375 -1.4271
15.125 79.625 -1.4883
15.125 79.875 -1.6051
15.375 73.875 -2.2971
15.375 74.125 -2.1765
15.375 74.375 -1.461
15.375 74.625 -2.3489
15.375 74.875 -0.025722
15.375 75.125 -1.3448
15.375 75.375 0.06137
15.375 75.625 -0.5603
15.375 75.875 -0.84102
15.375 76.125 -1.0276
15.375 76.375 -0.59435
15.375 76.625 -1.4666
15.375 76.875 -1.4387
15.375 77.125 -1.8275
15.375 77.375 -1.9093
15.375 77.625 -1.9997
15.375 77.875 -1.9354
15.375 78.125 -1.8122
15.375 78.375 -1.399
15.375 78.625 -1.4362
15.375 78.875 -1.9169
15.375 79.125 -1.3248
15.375 79.375 -1.787
15.375 79.625 -1.8877
15.375 79.875 -1.8031
15.625 73.875 -1.7573
15.625 74.125 -2.0716
15.625 74.375 -2.2663
15.625 74.625 -0.33342
15.625 74.875 -1.4599
15.625 75.125 -1.0665
15.625 75.375 -0.89273
15.625 75.625 -0.60509
15.625 75.875 -0.94461
15.625 76.125 -1.5747
15.625 76.375 -1.3103
15.625 76.625 -0.85007
15.625 76.875 -1.0158
15.625 77.125 -1.9883
15.625 77.375 -1.8204
15.625 77.625 -1.6958
15.625 77.875 -1.7108
15.625 78.125 -1.7111
15.625 78.375 -1.5282
15.625 78.625 -1.6568
15.625 78.875 -1.0522
15.625 79.125 -1.7119
15.625 79.375 -1.897
15.625 79.625 -1.7891
15.625 79.875 -1.9294
15.625 80.125 -1.6767
15.875 73.875 -1.594
15.875 74.125 -1.6211
15.875 74.375 -1.7044
15.875 74.625 -1.3176
15.875 74.875 -1.9281
15.875 75.125 -1.5454
15.875 75.375 -0.86622
15.875 75.625 -1.435
15.875 75.875 -1.4846
15.875 76.125 -1.5182
15.875 76.375 -1.5344
15.875 76.625 -1.2112
15.875 76.875 -0.86282
15.875 77.125 -2.0235
15.875 77.375 -1.8507
15.875 77.625 -2.1621
15.875 77.875 -1.9638
15.875 78.125 -1.8975
15.875 78.375 -1.5436
15.875 78.625 -1.7059
15.875 78.875 -1.391
15.875 79.125 -1.6764
15.875 79.375 -1.8628
15.875 79.625 -1.8841
15.875 79.875 -2.0167
15.875 80.125 -1.3213
15.875 80.375 -1.8682
NaN NaN NaN
15.875 80.875 -1.8271
16.125 73.625 -2.3338
16.125 73.875 -2.4184
16.125 74.125 -2.404
16.125 74.375 -2.2665
16.125 74.625 -1.271
16.125 74.875 -0.77357
16.125 75.125 -2.0373
16.125 75.375 -1.7354
16.125 75.625 -1.545
16.125 75.875 -1.7338
16.125 76.125 -1.4473
16.125 76.375 -1.4529
16.125 76.625 -1.5005
16.125 76.875 -1.6955
16.125 77.125 -1.7702
16.125 77.375 -1.5293
16.125 77.625 -1.8131
16.125 77.875 -1.9835
16.125 78.125 -2.0895
16.125 78.375 -2.0247
16.125 78.625 -1.7824
16.125 78.875 -1.9291
16.125 79.125 -1.4045
16.125 79.375 -1.3309
16.125 79.625 -1.7073
16.125 79.875 -1.5497
16.125 80.125 -1.3206
16.125 80.375 -0.74097
16.125 80.625 -1.4473
16.125 80.875 -1.0752
16.375 73.625 -1.3367
16.375 73.875 -2.4304
16.375 74.125 -2.4407
16.375 74.375 -2.3885
16.375 74.625 -1.8722
16.375 74.875 -1.2016
16.375 75.125 -1.1417
16.375 75.375 -0.65251
16.375 75.625 -1.9016
16.375 75.875 -1.7661
16.375 76.125 -1.2371
16.375 76.375 -1.6868
16.375 76.625 -1.8107
16.375 76.875 -1.7138
16.375 77.125 -1.4965
16.375 77.375 -1.5635
16.375 77.625 -2.3955
16.375 77.875 -2.1589
16.375 78.125 -1.967
16.375 78.375 -2.2995
16.375 78.625 -2.358
16.375 78.875 -2.2618
16.375 79.125 -1.1302
16.375 79.375 -1.1864
16.375 79.625 -1.9474
16.375 79.875 -1.2615
16.375 80.125 -1.7606
16.375 80.375 -2.0227
16.375 80.625 -1.8833
16.375 80.875 -1.7428
16.375 81.125 -1.2789
NaN NaN NaN
NaN NaN NaN
16.625 73.625 -2.4283
16.625 73.875 -2.4296
16.625 74.125 -2.4302
16.625 74.375 -2.4012
16.625 74.625 -1.9317
16.625 74.875 -1.5615
16.625 75.125 -0.77814
16.625 75.375 -1.893
16.625 75.625 -1.8899
16.625 75.875 -1.3406
16.625 76.125 -1.1599
16.625 76.375 -1.9143
16.625 76.625 -1.8731
16.625 76.875 -1.5689
16.625 77.125 -1.3641
16.625 77.375 -2.0324
16.625 77.625 -2.3039
16.625 77.875 -2.2464
16.625 78.125 -1.8938
16.625 78.375 -2.0283
16.625 78.625 -1.9865
16.625 78.875 -1.9588
16.625 79.125 -2.1032
16.625 79.375 -0.80397
16.625 79.625 -0.83808
16.625 79.875 -1.575
16.625 80.125 -1.4212
16.625 80.375 -1.6111
16.625 80.625 -1.6526
16.625 80.875 -2.1704
16.625 81.125 -2.3214
16.625 81.375 -1.7706
16.625 81.625 -2.1845
16.625 81.875 -1.7595
16.625 82.125 -1.264
16.875 73.375 -2.3106
16.875 73.625 -2.4393
16.875 73.875 -2.431
16.875 74.125 -2.3938
16.875 74.375 -0.62677
16.875 74.625 -1.2997
16.875 74.875 -1.4054
16.875 75.125 -1.2424
16.875 75.375 -1.4744
16.875 75.625 -1.1605
16.875 75.875 -1.5061
16.875 76.125 -1.9934
16.875 76.375 -1.7783
16.875 76.625 -2.2393
16.875 76.875 -2.3159
16.875 77.125 -1.851
16.875 77.375 -1.6923
16.875 77.625 -2.0092
16.875 77.875 -1.3095
16.875 78.125 -1.4558
16.875 78.375 -1.5667
16.875 78.625 -1.4346
16.875 78.875 -2.0488
16.875 79.125 -2.152
16.875 79.375 -1.0951
16.875 79.625 -1.5828
16.875 79.875 -1.1567
16.875 80.125 -1.3718
16.875 80.375 -1.5279
16.875 80.625 -2.0013
16.875 80.875 -2.0935
16.875 81.125 -2.0048
16.875 81.375 -2.3171
16.875 81.625 -2.368
16.875 81.875 -1.6578
16.875 82.125 -1.9678
17.125 73.375 -2.4163
17.125 73.625 -2.4338
17.125 73.875 -2.434
17.125 74.125 -2.3134
17.125 74.375 -1.5752
17.125 74.625 -1.8667
17.125 74.875 -1.868
17.125 75.125 -2.3045
17.125 75.375 -1.6813
17.125 75.625 -1.066
17.125 75.875 -2.0169
17.125 76.125 -2.2492
17.125 76.375 -2.0988
17.125 76.625 -2.2718
17.125 76.875 -2.0668
17.125 77.125 -1.7801
17.125 77.375 -1.4438
17.125 77.625 -1.8899
17.125 77.875 -1.0633
17.125 78.125 -2.1494
17.125 78.375 -2.1324
17.125 78.625 -0.98087
17.125 78.875 -0.26611
17.125 79.125 -0.55712
17.125 79.375 -0.96641
17.125 79.625 -1.1851
17.125 79.875 -0.72267
17.125 80.125 -1.0101
17.125 80.375 -1.7721
17.125 80.625 -1.8853
17.125 80.875 -2.2551
17.125 81.125 -2.1138
17.125 81.375 -2.22
17.125 81.625 -1.929
17.125 81.875 -1.3835
17.125 82.125 -0.89183
17.125 82.375 -1.4102
17.375 73.375 -2.4012
17.375 73.625 -2.4276
17.375 73.875 -2.4333
17.375 74.125 -2.4138
17.375 74.375 -1.7839
17.375 74.625 -2.0764
17.375 74.875 -1.866
17.375 75.125 -2.3879
17.375 75.375 -2.2084
17.375 75.625 -2.1482
17.375 75.875 -2.3582
17.375 76.125 -2.1909
17.375 76.375 -2.0497
17.375 76.625 -1.9197
17.375 76.875 -1.5312
17.375 77.125 -1.4641
17.375 77.375 -1.6754
17.375 77.625 -1.4023
17.375 77.875 -1.0362
17.375 78.125 -1.0833
17.375 78.375 -1.1639
17.375 78.625 -1.8119
17.375 78.875 0.0006042
17.375 79.125 0.26122
17.375 79.375 -0.1454
17.375 79.625 -1.3342
17.375 79.875 -1.027
17.375 80.125 -1.2455
17.375 80.375 -2.0383
17.375 80.625 -2.247
17.375 80.875 -2.349
17.375 81.125 -1.9374
17.375 81.375 -2.3614
17.375 81.625 -2.2541
17.375 81.875 -1.5824
17.375 82.125 -1.1773
17.375 82.375 -1.8851
NaN NaN NaN
17.625 73.375 -2.3755
17.625 73.625 -2.4268
17.625 73.875 -2.4177
17.625 74.125 -2.37
17.625 74.375 -1.3702
17.625 74.625 -2.3231
17.625 74.875 -1.853
17.625 75.125 -2.1762
17.625 75.375 -2.1631
17.625 75.625 -2.1226
17.625 75.875 -2.3908
17.625 76.125 -2.2731
17.625 76.375 -2.2204
17.625 76.625 -1.7476
17.625 76.875 -1.7974
17.625 77.125 -2.0721
17.625 77.375 -1.9861
17.625 77.625 -2.0504
17.625 77.875 -2.0499
17.625 78.125 -1.3408
17.625 78.375 -0.45789
17.625 78.625 -0.26928
17.625 78.875 -0.91289
17.625 79.125 -0.72118
17.625 79.375 -1.7274
17.625 79.625 -2.0592
17.625 79.875 -1.8392
17.625 80.125 -1.6602
17.625 80.375 -2.351
17.625 80.625 -2.2424
17.625 80.875 -2.0689
17.625 81.125 -1.5138
17.625 81.375 -0.32701
17.625 81.625 -2.3066
17.625 81.875 -2.1977
17.625 82.125 -1.9593
17.625 82.375 -2.0643
17.625 82.625 -1.9538
17.625 82.875 -1.9418
17.625 83.125 -1.78
17.875 73.375 -0.36318
17.875 73.625 -2.413
17.875 73.875 -2.2925
17.875 74.125 -2.0086
17.875 74.375 -1.164
17.875 74.625 -1.8492
17.875 74.875 -1.8456
17.875 75.125 -2.4211
17.875 75.375 -2.3198
17.875 75.625 -2.3197
17.875 75.875 -2.2829
17.875 76.125 -2.2753
17.875 76.375 -2.2772
17.875 76.625 -2.0589
17.875 76.875 -2.0847
17.875 77.125 -1.6726
17.875 77.375 -1.4629
17.875 77.625 -0.55099
17.875 77.875 0.25636
17.875 78.125 0.83189
17.875 78.375 0.97373
17.875 78.625 0.58169
17.875 78.875 -0.57388
17.875 79.125 -1.2087
17.875 79.375 -1.6233
17.875 79.625 -1.8093
17.875 79.875 -1.8769
17.875 80.125 -1.7356
17.875 80.375 -2.277
17.875 80.625 -2.1372
17.875 80.875 -1.9099
17.875 81.125 -0.58659
17.875 81.375 -1.5116
17.875 81.625 -0.89701
17.875 81.875 -2.4133
17.875 82.125 -2.427
17.875 82.375 -2.1065
17.875 82.625 -1.5074
17.875 82.875 -0.47378
17.875 83.125 -1.4904
17.875 83.375 -0.75207
NaN NaN NaN
18.125 73.375 -2.4319
18.125 73.625 -2.4072
18.125 73.875 0.39337
18.125 74.125 -1.5222
18.125 74.375 -0.88964
18.125 74.625 -1.535
18.125 74.875 -1.8492
18.125 75.125 -2.2662
18.125 75.375 -2.1599
18.125 75.625 -2.3596
18.125 75.875 -2.3595
18.125 76.125 -1.9928
18.125 76.375 -2.1942
18.125 76.625 -2.3711
18.125 76.875 -2.2338
18.125 77.125 -0.70829
18.125 77.375 0.10342
18.125 77.625 1.0818
18.125 77.875 -0.19066
18.125 78.125 0.69292
18.125 78.375 -0.39193
18.125 78.625 -0.053796
18.125 78.875 -0.52368
18.125 79.125 -1.0128
18.125 79.375 -1.8595
18.125 79.625 -0.72966
18.125 79.875 -1.7172
18.125 80.125 -1.3068
18.125 80.375 -2.2914
18.125 80.625 -1.985
18.125 80.875 -0.68446
18.125 81.125 -2.4058
18.125 81.375 -1.454
18.125 81.625 -1.9606
18.125 81.875 -0.62607
18.125 82.125 -2.2965
18.125 82.375 -2.3788
18.125 82.625 -2.3981
18.125 82.875 -2.0386
18.125 83.125 -1.0459
18.125 83.375 -1.2803
18.125 83.625 -1.6439
18.375 73.125 -2.3632
18.375 73.375 -2.4281
18.375 73.625 -2.3342
18.375 73.875 -0.53122
18.375 74.125 -1.4913
18.375 74.375 -1.295
18.375 74.625 -1.801
18.375 74.875 -2.2609
18.375 75.125 -2.1967
18.375 75.375 -1.5696
18.375 75.625 -2.0932
18.375 75.875 -2.2838
18.375 76.125 -1.6247
18.375 76.375 -2.1489
18.375 76.625 -1.8696
18.375 76.875 -2.1371
18.375 77.125 -2.3066
18.375 77.375 -1.7328
18.375 77.625 0.45696
18.375 77.875 -0.5346
18.375 78.125 0.59508
18.375 78.375 0.36306
18.375 78.625 0.29889
18.375 78.875 -1.2189
18.375 79.125 -1.393
18.375 79.375 -0.74873
18.375 79.625 -0.35371
18.375 79.875 -1.4602
18.375 80.125 -0.34933
18.375 80.375 -0.23098
18.375 80.625 -0.91794
18.375 80.875 -1.9411
18.375 81.125 -2.3869
18.375 81.375 -2.4154
18.375 81.625 -2.4019
18.375 81.875 -2.2948
18.375 82.125 -2.2967
18.375 82.375 -2.3695
18.375 82.625 -2.2408
18.375 82.875 -2.3552
18.375 83.125 -1.4744
18.375 83.375 -1.4449
18.375 83.625 -1.2433
18.375 83.875 -1.2133
18.625 73.125 -2.3842
18.625 73.375 -1.1025
18.625 73.625 -1.9194
18.625 73.875 -1.2486
18.625 74.125 -2.1353
18.625 74.375 -1.0615
18.625 74.625 -1.8139
18.625 74.875 -1.3755
18.625 75.125 -2.1705
18.625 75.375 -2.3614
18.625 75.625 -2.1683
18.625 75.875 -2.0119
18.625 76.125 -1.9794
18.625 76.375 -2.035
18.625 76.625 -1.4729
18.625 76.875 -1.922
18.625 77.125 -1.9821
18.625 77.375 -0.80133
18.625 77.625 0.32406
18.625 77.875 0.30662
18.625 78.125 -1.9193
18.625 78.375 -1.2487
18.625 78.625 -2.2401
18.625 78.875 -0.97601
18.625 79.125 0.052153
18.625 79.375 -1.8218
18.625 79.625 -1.8464
18.625 79.875 -1.4239
18.625 80.125 -1.8773
18.625 80.375 -1.9209
18.625 80.625 -0.27006
18.625 80.875 -0.77897
18.625 81.125 -1.4532
18.625 81.375 -2.3571
18.625 81.625 -2.4154
18.625 81.875 -2.404
18.625 82.125 -2.2802
18.625 82.375 -2.0805
18.625 82.625 -2.267
18.625 82.875 -2.2678
18.625 83.125 -1.7612
18.625 83.375 -1.2654
18.625 83.625 -1.0959
18.625 83.875 -1.3537
18.625 84.125 -1.8575
18.875 73.125 -0.028414
18.875 73.375 -2.4345
18.875 73.625 -1.1319
18.875 73.875 -0.28329
18.875 74.125 -1.7011
18.875 74.375 -1.5542
18.875 74.625 -1.4919
18.875 74.875 -1.1653
18.875 75.125 -2.179
18.875 75.375 -2.2977
18.875 75.625 -2.237
18.875 75.875 -2.2118
18.875 76.125 -1.5202
18.875 76.375 -1.4596
18.875 76.625 -1.8679
18.875 76.875 -1.6926
18.875 77.125 -1.1623
18.875 77.375 -1.7786
18.875 77.625 -1.2743
18.875 77.875 -1.3299
18.875 78.125 -2.1614
18.875 78.375 -2.0513
18.875 78.625 -0.0027027
18.875 78.875 -0.46942
18.875 79.125 0.34525
18.875 79.375 -1.9431
18.875 79.625 -1.3045
18.875 79.875 -1.577
18.875 80.125 -2.3989
18.875 80.375 -2.4047
18.875 80.625 -2.4181
18.875 80.875 -0.073216
18.875 81.125 -0.36984
18.875 81.375 -2.1745
18.875 81.625 -2.4009
18.875 81.875 -2.1192
18.875 82.125 -1.4832
18.875 82.375 -1.1939
18.875 82.625 -2.3887
18.875 82.875 -2.3025
18.875 83.125 -2.2864
18.875 83.375 -0.89907
18.875 83.625 -0.55803
18.875 83.875 -0.86149
18.875 84.125 -1.0869
18.875 84.375 -0.87263
19.125 73.125 -2.4228
19.125 73.375 -1.791
19.125 73.625 -2.3258
19.125 73.875 -1.0847
19.125 74.125 -1.5409
19.125 74.375 -1.4505
19.125 74.625 -1.4174
19.125 74.875 -1.7368
19.125 75.125 -1.5856
19.125 75.375 -2.079
19.125 75.625 -2.1274
19.125 75.875 -1.7474
19.125 76.125 -1.8162
19.125 76.375 -1.4421
19.125 76.625 -1.3085
19.125 76.875 -1.5335
19.125 77.125 -1.8023
19.125 77.375 -0.57117
19.125 77.625 -2.0923
19.125 77.875 -2.3616
19.125 78.125 -2.3615
19.125 78.375 -2.3369
19.125 78.625 -1.5402
19.125 78.875 -2.2552
19.125 79.125 0.18486
19.125 79.375 -1.0215
19.125 79.625 -0.28609
19.125 79.875 -0.46781
19.125 80.125 -2.3423
19.125 80.375 -2.3702
19.125 80.625 0.16846
19.125 80.875 -1.4293
19.125 81.125 0.43695
19.125 81.375 0.0020274
19.125 81.625 -1.4825
19.125 81.875 -1.8277
19.125 82.125 -1.0193
19.125 82.375 -1.1691
19.125 82.625 -1.7249
19.125 82.875 -1.1759
19.125 83.125 -0.24393
19.125 83.375 -0.68484
19.125 83.625 -1.0654
19.125 83.875 -0.086652
19.125 84.125 -0.0025941
19.125 84.375 -1.2352
19.125 84.625 -0.51527
19.375 72.875 -2.2348
19.375 73.125 -2.418
19.375 73.375 -2.3055
19.375 73.625 -2.2894
19.375 73.875 -1.8566
19.375 74.125 -0.9073
19.375 74.375 -1.3462
19.375 74.625 -1.4135
19.375 74.875 -1.3009
19.375 75.125 -1.7274
19.375 75.375 -1.6265
19.375 75.625 -1.8214
19.375 75.875 -2.2389
19.375 76.125 -2.0314
19.375 76.375 -2.26
19.375 76.625 -2.214
19.375 76.875 -2.2487
19.375 77.125 -1.9626
19.375 77.375 -2.3193
19.375 77.625 -2.342
19.375 77.875 -2.3823
19.375 78.125 -2.4138
19.375 78.375 -2.3036
19.375 78.625 -1.8489
19.375 78.875 -0.58605
19.375 79.125 -0.50986
19.375 79.375 -0.70573
19.375 79.625 -1.5484
19.375 79.875 -2.3869
19.375 80.125 -0.32252
19.375 80.375 0.066005
19.375 80.625 -1.7591
19.375 80.875 -0.27923
19.375 81.125 -0.63283
19.375 81.375 -1.063
19.375 81.625 -1.1052
19.375 81.875 -2.3676
19.375 82.125 -2.173
19.375 82.375 -1.05
19.375 82.625 -1.173
19.375 82.875 -1.9643
19.375 83.125 -1.236
19.375 83.375 -0.68324
19.375 83.625 -0.5059
19.375 83.875 -2.0176
19.375 84.125 -0.78919
19.375 84.375 -0.056199
19.375 84.625 0.80991
19.375 84.875 0.86375
19.625 72.875 -2.3206
19.625 73.125 -2.3549
19.625 73.375 -2.4088
19.625 73.625 -2.4214
19.625 73.875 -1.4972
19.625 74.125 -1.6326
19.625 74.375 -1.2265
19.625 74.625 -1.8111
19.625 74.875 -2.1956
19.625 75.125 -1.7812
19.625 75.375 -1.8157
19.625 75.625 -2.3555
19.625 75.875 -1.8748
19.625 76.125 -2.0073
19.625 76.375 -2.099
19.625 76.625 -2.2743
19.625 76.875 -2.2701
19.625 77.125 -2.2813
19.625 77.375 -2.0644
19.625 77.625 -2.0251
19.625 77.875 -2.3861
19.625 78.125 -2.4211
19.625 78.375 -2.3859
19.625 78.625 -1.7754
19.625 78.875 -0.85111
19.625 79.125 -1.5203
19.625 79.375 -2.351
19.625 79.625 -2.0631
19.625 79.875 -1.287
19.625 80.125 -0.2434
19.625 80.375 0.17133
19.625 80.625 -0.35503
19.625 80.875 -1.5613
19.625 81.125 -1.5704
19.625 81.375 -1.8028
19.625 81.625 -1.648
19.625 81.875 -2.395
19.625 82.125 -1.9303
19.625 82.375 -1.7425
19.625 82.625 -0.77168
19.625 82.875 -1.8587
19.625 83.125 -0.17395
19.625 83.375 0.89895
19.625 83.625 0.48744
19.625 83.875 0.15635
19.625 84.125 -0.92241
19.625 84.375 -0.31078
19.625 84.625 0.80719
19.625 84.875 0.67037
19.625 85.125 -0.67239
19.625 85.375 -1.2852
19.875 72.875 -2.1627
19.875 73.125 -2.367
19.875 73.375 -2.3687
19.875 73.625 -2.4175
19.875 73.875 -2.3411
19.875 74.125 -1.0702
19.875 74.375 -1.238
19.875 74.625 -1.8784
19.875 74.875 -0.64855
19.875 75.125 -1.8271
19.875 75.375 -2.251
19.875 75.625 -1.6099
19.875 75.875 -0.98115
19.875 76.125 -0.97192
19.875 76.375 -0.81022
19.875 76.625 -2.0977
19.875 76.875 -1.8842
19.875 77.125 -2.122
19.875 77.375 -2.2078
19.875 77.625 -2.3168
19.875 77.875 -2.2003
19.875 78.125 -2.3894
19.875 78.375 -2.4113
19.875 78.625 -2.3588
19.875 78.875 -0.93327
19.875 79.125 -1.4794
19.875 79.375 -2.3036
19.875 79.625 -2.1445
19.875 79.875 -0.80317
19.875 80.125 0.33775
19.875 80.375 -0.56681
19.875 80.625 -0.58985
19.875 80.875 0.46791
19.875 81.125 0.55146
19.875 81.375 -1.6585
19.875 81.625 -2.3942
19.875 81.875 -2.1184
19.875 82.125 -0.23871
19.875 82.375 -0.43158
19.875 82.625 0.29833
19.875 82.875 -0.78176
19.875 83.125 0.15104
19.875 83.375 0.44917
19.875 83.625 1.3401
19.875 83.875 -0.087113
19.875 84.125 -1.1459
19.875 84.375 -0.42448
19.875 84.625 -0.93916
19.875 84.875 -2.1568
19.875 85.125 0.043739
19.875 85.375 0.31946
NaN NaN NaN
NaN NaN NaN
NaN NaN NaN
20.125 72.875 -2.213
20.125 73.125 -2.3823
20.125 73.375 -2.3928
20.125 73.625 -2.4362
20.125 73.875 -2.3745
20.125 74.125 -0.33425
20.125 74.375 -1.0735
20.125 74.625 -1.8046
20.125 74.875 -0.99368
20.125 75.125 -1.41
20.125 75.375 -1.1761
20.125 75.625 -1.6272
20.125 75.875 -1.8037
20.125 76.125 -1.7633
20.125 76.375 -1.7992
20.125 76.625 -2.1232
20.125 76.875 -2.0332
20.125 77.125 -1.9566
20.125 77.375 -2.1887
20.125 77.625 -2.1198
20.125 77.875 -2.3245
20.125 78.125 -2.3658
20.125 78.375 -2.4305
20.125 78.625 -1.7669
20.125 78.875 -1.4328
20.125 79.125 -1.8049
20.125 79.375 -1.9656
20.125 79.625 0.56682
20.125 79.875 0.289
20.125 80.125 -1.4734
20.125 80.375 -1.127
20.125 80.625 -1.2669
20.125 80.875 -0.18987
20.125 81.125 -1.4976
20.125 81.375 0.37778
20.125 81.625 -0.38905
20.125 81.875 1.7065
20.125 82.125 1.5301
20.125 82.375 -1.4283
20.125 82.625 0.12147
20.125 82.875 -2.356
20.125 83.125 -2.225
20.125 83.375 -2.2962
20.125 83.625 -0.3799
20.125 83.875 -0.48175
20.125 84.125 -0.90084
20.125 84.375 -1.2414
20.125 84.625 -0.44194
20.125 84.875 -1.4576
20.125 85.125 -1.4686
20.125 85.375 -2.4062
20.125 85.625 -1.4627
20.125 85.875 -1.0499
20.125 86.125 -1.8796
NaN NaN NaN
20.375 73.125 -0.093606
20.375 73.375 -2.3875
20.375 73.625 -2.4363
20.375 73.875 -2.3791
20.375 74.125 -2.2283
20.375 74.375 -1.8731
20.375 74.625 -1.9432
20.375 74.875 -1.3873
20.375 75.125 -0.5334
20.375 75.375 0.43421
20.375 75.625 -1.5281
20.375 75.875 -2.3007
20.375 76.125 -2.0809
20.375 76.375 -2.3469
20.375 76.625 -2.2847
20.375 76.875 -2.2433
20.375 77.125 -2.3023
20.375 77.375 -2.2818
20.375 77.625 -1.8267
20.375 77.875 -2.3215
20.375 78.125 -2.3523
20.375 78.375 -2.3578
20.375 78.625 -2.2671
20.375 78.875 -1.9351
20.375 79.125 -1.8665
20.375 79.375 -0.94889
20.375 79.625 -1.2399
20.375 79.875 -1.3449
20.375 80.125 -0.65609
20.375 80.375 -1.9557
20.375 80.625 -1.7707
20.375 80.875 -0.45631
20.375 81.125 0.3017
20.375 81.375 0.15502
20.375 81.625 -0.21082
20.375 81.875 0.89731
20.375 82.125 0.055007
20.375 82.375 0.90393
20.375 82.625 0.18852
20.375 82.875 -1.8266
20.375 83.125 -2.3923
20.375 83.375 -2.4328
20.375 83.625 -1.6937
20.375 83.875 -1.4762
20.375 84.125 -0.61581
20.375 84.375 -1.5338
20.375 84.625 -2.0545
20.375 84.875 -0.54796
20.375 85.125 -0.83583
20.375 85.375 -1.4999
20.375 85.625 -0.48999
20.375 85.875 -0.018465
20.375 86.125 0.39986
20.375 86.375 -0.2487
NaN NaN NaN
20.625 73.125 -1.4577
20.625 73.375 -0.44154
20.625 73.625 -0.25897
20.625 73.875 -1.5345
20.625 74.125 -1.8376
20.625 74.375 -1.8821
20.625 74.625 -1.5109
20.625 74.875 0.33787
20.625 75.125 -2.1479
20.625 75.375 -2.4358
20.625 75.625 -2.4033
20.625 75.875 -2.365
20.625 76.125 -1.6358
20.625 76.375 -2.3377
20.625 76.625 -2.2538
20.625 76.875 -2.0103
20.625 77.125 -2.1133
20.625 77.375 -1.9078
20.625 77.625 -1.4912
20.625 77.875 -2.1119
20.625 78.125 -1.3339
20.625 78.375 -1.5364
20.625 78.625 -2.155
20.625 78.875 -1.9776
20.625 79.125 -1.6406
20.625 79.375 -1.3702
20.625 79.625 -1.2029
20.625 79.875 -1.2337
20.625 80.125 -2.1145
20.625 80.375 -2.4256
20.625 80.625 -2.024
20.625 80.875 -2.4222
20.625 81.125 -1.5101
20.625 81.375 -0.32186
20.625 81.625 -0.11782
20.625 81.875 0.34324
20.625 82.125 -2.0808
20.625 82.375 0.17249
20.625 82.625 -1.0971
20.625 82.875 -1.6401
20.625 83.125 -2.0035
20.625 83.375 -2.4266
20.625 83.625 -0.92501
20.625 83.875 -1.4813
20.625 84.125 -2.0062
20.625 84.375 -1.032
20.625 84.625 -0.41632
20.625 84.875 -0.47257
20.625 85.125 -0.58456
20.625 85.375 -2.1256
20.625 85.625 -2.3392
20.625 85.875 -0.77889
20.625 86.125 -0.12912
20.625 86.375 0.45027
20.625 86.625 0.4132
NaN NaN NaN
20.875 70.625 -0.013348
20.875 70.875 -0.17979
20.875 71.125 -0.22367
20.875 71.375 -0.84513
20.875 72.875 -1.0017
20.875 73.125 -1.3073
20.875 73.375 -1.7865
20.875 73.625 -1.0055
20.875 73.875 0.26632
20.875 74.125 -2.2789
20.875 74.375 -2.3076
20.875 74.625 -1.4
20.875 74.875 -1.007
20.875 75.125 -2.1037
20.875 75.375 -2.3018
20.875 75.625 -2.2561
20.875 75.875 -2.2574
20.875 76.125 -2.1327
20.875 76.375 -2.1915
20.875 76.625 -2.2186
20.875 76.875 -2.082
20.875 77.125 -2.1879
20.875 77.375 -2.2996
20.875 77.625 -2.1974
20.875 77.875 -2.247
20.875 78.125 -1.0884
20.875 78.375 -1.2767
20.875 78.625 -1.9952
20.875 78.875 -1.7714
20.875 79.125 -2.2555
20.875 79.375 -1.4077
20.875 79.625 -1.1992
20.875 79.875 -1.4949
20.875 80.125 -1.6576
20.875 80.375 -1.9102
20.875 80.625 0.071203
20.875 80.875 0.38912
20.875 81.125 -1.764
20.875 81.375 -1.5221
20.875 81.625 -2.412
20.875 81.875 -0.53736
20.875 82.125 -1.0833
20.875 82.375 -1.8057
20.875 82.625 -2.031
20.875 82.875 -1.6279
20.875 83.125 -2.1655
20.875 83.375 -2.4166
20.875 83.625 -1.8487
20.875 83.875 0.19302
20.875 84.125 -2.4196
20.875 84.375 -2.4158
20.875 84.625 -0.92972
20.875 84.875 -2.201
20.875 85.125 -1.5832
20.875 85.375 -1.4644
20.875 85.625 -1.3204
20.875 85.875 -1.027
20.875 86.125 -1.5477
20.875 86.375 0.53254
20.875 86.625 0.98387
21.125 70.375 0.19598
21.125 70.625 -0.88001
21.125 70.875 -1.745
21.125 71.125 -1.2087
21.125 71.375 -0.59145
NaN NaN NaN
NaN NaN NaN
21.125 72.875 -2.0768
21.125 73.125 -2.2233
21.125 73.375 -0.54949
21.125 73.625 -1.8638
21.125 73.875 -2.1171
21.125 74.125 -1.4063
21.125 74.375 -2.2124
21.125 74.625 -1.8597
21.125 74.875 -2.0462
21.125 75.125 -2.1961
21.125 75.375 -2.2739
21.125 75.625 -1.7428
21.125 75.875 -2.0774
21.125 76.125 -1.9852
21.125 76.375 -2.214
21.125 76.625 -2.1109
21.125 76.875 -2.3843
21.125 77.125 -2.2429
21.125 77.375 -2.0438
21.125 77.625 -2.0245
21.125 77.875 -1.7111
21.125 78.125 -2.1573
21.125 78.375 -2.1713
21.125 78.625 -2.1067
21.125 78.875 -1.5057
21.125 79.125 -0.87938
21.125 79.375 -0.87055
21.125 79.625 0.26501
21.125 79.875 -0.98806
21.125 80.125 -2.3303
21.125 80.375 -2.3888
21.125 80.625 -1.3659
21.125 80.875 -0.98584
21.125 81.125 0.42603
21.125 81.375 0.96876
21.125 81.625 -2.4138
21.125 81.875 -0.8919
21.125 82.125 -2.2452
21.125 82.375 -1.6504
21.125 82.625 -1.9807
21.125 82.875 -1.4746
21.125 83.125 -1.8898
21.125 83.375 -2.3484
21.125 83.625 -2.2422
21.125 83.875 0.51294
21.125 84.125 -2.3105
21.125 84.375 0.014212
21.125 84.625 -2.2209
21.125 84.875 -2.3328
21.125 85.125 -1.5594
21.125 85.375 -1.1393
21.125 85.625 -1.6389
21.125 85.875 -1.2417
21.125 86.125 -0.55346
21.125 86.375 0.91222
21.125 86.625 -0.16348
21.375 70.125 -1.5576
21.375 70.375 -0.73894
21.375 70.625 -0.15664
21.375 70.875 -1.5207
21.375 71.125 -0.47401
21.375 71.375 -2.0807
21.375 71.625 -1.5541
21.375 71.875 -1.5193
21.375 72.875 -2.2233
21.375 73.125 -1.5177
21.375 73.375 -0.96444
21.375 73.625 -1.5155
21.375 73.875 -1.9704
21.375 74.125 -2.1826
21.375 74.375 -2.0488
21.375 74.625 -1.7533
21.375 74.875 -1.323
21.375 75.125 -1.3524
21.375 75.375 -1.772
21.375 75.625 -1.4136
21.375 75.875 -2.0607
21.375 76.125 -1.8159
21.375 76.375 -1.5432
21.375 76.625 -1.7657
21.375 76.875 -2.2035
21.375 77.125 -2.0752
21.375 77.375 -1.1459
21.375 77.625 -1.4302
21.375 77.875 -1.7166
21.375 78.125 -1.7742
21.375 78.375 -2.1914
21.375 78.625 -1.8434
21.375 78.875 -0.93386
21.375 79.125 -1.1164
21.375 79.375 -1.7099
21.375 79.625 -2.2488
21.375 79.875 -2.4288
21.375 80.125 -2.3848
21.375 80.375 -2.2503
21.375 80.625 -2.4159
21.375 80.875 -2.2021
21.375 81.125 -2.3915
21.375 81.375 1.0615
21.375 81.625 -2.3716
21.375 81.875 1.1488
21.375 82.125 0.14395
21.375 82.375 -2.3847
21.375 82.625 -2.265
21.375 82.875 -2.1305
21.375 83.125 -2.395
21.375 83.375 -2.0437
21.375 83.625 -1.9863
21.375 83.875 -1.7958
21.375 84.125 0.26444
21.375 84.375 -1.873
21.375 84.625 -1.8913
21.375 84.875 -0.59751
21.375 85.125 0.42616
21.375 85.375 0.33913
21.375 85.625 0.038701
21.375 85.875 -0.60625
21.375 86.125 -2.0789
21.375 86.375 0.5382
21.375 86.625 0.79764
21.375 86.875 0.7326
21.625 69.875 -1.6623
21.625 70.125 -1.8244
21.625 70.375 -1.3084
21.625 70.625 -1.1945
21.625 70.875 -0.52375
21.625 71.125 -1.0455
21.625 71.375 -1.6998
21.625 71.625 -2.0596
21.625 71.875 -1.9914
21.625 72.125 -1.783
21.625 72.875 -1.3476
21.625 73.125 -1.4288
21.625 73.375 -1.3948
21.625 73.625 -1.9312
21.625 73.875 -1.762
21.625 74.125 -1.4509
21.625 74.375 -1.4058
21.625 74.625 -1.2241
21.625 74.875 -0.24114
21.625 75.125 -0.6889
21.625 75.375 -1.3396
21.625 75.625 -1.3105
21.625 75.875 -1.7128
21.625 76.125 -1.7015
21.625 76.375 -1.8059
21.625 76.625 -1.8286
21.625 76.875 -1.5853
21.625 77.125 -0.9799
21.625 77.375 -0.41897
21.625 77.625 -1.9283
21.625 77.875 -0.83846
21.625 78.125 -0.54916
21.625 78.375 -1.854
21.625 78.625 -1.5542
21.625 78.875 -0.93678
21.625 79.125 -2.2048
21.625 79.375 -2.4106
21.625 79.625 -1.8122
21.625 79.875 -2.3901
21.625 80.125 -2.4251
21.625 80.375 -2.1516
21.625 80.625 -2.4102
21.625 80.875 -0.54608
21.625 81.125 -2.4035
21.625 81.375 -0.31953
21.625 81.625 -2.3727
21.625 81.875 -2.3679
21.625 82.125 -2.4314
21.625 82.375 -1.682
21.625 82.625 -1.2849
21.625 82.875 -2.4175
21.625 83.125 -2.285
21.625 83.375 -2.4038
21.625 83.625 -2.1883
21.625 83.875 -1.8234
21.625 84.125 0.11329
21.625 84.375 -0.92251
21.625 84.625 0.1417
21.625 84.875 -0.72618
21.625 85.125 0.28282
21.625 85.375 0.95927
21.625 85.625 -1.6526
21.625 85.875 -2.1593
21.625 86.125 -0.35096
21.625 86.375 1.1879
21.625 86.625 -0.21698
21.625 86.875 0.28264
21.625 87.125 -0.049056
NaN NaN NaN
NaN NaN NaN
21.875 69.625 -2.0324
21.875 69.875 -2.0639
21.875 70.125 -1.9533
21.875 70.375 -0.66735
21.875 70.625 -1.7286
21.875 70.875 -2.2387
21.875 71.125 -2.1104
21.875 71.375 -2.113
21.875 71.625 -2.0077
21.875 71.875 -1.999
21.875 72.125 -1.1992
NaN NaN NaN
21.875 72.875 -2.1693
21.875 73.125 -1.6522
21.875 73.375 -1.3265
21.875 73.625 -2.0215
21.875 73.875 -2.257
21.875 74.125 -2.3115
21.875 74.375 -2.3411
21.875 74.625 -2.3471
21.875 74.875 -1.535
21.875 75.125 -1.567
21.875 75.375 -1.3444
21.875 75.625 -1.0957
21.875 75.875 -1.5471
21.875 76.125 -1.6178
21.875 76.375 -1.5848
21.875 76.625 -1.2245
21.875 76.875 -1.594
21.875 77.125 -0.81211
21.875 77.375 0.003832
21.875 77.625 -0.48409
21.875 77.875 -1.3178
21.875 78.125 -0.55759
21.875 78.375 -0.27103
21.875 78.625 -0.75515
21.875 78.875 -0.81061
21.875 79.125 -1.726
21.875 79.375 -2.0126
21.875 79.625 -1.365
21.875 79.875 -1.1566
21.875 80.125 -0.5551
21.875 80.375 0.87791
21.875 80.625 0.8225
21.875 80.875 -2.3134
21.875 81.125 -0.90081
21.875 81.375 -1.1338
21.875 81.625 -1.4745
21.875 81.875 -2.2031
21.875 82.125 -2.4365
21.875 82.375 -2.4033
21.875 82.625 -0.57421
21.875 82.875 -2.4237
21.875 83.125 -1.8196
21.875 83.375 -2.405
21.875 83.625 -2.1518
21.875 83.875 -1.5083
21.875 84.125 -0.90485
21.875 84.375 -1.0597
21.875 84.625 0.4918
21.875 84.875 -1.2766
21.875 85.125 0.32769
21.875 85.375 1.3479
21.875 85.625 -1.4502
21.875 85.875 -1.8847
21.875 86.125 -0.37814
21.875 86.375 1.5817
21.875 86.625 0.12468
21.875 86.875 0.22128
21.875 87.125 -0.63463
21.875 87.375 -2.228
21.875 87.625 -1.8757
21.875 87.875 -0.97276
21.875 88.375 0.5324
NaN NaN NaN
NaN NaN NaN
22.125 69.125 -1.5936
22.125 69.375 -2.0217
22.125 69.625 -2.1794
22.125 69.875 -2.2011
22.125 70.125 -2.2228
22.125 70.375 -1.5599
22.125 70.625 -0.61077
22.125 70.875 -2.3316
22.125 71.125 -2.2036
22.125 71.375 -1.5641
22.125 71.625 -1.5867
22.125 71.875 -1.3463
22.125 72.125 -0.33392
NaN NaN NaN
22.125 72.875 -1.9854
22.125 73.125 -2.0353
22.125 73.375 -1.9292
22.125 73.625 -1.652
22.125 73.875 -2.258
22.125 74.125 -2.1091
22.125 74.375 -2.119
22.125 74.625 -2.1122
22.125 74.875 -1.3216
22.125 75.125 -1.7283
22.125 75.375 -2.1163
22.125 75.625 -1.6547
22.125 75.875 -1.4157
22.125 76.125 -0.75324
22.125 76.375 -1.6463
22.125 76.625 -1.3679
22.125 76.875 -1.6695
22.125 77.125 -1.1268
22.125 77.375 -0.65283
22.125 77.625 -0.84137
22.125 77.875 -0.67734
22.125 78.125 -1.1606
22.125 78.375 -0.7306
22.125 78.625 -0.39458
22.125 78.875 0.089085
22.125 79.125 -0.71594
22.125 79.375 -0.85533
22.125 79.625 -0.08264
22.125 79.875 0.32597
22.125 80.125 0.23262
22.125 80.375 0.14135
22.125 80.625 0.71551
22.125 80.875 -0.92548
22.125 81.125 -1.4396
22.125 81.375 -1.0166
22.125 81.625 -1.3572
22.125 81.875 -0.41522
22.125 82.125 -0.82897
22.125 82.375 -1.3629
22.125 82.625 -1.0174
22.125 82.875 -1.8842
22.125 83.125 -1.0168
22.125 83.375 -0.95575
22.125 83.625 -1.7975
22.125 83.875 -0.47763
22.125 84.125 -0.68322
22.125 84.375 -1.7533
22.125 84.625 -0.60905
22.125 84.875 -0.62909
22.125 85.125 0.13698
22.125 85.375 1.4685
22.125 85.625 0.14635
22.125 85.875 -0.49918
22.125 86.125 -0.64292
22.125 86.375 0.56075
22.125 86.625 -0.35878
22.125 86.875 -0.40345
22.125 87.125 -1.3082
22.125 87.375 -1.9982
22.125 87.625 -1.6941
22.125 87.875 -2.339
22.125 88.125 -2.4045
22.125 88.375 0.94587
NaN NaN NaN
22.375 69.125 -0.63782
22.375 69.875 -2.187
22.375 70.125 -2.2239
22.375 70.375 -2.273
22.375 70.625 -2.0503
22.375 70.875 -2.0905
22.375 71.125 -1.7301
22.375 71.375 -1.8128
22.375 71.625 -2.0838
22.375 71.875 -0.5322
22.375 72.125 -0.46773
NaN NaN NaN
22.375 72.875 -1.4774
22.375 73.125 -1.8955
22.375 73.375 -1.2374
22.375 73.625 -1.0429
22.375 73.875 -2.1971
22.375 74.125 -2.1449
22.375 74.375 -2.0201
22.375 74.625 -2.0513
22.375 74.875 -2.101
22.375 75.125 -2.1495
22.375 75.375 -1.8851
22.375 75.625 -1.5902
22.375 75.875 -0.73084
22.375 76.125 -0.83775
22.375 76.375 -0.94931
22.375 76.625 0.2015
22.375 76.875 -0.31343
22.375 77.125 -0.78025
22.375 77.375 -0.97816
22.375 77.625 -0.79088
22.375 77.875 0.089824
22.375 78.125 -2.3606
22.375 78.375 -0.49221
22.375 78.625 0.043526
22.375 78.875 0.57223
22.375 79.125 0.52813
22.375 79.375 0.51372
22.375 79.625 -0.023065
22.375 79.875 -0.13405
22.375 80.125 0.7394
22.375 80.375 0.20824
22.375 80.625 0.22138
22.375 80.875 0.26402
22.375 81.125 -2.2097
22.375 81.375 0.95208
22.375 81.625 -0.10679
22.375 81.875 -0.49022
22.375 82.125 -0.10034
22.375 82.375 -0.34327
22.375 82.625 -0.39486
22.375 82.875 -1.0194
22.375 83.125 -1.4632
22.375 83.375 -1.0312
22.375 83.625 -1.7062
22.375 83.875 -1.1329
22.375 84.125 -2.1633
22.375 84.375 -1.5403
22.375 84.625 -1.4033
22.375 84.875 -0.57924
22.375 85.125 -0.20531
22.375 85.375 0.94005
22.375 85.625 -0.39138
22.375 85.875 0.0051708
22.375 86.125 0.36984
22.375 86.375 0.019952
22.375 86.625 -0.46279
22.375 86.875 -1.4747
22.375 87.125 -0.22597
22.375 87.375 -0.99464
22.375 87.625 -0.79957
22.375 87.875 -2.2379
22.375 88.125 -0.63825
22.375 88.375 -0.11592
22.375 88.625 0.42785
22.375 88.875 0.42762
NaN NaN NaN
22.625 70.375 -1.0934
22.625 70.625 -1.8705
22.625 70.875 -1.9116
22.625 71.125 -1.3797
22.625 71.375 -1.3386
22.625 71.625 -1.7625
22.625 71.875 -1.8493
22.625 72.125 -0.54498
22.625 72.375 -0.2202
22.625 72.625 -0.92131
22.625 72.875 -2.082
22.625 73.125 -2.158
22.625 73.375 -1.3056
22.625 73.625 -2.0856
22.625 73.875 -2.2672
22.625 74.125 -2.2323
22.625 74.375 -1.9466
22.625 74.625 -1.9591
22.625 74.875 -1.9383
22.625 75.125 -1.9514
22.625 75.375 -1.58
22.625 75.625 -1.4654
22.625 75.875 -0.81988
22.625 76.125 -0.80591
22.625 76.375 -0.97233
22.625 76.625 -0.63167
22.625 76.875 0.035314
22.625 77.125 -0.21063
22.625 77.375 -1.4919
22.625 77.625 -0.80683
22.625 77.875 0.79472
22.625 78.125 0.75771
22.625 78.375 0.68129
22.625 78.625 0.95465
22.625 78.875 0.59767
22.625 79.125 0.57808
22.625 79.375 0.32654
22.625 79.625 0.51195
22.625 79.875 0.080332
22.625 80.125 0.70267
22.625 80.375 0.26971
22.625 80.625 -1.1468
22.625 80.875 -0.47775
22.625 81.125 0.19442
22.625 81.375 0.46473
22.625 81.625 -0.31335
22.625 81.875 -0.31106
22.625 82.125 -0.91428
22.625 82.375 -2.0674
22.625 82.625 -1.8826
22.625 82.875 -0.97775
22.625 83.125 -1.1159
22.625 83.375 -0.80054
22.625 83.625 -0.97469
22.625 83.875 -1.7461
22.625 84.125 -1.9688
22.625 84.375 -1.9534
22.625 84.625 -0.86328
22.625 84.875 -1.229
22.625 85.125 1.1144
22.625 85.375 0.84917
22.625 85.625 -0.21503
22.625 85.875 0.3096
22.625 86.125 -0.027331
22.625 86.375 -0.94922
22.625 86.625 -1.3811
22.625 86.875 -0.86555
22.625 87.125 -1.1912
22.625 87.375 -1.2173
22.625 87.625 -0.28166
22.625 87.875 -1.8012
22.625 88.125 1.597
22.625 88.375 0.034588
22.625 88.625 0.59163
22.625 88.875 0.39089
22.625 92.625 0.40006
22.625 92.875 1.5702
NaN NaN NaN
NaN NaN NaN
NaN NaN NaN
22.875 70.625 -1.3861
22.875 70.875 -1.7965
22.875 71.125 -1.856
22.875 71.375 -1.6719
22.875 71.625 -1.8265
22.875 71.875 -1.7483
22.875 72.125 -2.1318
22.875 72.375 -0.64607
22.875 72.625 -1.3401
22.875 72.875 -1.802
22.875 73.125 -2.0364
22.875 73.375 -1.4096
22.875 73.625 -1.8756
22.875 73.875 -2.2465
22.875 74.125 -2.0961
22.875 74.375 -1.8202
22.875 74.625 -1.8847
22.875 74.875 -1.6422
22.875 75.125 -1.7293
22.875 75.375 -0.23799
22.875 75.625 -0.69017
22.875 75.875 -0.64176
22.875 76.125 -0.80079
22.875 76.375 -0.54043
22.875 76.625 0.05829
22.875 76.875 -1.2432
22.875 77.125 0.52771
22.875 77.375 -2.0784
22.875 77.625 -1.3163
22.875 77.875 -0.18058
22.875 78.125 0.50364
22.875 78.375 1.1472
22.875 78.625 1.165
22.875 78.875 0.79514
22.875 79.125 0.84326
22.875 79.375 0.26348
22.875 79.625 -0.30588
22.875 79.875 -0.050977
22.875 80.125 0.38521
22.875 80.375 -0.19218
22.875 80.625 -1.3042
22.875 80.875 -0.10324
22.875 81.125 -0.9984
22.875 81.375 -0.16738
22.875 81.625 -0.68475
22.875 81.875 -0.16027
22.875 82.125 -0.53875
22.875 82.375 -0.48861
22.875 82.625 -0.37785
22.875 82.875 -0.52835
22.875 83.125 -1.1256
22.875 83.375 -0.25458
22.875 83.625 -1.8766
22.875 83.875 -0.21428
22.875 84.125 -1.8822
22.875 84.375 -1.1211
22.875 84.625 -0.2224
22.875 84.875 -2.3082
22.875 85.125 -2.4267
22.875 85.375 1.6021
22.875 85.625 -1.1247
22.875 85.875 -0.03783
22.875 86.125 0.39164
22.875 86.375 -1.8979
22.875 86.625 -0.61537
22.875 86.875 1.1762
22.875 87.125 -0.32163
22.875 87.375 -0.10467
22.875 87.625 -0.070679
22.875 87.875 -1.632
22.875 88.125 -1.8398
22.875 88.375 0.24852
22.875 88.625 1.5011
22.875 92.625 0.40711
22.875 92.875 0.63433
23.125 68.875 -1.5101
23.125 69.125 -1.8815
23.125 69.375 -1.6211
23.125 69.625 -1.4622
23.125 69.875 -1.6878
23.125 70.125 -1.7712
23.125 70.875 -0.23772
23.125 71.125 -1.8174
23.125 71.375 -1.882
23.125 71.625 -0.4684
23.125 71.875 -0.74314
23.125 72.125 -1.9182
23.125 72.375 -1.6359
23.125 72.625 -0.87885
23.125 72.875 -0.89152
23.125 73.125 -1.2605
23.125 73.375 -1.2939
23.125 73.625 -0.32855
23.125 73.875 -2.2674
23.125 74.125 -2.0318
23.125 74.375 -1.6609
23.125 74.625 -1.7784
23.125 74.875 -1.1781
23.125 75.125 -1.8493
23.125 75.375 -1.8357
23.125 75.625 -1.0395
23.125 75.875 -0.047628
23.125 76.125 -0.59347
23.125 76.375 0.37301
23.125 76.625 -0.017427
23.125 76.875 -0.49095
23.125 77.125 -0.40419
23.125 77.375 -0.68808
23.125 77.625 -1.5297
23.125 77.875 0.22503
23.125 78.125 0.33179
23.125 78.375 0.72565
23.125 78.625 0.21482
23.125 78.875 0.63983
23.125 79.125 0.48107
23.125 79.375 0.61092
23.125 79.625 -0.45568
23.125 79.875 0.36137
23.125 80.125 0.26492
23.125 80.375 -0.14287
23.125 80.625 0.49941
23.125 80.875 0.98477
23.125 81.125 0.61315
23.125 81.375 -0.33278
23.125 81.625 -2.2243
23.125 81.875 -0.72719
23.125 82.125 -0.66272
23.125 82.375 -0.90547
23.125 82.625 -0.21079
23.125 82.875 0.19297
23.125 83.125 -0.57476
23.125 83.375 -0.42559
23.125 83.625 -0.39224
23.125 83.875 0.68812
23.125 84.125 -0.97262
23.125 84.375 0.34366
23.125 84.625 -1.1113
23.125 84.875 -1.6952
23.125 85.125 -2.2693
23.125 85.375 1.1319
23.125 85.625 0.6776
23.125 85.875 -0.71503
23.125 86.125 -1.1001
23.125 86.375 -1.7033
23.125 86.625 -0.35742
23.125 86.875 0.05371
23.125 87.125 -0.98858
23.125 87.375 -1.5874
23.125 87.625 -1.9465
23.125 87.875 -0.96468
23.125 88.125 -0.33182
23.125 88.375 0.055713
23.125 88.625 0.54511
NaN NaN NaN
23.125 92.625 -2.4356
23.125 92.875 -2.4371
NaN NaN NaN
23.375 68.875 -1.6702
23.375 69.125 -1.5989
23.375 69.375 -1.7167
23.375 69.625 -0.40367
23.375 69.875 -0.30887
23.375 70.125 -1.3071
23.375 70.375 -1.7595
23.375 70.625 -1.6403
23.375 70.875 -1.7256
23.375 71.125 -1.5815
23.375 71.375 -0.9857
23.375 71.625 -1.8316
23.375 71.875 -1.2164
23.375 72.125 -1.8732
23.375 72.375 -1.3833
23.375 72.625 -1.2926
23.375 72.875 -1.0051
23.375 73.125 -0.89383
23.375 73.375 -0.22918
23.375 73.625 -0.45742
23.375 73.875 -1.3895
23.375 74.125 -1.4887
23.375 74.375 -0.80537
23.375 74.625 -1.0047
23.375 74.875 -0.96042
23.375 75.125 -0.32059
23.375 75.375 0.10633
23.375 75.625 -1.5418
23.375 75.875 0.26008
23.375 76.125 0.69051
23.375 76.375 0.80772
23.375 76.625 -0.77068
23.375 76.875 -0.93155
23.375 77.125 -0.2749
23.375 77.375 -0.36494
23.375 77.625 -0.4331
23.375 77.875 0.7522
23.375 78.125 0.71629
23.375 78.375 0.049332
23.375 78.625 0.34532
23.375 78.875 0.79393
23.375 79.125 0.54929
23.375 79.375 0.20969
23.375 79.625 0.76811
23.375 79.875 -0.15259
23.375 80.125 -0.23669
23.375 80.375 0.078806
23.375 80.625 0.17939
23.375 80.875 0.31388
23.375 81.125 0.40931
23.375 81.375 0.34906
23.375 81.625 -0.017099
23.375 81.875 -0.6643
23.375 82.125 -0.28439
23.375 82.375 -0.55524
23.375 82.625 -0.56686
23.375 82.875 -0.39636
23.375 83.125 0.6599
23.375 83.375 -0.47493
23.375 83.625 -0.85792
23.375 83.875 -1.3197
23.375 84.125 -1.4094
23.375 84.375 -0.28273
23.375 84.625 -0.73395
23.375 84.875 0.056673
23.375 85.125 -2.2967
23.375 85.375 0.99468
23.375 85.625 0.39652
23.375 85.875 -0.16894
23.375 86.125 -0.13053
23.375 86.375 -1.1826
23.375 86.625 0.74082
23.375 86.875 -0.15753
23.375 87.125 -1.6783
23.375 87.375 -1.6385
23.375 87.625 -2.1268
23.375 87.875 -1.2342
23.375 88.125 -1.209
23.375 88.375 -0.21638
23.375 88.625 0.065424
23.375 91.375 -0.48956
23.375 91.625 -0.63866
23.375 92.625 -2.4014
23.375 92.875 -2.3886
23.375 93.125 -1.8616
23.625 68.625 -1.2124
23.625 68.875 -1.3459
23.625 69.125 -0.55892
23.625 69.375 -0.35425
23.625 69.625 -1.8454
23.625 69.875 -0.64506
23.625 70.125 -1.0458
23.625 70.375 -0.10189
23.625 70.625 0.043631
23.625 70.875 -0.79089
23.625 71.125 -1.6246
23.625 71.375 0.013192
23.625 71.625 -1.3951
23.625 71.875 -1.6962
23.625 72.125 -1.8442
23.625 72.375 -1.9542
23.625 72.625 -1.307
23.625 72.875 -1.3446
23.625 73.125 -1.2154
23.625 73.375 -1.9842
23.625 73.625 -1.7453
23.625 73.875 -1.1979
23.625 74.125 -0.21888
23.625 74.375 -0.31379
23.625 74.625 -0.16202
23.625 74.875 -0.85612
23.625 75.125 -1.2608
23.625 75.375 0.79665
23.625 75.625 0.58255
23.625 75.875 1.043
23.625 76.125 1.4725
23.625 76.375 0.82307
23.625 76.625 -0.14641
23.625 76.875 -1.2824
23.625 77.125 -0.65685
23.625 77.375 -0.43534
23.625 77.625 -0.23095
23.625 77.875 1.0571
23.625 78.125 0.70928
23.625 78.375 0.45265
23.625 78.625 0.76364
23.625 78.875 0.86985
23.625 79.125 1.0422
23.625 79.375 0.89677
23.625 79.625 0.93082
23.625 79.875 0.70407
23.625 80.125 0.46512
23.625 80.375 -0.8491
23.625 80.625 0.66567
23.625 80.875 0.92241
23.625 81.125 0.16208
23.625 81.375 0.61158
23.625 81.625 1.2046
23.625 81.875 0.23177
23.625 82.125 -1.2565
23.625 82.375 -0.56355
23.625 82.625 -0.6524
23.625 82.875 0.2449
23.625 83.125 0.18919
23.625 83.375 0.617
23.625 83.625 0.046642
23.625 83.875 -0.33154
23.625 84.125 -0.58851
23.625 84.375 0.19001
23.625 84.625 -0.14924
23.625 84.875 0.47322
23.625 85.125 0.60688
23.625 85.375 -2.1047
23.625 85.625 -0.06297
23.625 85.875 1.2496
23.625 86.125 -2.3282
23.625 86.375 -1.7806
23.625 86.625 0.73339
23.625 86.875 -1.6522
23.625 87.125 -1.3838
23.625 87.375 -1.551
23.625 87.625 -1.0906
23.625 87.875 -2.292
23.625 88.125 -1.686
23.625 88.375 -0.20086
23.625 91.375 -2.0749
23.625 91.625 -1.6822
NaN NaN NaN
23.625 92.375 -2.4123
23.625 92.625 -2.3152
23.625 92.875 -2.2469
23.625 93.125 -2.432
23.875 68.875 -0.42497
23.875 69.125 -0.11848
23.875 69.375 -0.56307
23.875 69.625 -0.45967
23.875 69.875 0.29695
23.875 70.125 -1.3231
23.875 70.375 0.32696
23.875 70.625 0.52576
23.875 70.875 0.34686
23.875 71.125 -0.55556
23.875 71.375 -0.37638
23.875 71.625 -1.4047
23.875 71.875 -1.2279
23.875 72.125 -1.1764
23.875 72.375 -1.6116
23.875 72.625 -0.93104
23.875 72.875 -0.95698
23.875 73.125 -1.1879
23.875 73.375 -2.2124
23.875 73.625 -1.9418
23.875 73.875 -0.4388
23.875 74.125 -0.33571
23.875 74.375 -0.15396
23.875 74.625 -0.35489
23.875 74.875 -0.18469
23.875 75.125 -0.17036
23.875 75.375 0.94063
23.875 75.625 0.90417
23.875 75.875 1.0412
23.875 76.125 0.88553
23.875 76.375 0.88393
23.875 76.625 0.071447
23.875 76.875 1.0739
23.875 77.125 0.83642
23.875 77.375 0.44198
23.875 77.625 0.5748
23.875 77.875 0.66878
23.875 78.125 0.90061
23.875 78.375 0.81196
23.875 78.625 0.7848
23.875 78.875 0.84428
23.875 79.125 0.99276
23.875 79.375 1.0003
23.875 79.625 0.84491
23.875 79.875 0.61806
23.875 80.125 0.083516
23.875 80.375 -0.085493
23.875 80.625 0.57843
23.875 80.875 0.64643
23.875 81.125 0.42424
23.875 81.375 0.69679
23.875 81.625 0.50325
23.875 81.875 -0.38777
23.875 82.125 0.019107
23.875 82.375 1.1029
23.875 82.625 0.94306
23.875 82.875 0.73613
23.875 83.125 0.035586
23.875 83.375 0.15885
23.875 83.625 -0.0018596
23.875 83.875 0.31357
23.875 84.125 0.057658
23.875 84.375 -0.38035
23.875 84.625 -0.27109
23.875 84.875 -0.64472
23.875 85.125 -0.56383
23.875 85.375 -1.0335
23.875 85.625 -2.4008
23.875 85.875 -1.5915
23.875 86.125 -0.71564
23.875 86.375 -0.15814
23.875 86.625 0.1521
23.875 86.875 -1.8676
23.875 87.125 -1.3446
23.875 87.375 -1.14
23.875 87.625 -2.3075
23.875 87.875 -0.40622
23.875 88.125 -1.587
23.875 88.375 -1.1138
23.875 91.375 -2.2849
23.875 91.625 -0.87172
23.875 91.875 -2.4396
23.875 92.125 -2.3876
23.875 92.375 -2.3301
23.875 92.625 -2.2261
23.875 92.875 -2.3602
23.875 93.125 -2.4287
23.875 93.375 -1.1858
24.125 68.875 -0.36818
24.125 69.125 -0.66544
24.125 69.375 0.24166
24.125 69.625 -2.0479
24.125 69.875 -1.2985
24.125 70.125 -1.8153
24.125 70.375 -1.1042
24.125 70.625 -1.5914
24.125 70.875 -1.4226
24.125 71.125 -1.4884
24.125 71.375 -1.1393
24.125 71.625 -1.6067
24.125 71.875 -1.1103
24.125 72.125 -1.1284
24.125 72.375 -0.59917
24.125 72.625 -0.84159
24.125 72.875 -0.63629
24.125 73.125 -1.3128
24.125 73.375 -2.0504
24.125 73.625 -2.2801
24.125 73.875 -0.97147
24.125 74.125 -0.85748
24.125 74.375 -0.64777
24.125 74.625 -0.40929
24.125 74.875 -0.40789
24.125 75.125 -0.76648
24.125 75.375 1.0299
24.125 75.625 0.93075
24.125 75.875 1.0764
24.125 76.125 0.74908
24.125 76.375 1.0916
24.125 76.625 1.0591
24.125 76.875 1.2614
24.125 77.125 0.95924
24.125 77.375 0.52272
24.125 77.625 0.58678
24.125 77.875 1.635
24.125 78.125 1.5343
24.125 78.375 1.043
24.125 78.625 0.81589
24.125 78.875 -0.23751
24.125 79.125 0.32955
24.125 79.375 0.61506
24.125 79.625 -0.43053
24.125 79.875 0.3764
24.125 80.125 0.53136
24.125 80.375 -1.1579
24.125 80.625 0.32381
24.125 80.875 0.11892
24.125 81.125 0.36925
24.125 81.375 0.62265
24.125 81.625 0.68339
24.125 81.875 1.2711
24.125 82.125 1.0941
24.125 82.375 1.2486
24.125 82.625 0.9838
24.125 82.875 0.46392
24.125 83.125 0.05986
24.125 83.375 -1.1227
24.125 83.625 -0.84149
24.125 83.875 0.38695
24.125 84.125 0.56088
24.125 84.375 0.30921
24.125 84.625 -0.25173
24.125 84.875 -0.67781
24.125 85.125 -1.0736
24.125 85.375 -0.58121
24.125 85.625 -1.7885
24.125 85.875 -1.7066
24.125 86.125 -0.082168
24.125 86.375 -1.3211
24.125 86.625 -0.94376
24.125 86.875 -1.4167
24.125 87.125 0.01571
24.125 87.375 -0.035034
24.125 87.625 -1.4589
24.125 87.875 -1.8174
24.125 88.125 -0.40023
24.125 88.375 0.24049
24.125 91.875 -2.4355
24.125 92.125 -2.3473
24.125 92.375 -2.3312
24.125 92.625 -2.1054
24.125 92.875 -2.164
24.125 93.125 -2.4391
24.125 93.375 -2.4292
24.125 93.625 -2.4309
24.125 93.875 -2.0992
NaN NaN NaN
24.375 71.375 -1.5995
24.375 71.625 -0.43663
24.375 71.875 -1.5911
24.375 72.125 -1.4561
24.375 72.375 -1.3262
24.375 72.625 -1.4942
24.375 72.875 -0.55817
24.375 73.125 -0.57306
24.375 73.375 -0.85478
24.375 73.625 -2.1874
24.375 73.875 -1.5524
24.375 74.125 -1.2754
24.375 74.375 -0.39751
24.375 74.625 -1.284
24.375 74.875 -0.93964
24.375 75.125 -0.40446
24.375 75.375 0.16291
24.375 75.625 1.0988
24.375 75.875 0.70732
24.375 76.125 -1.2714
24.375 76.375 0.6909
24.375 76.625 1.1706
24.375 76.875 1.1728
24.375 77.125 1.1065
24.375 77.375 0.66716
24.375 77.625 1.6631
24.375 77.875 2.0757
24.375 78.125 1.1718
24.375 78.375 0.79307
24.375 78.625 0.27472
24.375 78.875 0.36888
24.375 79.125 0.53647
24.375 79.375 0.2296
24.375 79.625 0.26015
24.375 79.875 -0.51422
24.375 80.125 -1.9458
24.375 80.375 0.67147
24.375 80.625 1.0141
24.375 80.875 0.65968
24.375 81.125 0.47039
24.375 81.375 0.59522
24.375 81.625 0.94626
24.375 81.875 0.6948
24.375 82.125 0.66859
24.375 82.375 0.90212
24.375 82.625 0.6755
24.375 82.875 0.49026
24.375 83.125 -0.50276
24.375 83.375 -0.38294
24.375 83.625 -1.1471
24.375 83.875 0.037424
24.375 84.125 0.50996
24.375 84.375 -0.87702
24.375 84.625 0.32609
24.375 84.875 -2.2559
24.375 85.125 -0.29199
24.375 85.375 -0.74538
24.375 85.625 -1.1601
24.375 85.875 -1.995
24.375 86.125 -2.1825
24.375 86.375 -1.0665
24.375 86.625 -1.2231
24.375 86.875 -0.21773
24.375 87.125 -1.7369
24.375 87.375 -2.3368
24.375 87.625 -1.5306
24.375 87.875 -1.8315
24.375 88.125 -0.54571
24.375 92.375 -2.3552
24.375 92.625 -2.3134
24.375 92.875 -2.365
24.375 93.125 -2.4001
24.375 93.375 -2.424
24.375 93.625 -2.2456
24.375 93.875 -2.3611
24.375 94.125 -0.99077
24.625 71.125 -1.7853
24.625 71.375 -1.2608
24.625 71.625 -1.3544
24.625 71.875 -1.4205
24.625 72.125 -1.0669
24.625 72.375 -1.3662
24.625 72.625 -1.8301
24.625 72.875 -1.6813
24.625 73.125 -1.5378
24.625 73.375 -1.2427
24.625 73.625 -1.8119
24.625 73.875 -1.9887
24.625 74.125 -1.4575
24.625 74.375 -0.43947
24.625 74.625 -0.23978
24.625 74.875 -1.2418
24.625 75.125 -1.2489
24.625 75.375 0.24153
24.625 75.625 0.3166
24.625 75.875 -0.10538
24.625 76.125 -0.31537
24.625 76.375 0.55936
24.625 76.625 0.40923
24.625 76.875 1.1055
24.625 77.125 1.2174
24.625 77.375 1.1514
24.625 77.625 0.4877
24.625 77.875 1.2384
24.625 78.125 0.89233
24.625 78.375 0.32029
24.625 78.625 0.48984
24.625 78.875 0.91445
24.625 79.125 0.64037
24.625 79.375 0.47353
24.625 79.625 1.0576
24.625 79.875 0.41928
24.625 80.125 -1.925
24.625 80.375 -1.9589
24.625 80.625 -2.058
24.625 80.875 0.16889
24.625 81.125 0.38391
24.625 81.375 1.1225
24.625 81.625 1.3037
24.625 81.875 1.064
24.625 82.125 0.24989
24.625 82.375 -0.12254
24.625 82.625 0.3808
24.625 82.875 1.2173
24.625 83.125 0.38885
24.625 83.375 0.063703
24.625 83.625 -0.23927
24.625 83.875 -0.19379
24.625 84.125 0.21354
24.625 84.375 0.38558
24.625 84.625 -1.6188
24.625 84.875 -0.22612
24.625 85.125 -0.00037644
24.625 85.375 -0.64758
24.625 85.625 -2.1706
24.625 85.875 -2.3315
24.625 86.125 -1.0594
24.625 86.375 0.18061
24.625 86.625 0.92457
24.625 86.875 -0.42166
24.625 87.125 -1.6191
24.625 87.375 -2.0932
24.625 87.625 -1.1038
24.625 87.875 -0.77024
24.625 92.375 -1.7445
24.625 92.625 -2.04
24.625 92.875 -2.1778
24.625 93.125 -2.2176
24.625 93.375 -2.339
24.625 93.625 -1.9062
24.625 93.875 -1.0707
24.625 94.125 -0.35274
NaN NaN NaN
24.875 71.125 -1.7243
24.875 71.375 -0.71186
24.875 71.625 -0.94944
24.875 71.875 -1.1678
24.875 72.125 -1.5103
24.875 72.375 -1.5601
24.875 72.625 -1.9098
24.875 72.875 -1.9103
24.875 73.125 -2.1255
24.875 73.375 -1.3387
24.875 73.625 -1.7088
24.875 73.875 -1.6804
24.875 74.125 -0.96277
24.875 74.375 -0.35439
24.875 74.625 -0.62532
24.875 74.875 -0.89311
24.875 75.125 -1.684
24.875 75.375 -1.078
24.875 75.625 -0.91786
24.875 75.875 0.59836
24.875 76.125 0.083826
24.875 76.375 0.50322
24.875 76.625 0.97117
24.875 76.875 1.4303
24.875 77.125 1.329
24.875 77.375 1.25
24.875 77.625 1.271
24.875 77.875 1.3638
24.875 78.125 1.2152
24.875 78.375 0.78186
24.875 78.625 0.40252
24.875 78.875 0.82864
24.875 79.125 0.91165
24.875 79.375 0.92373
24.875 79.625 1.2306
24.875 79.875 1.1554
24.875 80.125 -2.0633
24.875 80.375 -1.9024
24.875 80.625 -0.0132
24.875 80.875 -0.74979
24.875 81.125 0.57325
24.875 81.375 -1.1549
24.875 81.625 1.0778
24.875 81.875 0.7712
24.875 82.125 -1.4963
24.875 82.375 -0.54447
24.875 82.625 0.89176
24.875 82.875 0.20485
24.875 83.125 -0.46298
24.875 83.375 -0.36583
24.875 83.625 0.37009
24.875 83.875 0.18316
24.875 84.125 0.33586
24.875 84.375 -0.21153
24.875 84.625 -1.2518
24.875 84.875 -0.32341
24.875 85.125 -0.36485
24.875 85.375 -1.0414
24.875 85.625 -0.050324
24.875 85.875 -0.61269
24.875 86.125 -0.68312
24.875 86.375 0.16904
24.875 86.625 0.2065
24.875 86.875 -0.63648
24.875 87.125 -2.3107
24.875 87.375 -2.2848
24.875 87.625 -0.84197
24.875 87.875 -0.692
24.875 88.125 0.30023
24.875 92.625 -2.3279
24.875 92.875 -1.1954
24.875 93.125 -2.1601
24.875 93.375 -1.4154
24.875 93.625 -1.3585
24.875 93.875 0.12001
24.875 94.125 -0.87001
24.875 94.375 -0.57932
25.125 71.125 -1.5426
25.125 71.375 -0.79006
25.125 71.625 -1.3105
25.125 71.875 -1.4939
25.125 72.125 -1.5309
25.125 72.375 -1.5803
25.125 72.625 -2.0528
25.125 72.875 -1.8173
25.125 73.125 -1.9752
25.125 73.375 -1.9361
25.125 73.625 -1.6366
25.125 73.875 -1.3229
25.125 74.125 -1.0891
25.125 74.375 -1.594
25.125 74.625 -1.1853
25.125 74.875 -0.66012
25.125 75.125 -1.4098
25.125 75.375 0.091933
25.125 75.625 0.19324
25.125 75.875 -0.97137
25.125 76.125 -0.35377
25.125 76.375 0.4113
25.125 76.625 1.24
25.125 76.875 1.4955
25.125 77.125 1.3018
25.125 77.375 0.96958
25.125 77.625 1.2371
25.125 77.875 1.6108
25.125 78.125 1.3362
25.125 78.375 0.99598
25.125 78.625 0.82844
25.125 78.875 0.64455
25.125 79.125 0.88253
25.125 79.375 1.0411
25.125 79.625 1.0048
25.125 79.875 1.2589
25.125 80.125 0.9006
25.125 80.375 0.42641
25.125 80.625 -0.39711
25.125 80.875 -1.0631
25.125 81.125 0.55208
25.125 81.375 0.33807
25.125 81.625 -1.8209
25.125 81.875 0.85429
25.125 82.125 0.59955
25.125 82.375 0.86338
25.125 82.625 -1.3843
25.125 82.875 -0.16746
25.125 83.125 0.096882
25.125 83.375 0.048958
25.125 83.625 0.81887
25.125 83.875 -2.0601
25.125 84.125 -1.5237
25.125 84.375 -0.20045
25.125 84.625 -0.59281
25.125 84.875 -1.1026
25.125 85.125 -0.073606
25.125 85.375 -1.9872
25.125 85.625 -0.14691
25.125 85.875 -0.14851
25.125 86.125 -0.31197
25.125 86.375 -0.29839
25.125 86.625 -0.22585
25.125 86.875 0.76242
25.125 87.125 -1.6535
25.125 87.375 -2.1665
25.125 87.625 -1.126
25.125 87.875 -1.2536
25.125 88.125 -2.067
25.125 88.375 -0.18127
25.125 92.375 -2.3559
25.125 92.625 -2.0946
25.125 92.875 -2.3439
25.125 93.125 -1.2126
25.125 93.375 -1.5758
25.125 93.625 -0.7758
25.125 93.875 -0.14928
25.125 94.125 -0.58487
25.125 94.375 -0.47206
25.375 70.875 -0.067321
25.375 71.125 -0.28971
25.375 71.375 -0.22213
25.375 71.625 -0.81501
25.375 71.875 -1.2512
25.375 72.125 -1.415
25.375 72.375 -1.7876
25.375 72.625 -1.6516
25.375 72.875 -1.5507
25.375 73.125 -1.7241
25.375 73.375 -1.5253
25.375 73.625 -1.3857
25.375 73.875 -1.4805
25.375 74.125 -1.0855
25.375 74.375 -1.6905
25.375 74.625 -1.1485
25.375 74.875 -1.2704
25.375 75.125 -1.4454
25.375 75.375 0.012442
25.375 75.625 0.86557
25.375 75.875 0.35738
25.375 76.125 0.38807
25.375 76.375 0.68151
25.375 76.625 0.55401
25.375 76.875 1.2457
25.375 77.125 1.3734
25.375 77.375 1.4063
25.375 77.625 1.4427
25.375 77.875 1.8208
25.375 78.125 0.6047
25.375 78.375 1.1833
25.375 78.625 -0.24572
25.375 78.875 -0.45172
25.375 79.125 0.17031
25.375 79.375 0.84453
25.375 79.625 1.0003
25.375 79.875 0.78649
25.375 80.125 0.69381
25.375 80.375 0.6901
25.375 80.625 0.24598
25.375 80.875 -1.7142
25.375 81.125 -0.4386
25.375 81.375 0.091963
25.375 81.625 -1.6075
25.375 81.875 -1.6856
25.375 82.125 -1.6763
25.375 82.375 -1.6225
25.375 82.625 -1.8494
25.375 82.875 -1.3228
25.375 83.125 -1.317
25.375 83.375 0.89546
25.375 83.625 0.086327
25.375 83.875 0.41939
25.375 84.125 0.88405
25.375 84.375 0.17831
25.375 84.625 -1.4862
25.375 84.875 0.40433
25.375 85.125 -1.267
25.375 85.375 -2.1652
25.375 85.625 0.13931
25.375 85.875 0.019739
25.375 86.125 0.87406
25.375 86.375 -0.81094
25.375 86.625 -2.3813
25.375 86.875 -0.18465
25.375 87.125 -1.1423
25.375 87.375 -0.72403
25.375 87.625 -0.022339
25.375 87.875 -0.13328
25.375 88.125 -2.1396
25.375 88.375 -0.64007
25.375 88.625 0.30352
25.375 90.125 -0.13499
25.375 90.375 -1.0133
25.375 90.625 0.32679
25.375 90.875 -0.066597
25.375 91.125 -0.37752
25.375 91.375 -1.1259
25.375 91.625 -1.5463
25.375 91.875 -1.3409
25.375 92.125 -2.2002
25.375 92.375 -2.1523
25.375 92.625 -1.9546
25.375 92.875 -1.3399
25.375 93.125 -1.6885
25.375 93.375 -1.0017
25.375 93.625 -0.66081
25.375 93.875 -0.74303
25.375 94.125 -0.8901
25.375 94.375 -0.1232
25.625 70.875 -0.22297
25.625 71.125 -0.33805
25.625 71.375 -0.38391
25.625 71.625 -0.33834
25.625 71.875 -0.81256
25.625 72.125 -0.41964
25.625 72.375 -0.42745
25.625 72.625 -1.2058
25.625 72.875 -1.1977
25.625 73.125 -1.2709
25.625 73.375 -1.2075
25.625 73.625 -1.2992
25.625 73.875 -1.0478
25.625 74.125 -0.39926
25.625 74.375 -1.1289
25.625 74.625 -1.1813
25.625 74.875 0.47768
25.625 75.125 -1.3915
25.625 75.375 -0.74736
25.625 75.625 1.3116
25.625 75.875 1.3653
25.625 76.125 1.1379
25.625 76.375 0.86374
25.625 76.625 1.093
25.625 76.875 1.7726
25.625 77.125 0.76628
25.625 77.375 1.3399
25.625 77.625 0.97669
25.625 77.875 1.0045
25.625 78.125 -0.28032
25.625 78.375 0.39841
25.625 78.625 0.58425
25.625 78.875 -0.074552
25.625 79.125 0.89108
25.625 79.375 1.2912
25.625 79.625 0.74338
25.625 79.875 0.41546
25.625 80.125 0.092809
25.625 80.375 0.22893
25.625 80.625 -1.8664
25.625 80.875 0.29254
25.625 81.125 -1.6235
25.625 81.375 -1.9031
25.625 81.625 -1.4042
25.625 81.875 -1.1209
25.625 82.125 -1.7613
25.625 82.375 -2.1183
25.625 82.625 -1.9458
25.625 82.875 -2.0888
25.625 83.125 -1.194
25.625 83.375 -1.7315
25.625 83.625 -0.8743
25.625 83.875 -0.7609
25.625 84.125 -1.381
25.625 84.375 -1.5187
25.625 84.625 -0.1935
25.625 84.875 -0.39797
25.625 85.125 -1.4503
25.625 85.375 -1.7339
25.625 85.625 -0.87349
25.625 85.875 0.47394
25.625 86.125 -1.0525
25.625 86.375 -0.21334
25.625 86.625 -0.69729
25.625 86.875 0.93003
25.625 87.125 -0.074819
25.625 87.375 -1.6105
25.625 87.625 0.026511
25.625 87.875 -0.048343
25.625 88.125 -1.5365
25.625 90.125 -2.3065
25.625 90.375 -0.45959
25.625 90.625 -0.15308
25.625 90.875 -1.7583
25.625 91.125 -0.43077
25.625 91.375 -1.0805
25.625 91.625 -0.59685
25.625 91.875 -0.44771
25.625 92.125 -2.3285
25.625 92.375 -2.2165
25.625 92.625 -2.4096
25.625 92.875 -2.2004
25.625 93.125 -2.061
25.625 93.375 -2.2627
25.625 93.625 -1.877
25.625 93.875 0.05287
25.625 94.125 0.82157
25.625 94.375 -2.0276
NaN NaN NaN
NaN NaN NaN
25.875 70.375 0.24094
25.875 70.625 -0.16598
25.875 70.875 -0.35064
25.875 71.125 -0.38349
25.875 71.375 -0.40937
25.875 71.625 -0.96122
25.875 71.875 -0.62692
25.875 72.125 -0.033516
25.875 72.375 -0.067828
25.875 72.625 -1.0722
25.875 72.875 -1.1573
25.875 73.125 -1.308
25.875 73.375 -0.98744
25.875 73.625 -0.92612
25.875 73.875 -0.87711
25.875 74.125 -0.63229
25.875 74.375 -0.7891
25.875 74.625 -0.22507
25.875 74.875 -1.1852
25.875 75.125 -0.68374
25.875 75.375 -1.1941
25.875 75.625 -0.25475
25.875 75.875 1.0659
25.875 76.125 0.47258
25.875 76.375 1.3338
25.875 76.625 1.0607
25.875 76.875 0.89924
25.875 77.125 -0.59816
25.875 77.375 0.5211
25.875 77.625 1.2128
25.875 77.875 0.65044
25.875 78.125 1.6994
25.875 78.375 1.4035
25.875 78.625 1.3094
25.875 78.875 0.56696
25.875 79.125 0.41043
25.875 79.375 0.39221
25.875 79.625 0.52418
25.875 79.875 0.62623
25.875 80.125 0.73002
25.875 80.375 -1.7492
25.875 80.625 -0.79578
25.875 80.875 -1.4141
25.875 81.125 -1.3397
25.875 81.375 -1.8022
25.875 81.625 0.42598
25.875 81.875 -0.16492
25.875 82.125 -2.1631
25.875 82.375 -1.3798
25.875 82.625 -1.8777
25.875 82.875 0.55942
25.875 83.125 -1.5628
25.875 83.375 -2.1857
25.875 83.625 -0.58754
25.875 83.875 -1.2751
25.875 84.125 0.76578
25.875 84.375 -2.0063
25.875 84.625 -0.91367
25.875 84.875 -1.3037
25.875 85.125 -0.80525
25.875 85.375 -1.2961
25.875 85.625 -0.15646
25.875 85.875 -0.6074
25.875 86.125 -0.97209
25.875 86.375 -0.015629
25.875 86.625 1.1159
25.875 86.875 0.61475
25.875 87.125 -1.5426
25.875 87.375 -0.66318
25.875 87.625 -1.3199
25.875 87.875 -1.9617
25.875 90.125 -0.51939
25.875 90.375 -0.96668
25.875 90.625 -0.86216
25.875 90.875 -1.7795
25.875 91.125 -1.6209
25.875 91.375 -1.6198
25.875 91.625 -0.8933
25.875 91.875 -2.3564
25.875 92.125 -2.4234
25.875 92.375 -1.9733
25.875 92.625 -1.4723
25.875 92.875 -1.5597
25.875 93.125 -2.2265
25.875 93.375 -2.3866
25.875 93.625 -1.5762
25.875 93.875 0.11954
25.875 94.125 -0.31001
25.875 94.375 -0.71621
25.875 94.625 -1.8959
25.875 94.875 0.84293
26.125 70.375 -0.026435
26.125 70.625 -0.77648
26.125 70.875 -0.63552
26.125 71.125 -0.057845
26.125 71.375 -0.38368
26.125 71.625 -0.52946
26.125 71.875 -0.18208
26.125 72.125 -0.11833
26.125 72.375 -0.65258
26.125 72.625 -1.035
26.125 72.875 -1.1995
26.125 73.125 -0.99419
26.125 73.375 -1.0397
26.125 73.625 -0.62299
26.125 73.875 -0.65377
26.125 74.125 -1.4621
26.125 74.375 -0.96828
26.125 74.625 -1.0742
26.125 74.875 -0.2483
26.125 75.125 0.91504
26.125 75.375 -0.55625
26.125 75.625 -0.63931
26.125 75.875 -0.67818
26.125 76.125 -0.60088
26.125 76.375 1.1069
26.125 76.625 0.92734
26.125 76.875 0.67945
26.125 77.125 0.79895
26.125 77.375 -0.16078
26.125 77.625 1.1717
26.125 77.875 0.58804
26.125 78.125 1.2001
26.125 78.375 0.98041
26.125 78.625 0.33958
26.125 78.875 -0.0039135
26.125 79.125 0.79426
26.125 79.375 0.54843
26.125 79.625 -1.2985
26.125 79.875 -2.1036
26.125 80.125 -0.28471
26.125 80.375 -0.15495
26.125 80.625 -1.5265
26.125 80.875 0.10674
26.125 81.125 -0.16554
26.125 81.375 -1.7601
26.125 81.625 -0.53335
26.125 81.875 0.43402
26.125 82.125 -1.8013
26.125 82.375 -1.3916
26.125 82.625 -1.2169
26.125 82.875 -0.86066
26.125 83.125 -1.3578
26.125 83.375 -2.1026
26.125 83.625 -1.7189
26.125 83.875 -0.32965
26.125 84.125 0.82655
26.125 84.375 -1.3312
26.125 84.625 -1.0602
26.125 84.875 -1.5974
26.125 85.125 0.6648
26.125 85.375 -2.22
26.125 85.625 -0.68286
26.125 85.875 0.41502
26.125 86.125 -1.0737
26.125 86.375 -1.9697
26.125 86.625 0.88348
26.125 86.875 -0.009758
26.125 87.125 -1.7749
26.125 87.375 -1.6413
26.125 87.625 -1.7373
26.125 87.875 -1.3455
26.125 88.125 -1.2725
26.125 89.375 -1.4699
26.125 89.875 -1.1686
26.125 90.125 -0.06982
26.125 90.375 -0.49248
26.125 90.625 -0.30073
26.125 90.875 -1.7783
26.125 91.125 -0.70202
26.125 91.375 -0.072357
26.125 91.625 -2.0428
26.125 91.875 -2.2522
26.125 92.125 -0.26848
26.125 92.375 -1.6574
26.125 92.625 -2.1334
26.125 92.875 -1.8969
26.125 93.125 -2.2827
26.125 93.375 -1.9411
26.125 93.625 -1.2831
26.125 93.875 -1.9977
26.125 94.125 0.29435
26.125 94.375 -1.0372
26.125 94.625 -1.4783
26.125 94.875 0.55785
26.375 70.375 -0.9113
26.375 70.625 -1.1291
26.375 70.875 -0.98431
26.375 71.125 -0.69295
26.375 71.375 -0.63403
26.375 71.625 -0.99255
26.375 71.875 -0.32372
26.375 72.125 -0.36376
26.375 72.375 -0.57698
26.375 72.625 -1.1607
26.375 72.875 -1.2872
26.375 73.125 -1.4474
26.375 73.375 -1.3594
26.375 73.625 -1.4869
26.375 73.875 -1.8459
26.375 74.125 -0.94755
26.375 74.375 -1.0172
26.375 74.625 -1.4836
26.375 74.875 -0.97106
26.375 75.125 -0.59739
26.375 75.375 -1.1633
26.375 75.625 -1.071
26.375 75.875 -0.82309
26.375 76.125 0.010628
26.375 76.375 0.32232
26.375 76.625 0.5419
26.375 76.875 0.81889
26.375 77.125 1.0542
26.375 77.375 1.322
26.375 77.625 1.3797
26.375 77.875 -0.57536
26.375 78.125 0.77023
26.375 78.375 1.2045
26.375 78.625 1.4742
26.375 78.875 0.93055
26.375 79.125 0.093993
26.375 79.375 -1.2233
26.375 79.625 -1.4296
26.375 79.875 -1.408
26.375 80.125 0.28701
26.375 80.375 -1.7874
26.375 80.625 -1.9219
26.375 80.875 -1.5124
26.375 81.125 -1.7658
26.375 81.375 -2.0109
26.375 81.625 -1.6997
26.375 81.875 -0.6022
26.375 82.125 -1.5794
26.375 82.375 -1.5518
26.375 82.625 -1.3615
26.375 82.875 -1.119
26.375 83.125 -0.25673
26.375 83.375 -1.8256
26.375 83.625 -1.3193
26.375 83.875 -0.9903
26.375 84.125 -0.93803
26.375 84.375 -1.1092
26.375 84.625 -1.0888
26.375 84.875 -1.8476
26.375 85.125 -1.4834
26.375 85.375 -1.4414
26.375 85.625 -1.8337
26.375 85.875 -0.9215
26.375 86.125 -0.97413
26.375 86.375 -2.2072
26.375 86.625 -1.7057
26.375 86.875 -0.3787
26.375 87.125 -0.87631
26.375 87.625 0.13912
26.375 87.875 -1.363
26.375 88.125 -1.695
26.375 88.375 -1.0419
26.375 88.875 -0.082824
26.375 89.375 -1.6345
26.375 89.625 -1.4588
26.375 89.875 -2.1268
26.375 90.125 -1.513
26.375 90.375 -0.77537
26.375 90.625 -1.8354
26.375 90.875 -2.3502
26.375 91.125 -1.5933
26.375 91.375 -1.0724
26.375 91.625 -1.9878
26.375 91.875 -1.0527
26.375 92.125 -1.1672
26.375 92.375 -1.1319
26.375 92.625 -1.3918
26.375 92.875 -2.1427
26.375 93.125 -2.1464
26.375 93.375 -1.9749
26.375 93.625 -1.8816
26.375 93.875 -2.1994
26.375 94.125 -2.1785
26.375 94.375 1.1663
26.375 94.625 0.38008
26.375 94.875 0.32882
26.625 69.875 -1.0769
26.625 70.125 -1.1022
26.625 70.375 -1.0883
26.625 70.625 -0.8861
26.625 70.875 -0.96068
26.625 71.125 -0.97961
26.625 71.375 -1.4256
26.625 71.625 -1.4017
26.625 71.875 -0.33575
26.625 72.125 -1.0939
26.625 72.375 -1.0341
26.625 72.625 -1.3269
26.625 72.875 -1.1879
26.625 73.125 -1.1084
26.625 73.375 -1.1449
26.625 73.625 -1.4216
26.625 73.875 -1.5949
26.625 74.125 -1.3833
26.625 74.375 -0.62774
26.625 74.625 -0.91596
26.625 74.875 -0.15651
26.625 75.125 -1.0592
26.625 75.375 -0.55011
26.625 75.625 -0.032201
26.625 75.875 -0.82785
26.625 76.125 -0.34773
26.625 76.375 -1.0178
26.625 76.625 -0.07185
26.625 76.875 0.3551
26.625 77.125 1.2651
26.625 77.375 1.1902
26.625 77.625 0.42456
26.625 77.875 -2.1177
26.625 78.125 1.2245
26.625 78.375 1.0048
26.625 78.625 -0.064882
26.625 78.875 0.87836
26.625 79.125 -1.6455
26.625 79.375 -1.4437
26.625 79.625 -1.2163
26.625 79.875 -1.309
26.625 80.125 -1.593
26.625 80.375 -1.7886
26.625 80.625 -2.0108
26.625 80.875 -0.69865
26.625 81.125 -0.46973
26.625 81.375 -1.557
26.625 81.625 -0.47486
26.625 81.875 0.051392
26.625 82.125 -1.2233
26.625 82.375 -1.4895
26.625 82.625 -2.1545
26.625 82.875 -1.1158
26.625 83.125 0.433
26.625 83.375 -0.953
26.625 83.625 -1.4105
26.625 83.875 -2.0034
26.625 84.125 -0.25842
26.625 84.375 -0.95696
26.625 84.625 -1.0447
26.625 84.875 -2.2888
26.625 85.125 -2.0338
26.625 85.375 -1.529
26.625 85.625 -1.4402
26.625 86.125 -1.7358
26.625 88.375 1.6807
26.625 88.625 0.0080133
26.625 88.875 -0.97219
26.625 89.125 -0.95247
26.625 89.375 -1.2067
26.625 89.625 -1.5056
26.625 89.875 -1.8459
26.625 90.125 -1.7082
26.625 90.375 -2.2782
26.625 90.625 -2.4357
26.625 90.875 -2.292
26.625 91.125 -2.1012
26.625 91.375 -1.9685
26.625 91.625 -1.1091
26.625 91.875 -0.42605
26.625 92.125 -1.0224
26.625 92.375 -1.6542
26.625 92.625 -1.2857
26.625 92.875 -0.73605
26.625 93.125 -2.1006
26.625 93.375 -2.0693
26.625 93.625 -1.9015
26.625 93.875 -2.033
26.625 94.125 -2.2324
26.625 94.375 -0.73177
26.625 94.625 -0.75269
26.625 94.875 0.52145
26.625 95.125 -0.78408
26.875 69.625 -0.95765
26.875 69.875 -0.92962
26.875 70.125 -0.93412
26.875 70.375 -1.0685
26.875 70.625 -0.81175
26.875 70.875 -0.79408
26.875 71.125 -1.0367
26.875 71.375 -1.4496
26.875 71.625 -1.7892
26.875 71.875 -0.82549
26.875 72.125 -1.1067
26.875 72.375 -0.76713
26.875 72.625 -0.95835
26.875 72.875 -0.85904
26.875 73.125 0.27228
26.875 73.375 -0.83759
26.875 73.625 -0.20214
26.875 73.875 -0.67514
26.875 74.125 -0.92358
26.875 74.375 -1.357
26.875 74.625 -0.49129
26.875 74.875 0.68532
26.875 75.125 -0.72107
26.875 75.375 -0.50567
26.875 75.625 -0.98838
26.875 75.875 -0.79338
26.875 76.125 -0.97577
26.875 76.375 -0.71549
26.875 76.625 -0.68601
26.875 76.875 -0.68968
26.875 77.125 0.72787
26.875 77.375 0.96188
26.875 77.625 0.90895
26.875 77.875 -1.2981
26.875 78.125 -1.5572
26.875 78.375 -1.4387
26.875 78.625 -1.9323
26.875 78.875 0.82968
26.875 79.125 -0.97064
26.875 79.375 -1.2388
26.875 79.625 -1.2716
26.875 79.875 -0.95075
26.875 80.125 -1.7825
26.875 80.375 -1.8133
26.875 80.625 -1.9972
26.875 80.875 0.97115
26.875 81.125 1.1754
26.875 81.375 1.7064
26.875 81.625 -1.5026
26.875 81.875 -1.5906
26.875 82.125 1.0895
26.875 82.375 -2.1048
26.875 82.625 -1.6499
26.875 82.875 -0.099735
26.875 83.125 -0.47385
26.875 83.375 -1.8019
26.875 83.625 -1.9571
26.875 83.875 -1.9438
26.875 84.125 -0.50223
26.875 84.375 -1.7341
26.875 84.625 -1.4612
26.875 84.875 -0.96601
26.875 88.375 1.587
26.875 88.625 -2.0688
26.875 88.875 -0.74743
26.875 92.375 -2.1878
26.875 92.625 -0.62131
26.875 92.875 -1.2859
26.875 93.125 0.72369
26.875 93.375 -1.9338
26.875 93.625 -1.1687
26.875 93.875 -2.2478
26.875 94.125 -1.6887
26.875 94.375 -1.0066
26.875 94.625 -1.2491
26.875 94.875 -2.3288
26.875 95.125 -2.0318
26.875 95.375 -2.2893
26.875 95.625 -2.296
27.125 69.875 -0.87118
27.125 70.125 -0.66846
27.125 70.375 -0.62149
27.125 70.625 -0.40504
27.125 70.875 -0.45163
27.125 71.125 -1.3342
27.125 71.375 -1.3561
27.125 71.625 -1.3165
27.125 71.875 -0.98952
27.125 72.125 -0.71527
27.125 72.375 -1.4904
27.125 72.625 -0.49737
27.125 72.875 -0.80003
27.125 73.125 -0.32291
27.125 73.375 -0.98598
27.125 73.625 -0.90581
27.125 73.875 -0.43268
27.125 74.125 -0.38737
27.125 74.375 -1.0347
27.125 74.625 -0.70421
27.125 74.875 -0.62398
27.125 75.125 -1.2331
27.125 75.375 -0.88491
27.125 75.625 -0.11469
27.125 75.875 0.29319
27.125 76.125 -0.54293
27.125 76.375 -0.90474
27.125 76.625 -1.2047
27.125 76.875 -0.84567
27.125 77.125 1.7313
27.125 77.375 0.69626
27.125 77.625 -0.41505
27.125 77.875 -0.82213
27.125 78.125 1.3911
27.125 78.375 -0.85423
27.125 78.625 -1.6697
27.125 78.875 -1.0834
27.125 79.125 -1.097
27.125 79.375 -1.3148
27.125 79.625 0.48963
27.125 79.875 1.255
27.125 80.125 0.94334
27.125 80.375 0.67087
27.125 80.625 -0.19397
27.125 80.875 -2.1933
27.125 81.125 1.5417
27.125 81.375 2.1104
27.125 81.625 1.3876
27.125 81.875 0.92545
27.125 82.125 -0.11079
27.125 82.375 -1.7707
27.125 82.625 0.49265
27.125 82.875 -0.26027
27.125 83.125 -1.3254
27.125 83.375 -0.25182
27.125 83.625 -0.83481
27.125 83.875 -1.1103
27.125 84.125 -1.4815
27.125 84.375 -2.0523
27.125 84.625 -1.2522
27.125 88.125 -0.26794
27.125 88.375 -1.8977
27.125 88.625 -1.1817
27.125 92.125 -0.96042
27.125 92.375 -2.3081
27.125 92.625 -1.626
27.125 92.875 0.31761
27.125 93.125 -0.78482
27.125 93.375 0.17971
27.125 93.625 -1.2817
27.125 93.875 -0.14536
27.125 94.125 -1.7113
27.125 94.375 -0.95974
27.125 94.625 -1.3021
27.125 94.875 -1.8716
27.125 95.125 -2.2427
27.125 95.375 -2.0775
27.125 95.625 -1.6431
27.125 95.875 -1.6505
27.375 70.125 -0.62889
27.375 70.375 -0.69712
27.375 70.625 -0.46543
27.375 70.875 -0.4796
27.375 71.125 -1.5282
27.375 71.375 -1.4032
27.375 71.625 -1.3316
27.375 71.875 -1.0415
27.375 72.125 -0.17362
27.375 72.375 -0.55142
27.375 72.625 -0.39315
27.375 72.875 -0.56086
27.375 73.125 -1.043
27.375 73.375 -0.87187
27.375 73.625 -0.72002
27.375 73.875 -0.15423
27.375 74.125 0.092685
27.375 74.375 -0.38785
27.375 74.625 -0.062348
27.375 74.875 -0.13689
27.375 75.125 -1.0489
27.375 75.375 -0.84943
27.375 75.625 0.47194
27.375 75.875 0.18239
27.375 76.125 -0.767
27.375 76.375 -0.25045
27.375 76.625 -1.2647
27.375 76.875 1.2377
27.375 77.125 0.4358
27.375 77.375 -1.7668
27.375 77.625 -1.2049
27.375 77.875 -0.53697
27.375 78.125 0.78584
27.375 78.375 -0.56293
27.375 78.625 0.083489
27.375 78.875 -0.69434
27.375 79.125 -1.4251
27.375 79.375 0.024699
27.375 79.625 0.05762
27.375 79.875 -1.2866
27.375 80.125 -1.4807
27.375 80.375 -1.0244
27.375 80.625 -2.1893
27.375 80.875 -1.3388
27.375 81.125 0.61482
27.375 81.375 0.92516
27.375 81.625 -1.3837
27.375 81.875 -0.68753
27.375 82.125 -0.2942
27.375 82.375 -0.25363
27.375 82.625 -0.13056
27.375 82.875 -0.42479
27.375 83.125 -0.39004
27.375 83.625 0.82417
27.375 84.125 0.0065399
27.375 84.375 -1.7522
27.375 88.125 -1.8978
27.375 88.375 -2.0645
27.375 88.625 -2.2165
27.375 92.125 -0.63704
27.375 92.375 -1.4076
27.375 92.625 -1.2153
27.375 92.875 0.033003
27.375 93.125 -0.40573
27.375 93.375 -1.4882
27.375 93.625 -0.59733
27.375 93.875 -1.0539
27.375 94.125 -2.2845
27.375 94.375 -1.899
27.375 94.625 -1.7035
27.375 94.875 -1.8957
27.375 95.125 -1.5596
27.375 95.375 -1.7294
27.375 95.625 -2.2327
27.375 95.875 -1.7808
27.375 96.125 -1.3926
27.375 96.375 -1.903
NaN NaN NaN
27.375 96.875 -0.73225
27.625 70.125 -0.3842
27.625 70.375 -0.93766
27.625 70.625 -0.78034
27.625 70.875 -1.0602
27.625 71.125 -1.4704
27.625 71.375 -1.3983
27.625 71.625 -1.1752
27.625 71.875 -0.11449
27.625 72.125 -0.6694
27.625 72.375 -0.16405
27.625 72.625 -0.7971
27.625 72.875 -0.51715
27.625 73.125 -0.92938
27.625 73.375 -1.4844
27.625 73.625 -0.92727
27.625 73.875 0.46116
27.625 74.125 -0.29273
27.625 74.375 -0.12843
27.625 74.625 -0.70044
27.625 74.875 -0.58541
27.625 75.125 -0.78684
27.625 75.375 -0.71742
27.625 75.625 -0.64327
27.625 75.875 -0.89508
27.625 76.125 -0.24349
27.625 76.375 -1.12
27.625 76.625 -1.133
27.625 76.875 -1.0154
27.625 77.125 -1.5342
27.625 77.375 -1.2459
27.625 77.625 -2.1266
27.625 77.875 -0.60616
27.625 78.125 0.86999
27.625 78.375 0.65566
27.625 78.625 -1.6059
27.625 78.875 -0.39728
27.625 79.125 -1.5987
27.625 79.375 -1.9382
27.625 79.625 -0.815
27.625 79.875 1.219
27.625 80.125 0.68925
27.625 80.375 -1.1183
27.625 80.625 -2.12
27.625 80.875 -1.6939
27.625 81.125 -0.10837
27.625 81.375 0.82268
27.625 81.625 0.066266
27.625 81.875 0.66776
27.625 82.125 0.079426
27.625 82.375 -0.13061
27.625 82.625 0.03532
27.625 88.375 -1.7126
27.625 88.625 -1.7572
27.625 91.625 -2.1032
27.625 91.875 -2.034
27.625 92.125 -1.1385
27.625 92.375 -1.2975
27.625 92.625 -2.2246
27.625 92.875 -2.0098
27.625 93.125 -1.6185
27.625 93.375 -1.327
27.625 93.625 -1.4251
27.625 93.875 -1.6884
27.625 94.125 -2.1527
27.625 94.375 -1.9784
27.625 94.625 -2.0359
27.625 94.875 -2.1845
27.625 95.125 -2.3283
27.625 95.375 -2.0753
27.625 95.625 -1.9493
27.625 95.875 -2.1764
27.625 96.125 -1.8177
27.625 96.375 -1.817
27.625 96.625 -2.2468
27.625 96.875 -1.5631
27.875 70.375 -0.65374
27.875 71.875 -0.18953
27.875 72.125 -0.59228
27.875 72.375 -0.35466
27.875 72.625 -0.50395
27.875 72.875 -0.54918
27.875 73.125 -0.47036
27.875 73.375 -0.45458
27.875 73.625 -1.4608
27.875 73.875 -1.1938
27.875 74.125 -0.35864
27.875 74.375 -0.95107
27.875 74.625 -1.1196
27.875 74.875 -1.0328
27.875 75.125 -1.4977
27.875 75.375 -0.58005
27.875 75.625 -1.1335
27.875 75.875 -0.80464
27.875 76.125 -1.0927
27.875 76.375 -0.36048
27.875 76.625 -0.83995
27.875 76.875 -1.5425
27.875 77.125 -0.83011
27.875 77.375 -1.7933
27.875 77.625 -1.8171
27.875 77.875 -1.5259
27.875 78.125 -1.2358
27.875 78.375 1.359
27.875 78.625 0.78114
27.875 78.875 -0.8994
27.875 79.125 -0.29274
27.875 79.375 -1.1354
27.875 79.625 -0.24807
27.875 79.875 0.80314
27.875 80.125 0.62787
27.875 80.375 -1.2228
27.875 80.625 -1.7034
27.875 80.875 -2.0153
27.875 81.125 -0.31941
27.875 81.375 1.0537
27.875 81.625 1.5586
27.875 88.375 0.034558
27.875 88.625 -0.50451
27.875 92.875 -1.8606
27.875 93.125 -2.036
27.875 93.375 -1.0296
27.875 93.625 -1.1836
27.875 93.875 -1.6721
27.875 94.125 -2.3011
27.875 94.375 -1.7156
27.875 94.625 -1.7213
27.875 94.875 -1.815
27.875 95.125 -0.73279
27.875 95.375 -2.2094
27.875 95.625 -2.0099
27.875 95.875 -2.0455
27.875 96.125 -2.0773
27.875 96.375 -1.3484
27.875 96.625 -0.9983
NaN NaN NaN
27.875 97.125 -1.0663
28.125 72.125 -0.93239
28.125 72.375 -0.67445
28.125 72.625 -0.50747
28.125 72.875 0.39883
28.125 73.125 0.3819
28.125 73.375 0.094578
28.125 73.625 -0.41261
28.125 73.875 -0.41713
28.125 74.125 -0.66344
28.125 74.375 -0.57615
28.125 74.625 -1.5499
28.125 74.875 -1.3045
28.125 75.125 -1.7496
28.125 75.375 -0.33444
28.125 75.625 -0.74004
28.125 75.875 -1.4651
28.125 76.125 -1.0348
28.125 76.375 -0.61051
28.125 76.625 -0.19264
28.125 76.875 -1.2457
28.125 77.125 -1.5321
28.125 77.375 -1.8889
28.125 77.625 -2.0791
28.125 77.875 -1.7833
28.125 78.125 -1.3887
28.125 78.375 1.296
28.125 78.625 -1.4346
28.125 78.875 -0.89473
28.125 79.125 0.17976
28.125 79.375 -1.9249
28.125 79.625 0.7452
28.125 79.875 1.3593
28.125 80.125 1.0826
28.125 80.375 -0.31403
28.125 80.625 -0.54778
28.125 80.875 -0.9674
28.125 81.125 -0.1104
28.125 81.375 0.43754
28.125 92.875 -1.9934
28.125 93.125 -1.8679
28.125 93.375 -1.4749
28.125 93.625 -1.302
28.125 93.875 -0.84594
28.125 94.125 -1.93
28.125 94.375 -1.5311
28.125 94.625 -1.2154
28.125 94.875 -1.8499
28.125 95.125 -1.8063
28.125 95.375 -1.8071
28.125 95.625 -1.7556
28.125 95.875 -2.1088
28.125 96.125 -2.3861
28.125 96.375 -0.21164
NaN NaN NaN
NaN NaN NaN
NaN NaN NaN
28.375 72.375 -0.95726
28.375 72.625 -0.40529
28.375 72.875 -0.41574
28.375 73.125 -0.05293
28.375 73.375 -0.41522
28.375 73.625 -0.69292
28.375 73.875 -0.29273
28.375 74.125 -0.27883
28.375 74.375 -0.40308
28.375 74.625 -0.82542
28.375 74.875 -0.71239
28.375 75.125 -0.88476
28.375 75.375 -0.9063
28.375 75.625 -1.535
28.375 75.875 -1.7393
28.375 76.125 -0.95642
28.375 76.375 -1.2437
28.375 76.625 -0.28587
28.375 76.875 0.53414
28.375 77.125 -1.7422
28.375 77.375 -1.771
28.375 77.625 -1.7408
28.375 77.875 -1.3375
28.375 78.125 0.42557
28.375 78.375 1.0567
28.375 78.625 -1.3633
28.375 78.875 -1.1086
28.375 79.125 -0.26376
28.375 79.375 0.39686
28.375 79.625 1.4579
28.375 79.875 -1.967
28.375 80.125 0.49276
28.375 80.375 -0.53126
28.375 80.625 -0.69216
28.375 80.875 0.47914
28.375 81.125 0.58197
28.375 93.375 -2.082
28.375 93.625 -1.9187
28.375 93.875 -1.9542
28.375 94.125 -1.326
28.375 94.375 -0.32421
28.375 94.625 -0.41869
28.375 94.875 -0.41918
28.375 95.125 -1.3373
28.375 95.375 0.10651
28.375 95.625 -2.2159
28.375 95.875 -2.2869
28.375 96.125 -2.1594
NaN NaN NaN
28.625 72.375 -0.66494
28.625 72.625 -0.73525
28.625 72.875 -0.36227
28.625 73.125 -0.28444
28.625 73.375 -0.38198
28.625 73.625 -0.51578
28.625 73.875 -0.62193
28.625 74.125 -0.5648
28.625 74.375 -0.82583
28.625 74.625 -0.96552
28.625 74.875 -0.92084
28.625 75.125 -1.2445
28.625 75.375 -0.74813
28.625 75.625 -1.2956
28.625 75.875 -1.721
28.625 76.125 -1.7313
28.625 76.375 -1.8753
28.625 76.625 -0.8677
28.625 76.875 -0.58314
28.625 77.125 -1.0244
28.625 77.375 -1.4011
28.625 77.625 -1.3234
28.625 77.875 -1.56
28.625 78.125 -0.165
28.625 78.375 1.0852
28.625 78.625 -1.9372
28.625 78.875 0.63495
28.625 79.125 0.40981
28.625 79.375 0.2221
28.625 79.625 -0.98338
28.625 79.875 -2.1302
28.625 80.125 0.90197
28.625 80.375 -0.12663
28.625 80.625 -0.41144
28.625 93.625 -1.0433
28.625 93.875 1.8374
28.625 94.125 -0.51635
28.625 94.375 -2.2964
28.625 94.625 -0.17108
28.625 94.875 -1.0134
28.625 95.125 -1.7713
28.625 95.375 -1.8355
28.625 95.625 -0.047181
28.625 95.875 -0.65023
28.625 96.125 -1.3798
NaN NaN NaN
28.875 72.875 -1.3497
28.875 73.125 -0.62486
28.875 73.375 -0.82224
28.875 73.625 -0.30471
28.875 73.875 -1.529
28.875 74.125 -1.4657
28.875 74.375 -1.4668
28.875 74.625 -1.2196
28.875 74.875 -1.66
28.875 75.125 -1.5344
28.875 75.375 -1.6467
28.875 75.625 -1.4792
28.875 75.875 -1.2606
28.875 76.125 -1.4851
28.875 76.375 -1.3144
28.875 76.625 -1.3324
28.875 76.875 -1.0742
28.875 77.125 -1.4246
28.875 77.375 -0.96734
28.875 77.625 -1.2567
28.875 77.875 -0.27108
28.875 78.125 0.0065442
28.875 78.375 0.32739
28.875 78.625 -0.05514
28.875 78.875 -1.029
28.875 79.125 -1.4173
28.875 79.375 1.3352
28.875 79.625 -1.7687
28.875 79.875 -1.8821
28.875 94.125 -1.003
28.875 94.375 -0.58867
28.875 94.625 -1.1459
28.875 94.875 0.7463
28.875 95.125 -1.8809
28.875 95.375 -2.1362
28.875 95.625 -1.0595
28.875 95.875 -1.2986
28.875 96.125 -1.629
NaN NaN NaN
29.125 73.125 -0.95894
29.125 73.375 -0.72336
29.125 73.625 0.10313
29.125 73.875 -0.88266
29.125 74.125 -0.90636
29.125 74.375 -1.1391
29.125 74.625 -1.1182
29.125 74.875 -1.5667
29.125 75.125 -1.7741
29.125 75.375 -1.1468
29.125 75.625 -1.3293
29.125 75.875 -1.6105
29.125 76.125 -1.7505
29.125 76.375 -2.1658
29.125 76.625 -1.6581
29.125 76.875 -1.9792
29.125 77.125 -1.7327
29.125 77.375 -1.3743
29.125 77.625 0.12447
29.125 77.875 0.2159
29.125 78.125 1.0417
29.125 78.375 0.95521
29.125 78.625 -2.0901
29.125 78.875 -0.30313
29.125 79.125 -2.2711
29.125 79.375 -2.1573
29.125 79.625 0.074665
29.125 79.875 -0.33581
29.125 80.125 -0.055039
29.125 94.375 -0.29328
29.125 94.625 -0.45483
29.125 94.875 -0.61152
29.125 95.625 -0.30648
29.125 95.875 0.32907
29.125 96.125 -1.6815
29.375 73.375 -0.45286
29.375 73.625 -0.62304
29.375 73.875 -0.47453
29.375 74.125 -0.85632
29.375 74.375 -1.7434
29.375 74.625 -1.4687
29.375 74.875 -0.92448
29.375 75.125 -1.0362
29.375 75.375 -1.0336
29.375 75.625 -1.1682
29.375 75.875 -1.3083
29.375 76.125 -1.5551
29.375 76.375 -2.1408
29.375 76.625 -1.6554
29.375 76.875 -1.9799
29.375 77.125 -1.9099
29.375 77.375 -1.8991
29.375 77.625 0.77001
29.375 77.875 0.77397
29.375 78.125 -0.43955
29.375 78.375 0.82981
29.375 78.625 -2.0062
29.375 78.875 1.8567
29.375 79.125 0.72998
29.375 79.375 -2.0122
29.375 79.625 -1.7925
29.375 79.875 -1.7952
29.375 80.125 -1.9735
NaN NaN NaN
29.625 73.375 -0.69885
29.625 73.625 -0.28897
29.625 73.875 -2.0328
29.625 74.125 -1.4154
29.625 74.375 -1.3492
29.625 74.625 -1.5491
29.625 74.875 -1.1706
29.625 75.125 -0.78429
29.625 75.375 -1.2831
29.625 75.625 0.078119
29.625 75.875 -1.6143
29.625 76.125 -1.5645
29.625 76.375 -2.1743
29.625 76.625 -1.7079
29.625 76.875 -1.5708
29.625 77.125 -1.8172
29.625 77.375 -2.0096
29.625 77.625 -1.9329
29.625 77.875 0.52498
29.625 78.125 -1.3136
29.625 78.375 -2.3625
29.625 78.625 -2.3734
29.625 78.875 -0.030611
29.625 79.125 -1.065
29.625 79.375 0.59346
29.625 79.625 0.3498
29.625 79.875 -0.56376
29.625 80.125 -1.5432
29.875 73.625 -0.99652
29.875 73.875 -1.4246
29.875 74.125 -1.2573
29.875 74.375 -1.7416
29.875 74.625 -1.9992
29.875 74.875 -0.9474
29.875 75.125 -2.14
29.875 75.375 -1.6438
29.875 75.625 -0.12592
29.875 75.875 -1.5284
29.875 76.125 -1.1551
29.875 76.375 -1.3678
29.875 76.625 -1.2704
29.875 76.875 -1.7976
29.875 77.125 -1.9993
29.875 77.375 -1.9722
29.875 77.625 -2.032
29.875 77.875 -1.9627
29.875 78.125 -2.2796
29.875 78.375 -0.62073
29.875 78.625 -0.26348
29.875 78.875 0.96886
29.875 79.125 -0.67192
29.875 79.375 0.16808
29.875 79.625 -0.63691
29.875 79.875 0.060475
29.875 80.125 -1.2061
29.875 80.375 -0.37071
30.125 74.125 -1.5647
30.125 74.375 -1.7541
30.125 74.625 -1.8491
30.125 74.875 -1.4696
30.125 75.125 -1.9508
30.125 75.375 -1.5408
30.125 75.625 -1.6756
30.125 75.875 -1.6681
30.125 76.125 -0.29653
30.125 76.375 -0.81413
30.125 76.625 -1.6203
30.125 76.875 -1.745
30.125 77.125 -1.7352
30.125 77.375 -2.1085
30.125 77.625 -2.0282
30.125 77.875 -2.0313
30.125 78.125 -2.386
30.125 78.375 -0.072405
30.125 78.625 -0.38196
30.125 78.875 1.8162
30.125 79.125 1.3267
30.125 79.375 0.67611
30.125 79.625 0.70744
30.125 79.875 0.40226
30.125 80.125 0.51814
30.125 80.375 0.3818
30.125 80.625 -0.29556
30.375 74.125 -1.4701
30.375 74.375 -1.2413
30.375 74.625 -1.785
30.375 74.875 -1.4753
30.375 75.125 -2.0342
30.375 75.375 -1.6537
30.375 75.625 -1.2552
30.375 75.875 -1.4155
30.375 76.125 -1.5007
30.375 76.375 -1.4216
30.375 76.625 -2.0793
30.375 76.875 -2.0125
30.375 77.125 -1.9415
30.375 77.375 -1.5543
30.375 77.625 -0.98559
30.375 77.875 -2.0217
30.375 78.125 -2.3774
30.375 78.375 -2.3704
30.375 78.625 -2.3491
30.375 78.875 1.1496
30.375 79.125 -0.25882
30.375 79.375 0.75159
30.375 79.625 0.66001
30.375 79.875 0.59863
30.375 80.125 0.21044
30.375 80.375 -0.91339
30.375 80.625 -1.3757
30.625 74.375 -1.7339
30.625 74.625 -2.0283
30.625 74.875 -1.9301
30.625 75.125 -1.8874
30.625 75.375 -1.3681
30.625 75.625 -1.8394
30.625 75.875 -1.807
30.625 76.125 -1.4569
30.625 76.375 -0.20697
30.625 76.625 -1.7113
30.625 76.875 -1.7123
30.625 77.125 -1.5896
30.625 77.375 -1.5459
30.625 77.625 -0.48989
30.625 77.875 -0.086504
30.625 78.125 -1.0982
30.625 78.375 -1.4312
30.625 78.625 -1.0268
30.625 78.875 0.75931
30.625 79.125 1.6238
30.625 79.375 -0.40122
30.625 79.625 0.23284
30.625 79.875 1.3166
30.625 80.125 0.35342
30.875 74.625 -1.7076
30.875 74.875 -2.2898
30.875 75.125 -2.0813
30.875 75.375 -2.318
30.875 75.625 -1.4347
30.875 75.875 -1.2892
30.875 76.125 -1.5589
30.875 76.375 -0.6935
30.875 76.625 -0.35985
30.875 76.875 -1.6794
30.875 77.125 0.6108
30.875 77.375 -0.68522
30.875 77.625 -0.3068
30.875 77.875 0.31832
30.875 78.125 0.41589
30.875 78.375 0.12801
30.875 78.625 -1.2847
30.875 78.875 -0.6035
30.875 79.125 1.6996
30.875 79.375 -0.24287
30.875 79.625 -0.20682
30.875 79.875 0.43422
31.125 74.875 -2.1639
31.125 75.125 -2.1316
31.125 75.375 -1.7948
31.125 75.625 -1.2054
31.125 75.875 -0.94974
31.125 76.125 -0.96885
31.125 76.375 -0.56017
31.125 76.625 -0.99846
31.125 76.875 -1.9141
31.125 77.125 -0.93071
31.125 77.375 -0.41545
31.125 77.625 0.20637
31.125 77.875 -0.4322
31.125 78.125 0.74549
31.125 78.375 0.87773
31.125 78.625 0.058276
31.125 78.875 0.57616
31.125 79.125 1.3481
31.375 74.875 -2.2862
31.375 75.125 -2.2294
31.375 75.375 -2.2392
31.375 75.625 -1.5641
31.375 75.875 -1.0784
31.375 76.125 -1.628
31.375 76.375 -2.1309
31.375 76.625 -1.4278
31.375 76.875 -2.2962
31.375 77.125 -0.97275
31.375 77.375 1.0945
31.375 77.625 -0.20199
31.375 77.875 1.0783
31.375 78.125 1.1499
31.375 78.375 2.0658
31.375 78.625 1.4683
31.625 74.875 -1.9647
31.625 75.125 -0.53228
31.625 75.375 -0.27945
31.625 75.625 -0.65396
31.625 75.875 -1.4316
31.625 76.125 -1.2807
31.625 76.375 -1.6604
31.625 76.625 -1.8981
31.625 76.875 -1.7242
31.625 77.125 -0.055496
31.625 77.375 1.3763
31.625 77.625 1.534
31.625 77.875 1.2053
31.625 78.125 2.226
31.625 78.375 2.1573
31.625 78.625 1.967
31.875 74.875 1.7128
31.875 75.125 2.0705
31.875 75.375 -1.8968
31.875 75.625 -0.96469
31.875 75.875 -1.2013
31.875 76.125 -1.6919
31.875 76.375 -1.8119
31.875 76.625 -2.0822
31.875 76.875 -1.4686
31.875 77.125 -0.72856
31.875 77.375 1.3867
31.875 77.625 1.2338
31.875 77.875 1.3097
31.875 78.125 1.5316
31.875 78.375 1.4484
31.875 78.625 2.1187
32.125 75.375 2.281
32.125 75.625 -0.68435
32.125 75.875 -1.1215
32.125 76.125 -2.1651
32.125 76.375 -2.2743
32.125 76.625 -1.6345
32.125 76.875 0.089635
32.125 77.125 0.55152
32.125 77.375 -0.37314
32.125 77.625 -1.0941
32.125 77.875 1.2291
32.125 78.125 1.1423
32.125 78.375 0.056983
32.375 75.375 1.4296
32.375 75.625 -0.71487
32.375 75.875 -1.4843
32.375 76.125 -1.5041
32.375 76.375 -0.42317
32.375 76.625 -0.71625
32.375 76.875 2.1398
32.375 77.125 0.2927
32.375 77.375 0.53328
32.375 77.625 -0.32924
32.375 77.875 0.66944
32.375 78.125 0.36915
32.375 78.375 -1.9547
32.625 74.875 -1.1966
32.625 75.125 -0.95587
32.625 75.375 -0.8194
32.625 75.625 -0.34018
32.625 75.875 -0.37627
32.625 76.125 -0.30477
32.625 76.375 -1.3613
32.625 76.625 1.0884
32.625 76.875 1.7065
32.625 77.125 -1.1759
32.625 77.375 0.23257
32.625 77.625 1.4425
32.625 77.875 0.82145
32.625 78.125 0.57788
32.625 78.375 0.70768
32.625 78.625 -1.461
32.625 78.875 1.6167
32.625 79.125 1.2086
32.625 79.375 -0.96522
32.875 74.375 -0.37295
32.875 74.625 -0.3706
32.875 74.875 0.24955
32.875 75.125 -0.010026
32.875 75.375 0.032704
32.875 75.625 -1.2699
32.875 75.875 -0.077223
32.875 76.125 0.73121
32.875 76.375 1.0437
32.875 76.625 0.91268
32.875 76.875 1.6756
32.875 77.125 0.84768
32.875 77.375 1.6858
32.875 77.625 1.1381
32.875 77.875 -0.52372
32.875 78.125 -0.73611
32.875 78.375 -1.1413
32.875 78.625 -1.3946
32.875 78.875 1.6019
32.875 79.125 2.1025
32.875 79.375 1.9564
33.125 73.875 -0.008594
33.125 74.125 -0.050624
33.125 74.375 0.33599
33.125 74.625 0.60189
33.125 74.875 1.4356
33.125 75.125 0.71755
33.125 75.375 -0.053847
33.125 75.625 -1.2867
33.125 75.875 -0.28093
33.125 76.125 0.97421
33.125 76.375 -0.66678
33.125 76.625 0.61658
33.125 76.875 0.38777
33.125 77.125 1.4894
33.125 77.375 -0.56309
33.125 77.625 -0.32389
33.125 77.875 -0.62614
33.125 78.125 -0.31244
33.125 78.375 -0.84011
33.125 78.625 1.101
33.125 78.875 0.97209
33.125 79.125 1.6984
33.375 73.875 0.72393
33.375 74.125 1.0842
33.375 74.375 0.92679
33.375 74.625 0.7273
33.375 74.875 0.086751
33.375 75.125 -0.0078254
33.375 75.375 0.033223
33.375 75.625 -0.97833
33.375 75.875 -0.39118
33.375 76.125 1.3431
33.375 76.375 -1.061
33.375 76.625 0.21617
33.375 76.875 1.2429
33.375 77.125 0.85424
33.375 77.375 1.6493
33.375 77.625 0.31393
33.375 77.875 -0.6356
33.375 78.125 0.98748
33.375 78.375 2.1529
33.375 78.625 0.34396
33.375 78.875 -0.29745
33.625 73.875 -0.054666
33.625 74.125 0.97052
33.625 74.375 -0.0043571
33.625 74.625 -0.0097913
33.625 74.875 -0.77246
33.625 75.125 0.39266
33.625 75.375 -0.17974
33.625 75.625 0.1613
33.625 75.875 -1.018
33.625 76.125 -0.37505
33.625 76.375 0.53423
33.625 76.625 0.36935
33.625 76.875 -0.71619
33.625 77.125 1.1963
33.625 77.375 1.6349
33.625 77.625 2.0554
33.625 77.875 1.8075
33.625 78.125 2.0888
33.625 78.375 1.817
33.625 78.625 -0.53962
33.625 78.875 -0.8271
33.875 73.875 -0.62275
33.875 74.125 0.83408
33.875 74.375 0.21492
33.875 74.625 0.0028148
33.875 74.875 0.29355
33.875 75.125 1.1236
33.875 75.375 0.30887
33.875 75.625 -0.69748
33.875 75.875 -1.3211
33.875 76.125 1.2253
33.875 76.375 0.63079
33.875 76.625 1.1786
33.875 76.875 1.1624
33.875 77.125 1.3324
33.875 77.375 0.33558
33.875 77.625 0.84478
33.875 77.875 1.4051
33.875 78.125 1.9056
33.875 78.375 1.2848
33.875 78.625 0.16443
33.875 78.875 0.0023052
34.125 73.625 0.33661
34.125 73.875 -0.15083
34.125 74.125 0.27848
34.125 74.375 -0.19989
34.125 74.625 -0.2777
34.125 74.875 -1.5865
34.125 75.125 1.1605
34.125 75.375 -0.063941
34.125 75.625 -0.29881
34.125 75.875 0.92216
34.125 76.125 0.90218
34.125 76.375 0.83072
34.125 76.625 1.4085
34.125 76.875 1.3151
34.125 77.125 -0.4664
34.125 77.375 -0.041967
34.125 77.625 -0.12152
34.125 77.875 1.0403
34.125 78.125 1.5186
34.125 78.375 1.9402
34.125 78.625 -0.053807
34.125 78.875 1.8984
34.125 79.125 -0.71617
34.125 79.375 1.0745
34.375 73.625 -0.0035031
34.375 73.875 -1.4084
34.375 74.125 -1.224
34.375 74.375 1.0036
34.375 74.625 -0.23776
34.375 74.875 -0.86479
34.375 75.125 0.099027
34.375 75.375 -0.28333
34.375 75.625 1.4443
34.375 75.875 1.196
34.375 76.125 0.23589
34.375 76.375 0.43934
34.375 76.625 0.60439
34.375 76.875 0.50667
34.375 77.125 1.3839
34.375 77.375 1.1006
34.375 77.625 0.32454
34.375 77.875 1.7199
34.375 78.125 1.337
34.375 78.375 1.0931
34.375 78.625 1.8482
34.375 78.875 -0.5616
34.375 79.125 -0.27097
34.375 79.375 -0.626
34.625 73.875 -1.2808
34.625 74.125 0.020133
34.625 74.375 -0.46217
34.625 74.625 -0.89052
34.625 74.875 -1.1747
34.625 75.125 0.61744
34.625 75.375 -0.29996
34.625 75.625 0.26864
34.625 75.875 -1.8234
34.625 76.125 -1.9366
34.625 76.375 -0.06437
34.625 76.625 1.6554
34.625 76.875 1.6429
34.625 77.125 2.2003
34.625 77.375 -1.3332
34.625 77.625 1.6635
34.625 77.875 1.2551
34.625 78.125 1.6383
34.625 78.375 1.7862
34.625 78.625 1.6737
34.625 78.875 -0.1336
34.625 79.125 0.0085991
34.625 79.375 -0.56798
34.625 79.625 -0.75301
34.875 74.125 0.24962
34.875 74.375 0.86228
34.875 74.625 -0.83633
34.875 74.875 -0.55849
34.875 75.125 -1.1484
34.875 75.375 -1.6004
34.875 75.625 0.58332
34.875 75.875 -0.85495
34.875 76.125 -1.075
34.875 76.375 -0.36
34.875 76.625 -0.66123
34.875 76.875 0.89163
34.875 77.125 -0.51864
34.875 77.375 -1.0844
34.875 77.625 1.191
34.875 77.875 1.5487
34.875 78.125 1.7423
34.875 78.375 1.8139
34.875 78.625 0.22083
34.875 78.875 -0.31278
34.875 79.125 0.65121
34.875 79.375 0.0031168
34.875 79.625 -0.37285
34.875 79.875 -0.18564
35.125 74.375 1.5219
35.125 74.625 -0.71376
35.125 74.875 -1.2473
35.125 75.125 -0.77645
35.125 75.375 -0.40952
35.125 75.625 -1.0625
35.125 75.875 1.1841
35.125 76.125 -1.2517
35.125 76.375 1.4657
35.125 76.625 0.34351
35.125 76.875 1.1679
35.125 77.125 0.92418
35.125 77.375 0.86557
35.125 77.625 -0.35191
35.125 77.875 1.5626
35.125 78.125 -0.6368
35.125 78.375 -1.3157
35.125 78.625 -0.2304
35.125 78.875 -0.9997
35.125 79.125 0.50677
35.125 79.375 -1.0717
35.125 79.625 -1.5046
35.125 79.875 -1.2621
35.375 73.875 -0.22797
35.375 74.125 -0.12898
35.375 74.375 1.1711
35.375 74.625 1.1268
35.375 74.875 0.60316
35.375 75.125 -0.73452
35.375 75.375 -1.0047
35.375 75.625 2.3558
35.375 75.875 2.2102
35.375 76.125 2.3939
35.375 76.375 0.65593
35.375 76.625 2.0873
35.375 76.875 1.5068
35.375 77.125 1.5388
35.375 77.375 -1.4818
35.375 77.625 -0.93597
35.375 77.875 -0.87506
35.375 78.125 -1.5301
35.375 78.375 0.81198
35.375 78.625 -0.83208
35.375 78.875 -1.203
35.375 79.125 1.2495
35.375 79.375 -0.2593
35.375 79.625 -0.33492
35.375 79.875 -1.0373
NaN NaN NaN
35.625 73.375 -1.677
35.625 73.625 1.4915
35.625 73.875 -1.7711
35.625 74.125 2.4014
35.625 74.375 -1.1278
35.625 74.625 0.93772
35.625 74.875 -0.75097
35.625 75.125 -1.1998
35.625 75.375 2.3095
35.625 75.625 2.3272
35.625 75.875 2.1737
35.625 76.125 2.438
35.625 76.375 2.4084
35.625 76.625 -1.4295
35.625 76.875 -1.214
35.625 77.125 1.1473
35.625 78.375 -1.6293
35.625 78.625 -1.0342
35.625 78.875 -0.45959
35.625 79.125 1.3419
35.625 79.375 0.04639
35.625 79.625 -0.11318
35.625 79.875 1.6098
35.625 80.125 2.2945
35.875 73.125 -1.6178
35.875 73.375 -0.85476
35.875 73.625 -1.7154
35.875 73.875 -1.6162
35.875 74.125 -1.3921
35.875 74.375 -1.5479
35.875 74.625 -0.92418
35.875 74.875 -1.1446
35.875 75.125 2.0779
35.875 75.375 1.4656
35.875 75.625 2.1333
35.875 75.875 -0.5118
35.875 76.125 2.1359
35.875 76.375 1.3099
35.875 76.625 1.1244
35.875 79.375 2.2746
36.125 72.625 0.31098
36.125 72.875 0.28226
36.125 73.125 -0.64723
36.125 73.375 -1.051
36.125 73.625 -1.0419
36.125 73.875 -0.65202
36.125 74.125 -0.78011
36.125 74.375 -1.3904
36.125 74.625 -1.8085
36.125 74.875 2.3062
36.125 75.125 2.3694
36.125 75.375 1.8234
36.125 75.625 0.41149
36.125 75.875 -1.4554
36.125 76.125 -0.76898
36.125 76.375 -2.2551
36.125 76.625 -2.0573
36.375 73.125 -1.5418
36.375 73.375 -0.013052
36.375 73.625 1.2082
36.375 73.875 -0.10082
36.375 74.125 -0.15878
36.375 74.375 -0.23467
36.375 74.625 -0.041435
36.375 74.875 -2.3653
36.375 75.125 1.6929
36.375 75.375 -1.9017
36.375 75.625 2.0837
36.375 75.875 0.63773
36.375 76.125 1.6449
36.625 73.375 0.51052
36.625 73.625 -0.18631
36.625 73.875 -0.40953
36.625 74.125 -0.60834
36.625 74.375 -1.8267
36.625 74.625 0.85334
36.625 74.875 2.1953
36.625 75.125 -1.5987
36.625 75.375 -1.1778
36.625 75.625 -2.3813
36.875 73.875 1.2861
36.875 74.375 1.2261
36.875 74.625 1.228
36.875 74.875 1.838
36.875 75.125 0.97921
36.875 75.375 -2.3661
