8.125 77.375 0.58075
8.375 77.125 -0.32969
8.375 77.375 0.5017
8.375 77.625 1.3437
8.375 77.875 1.4189
8.625 76.875 0.12627
8.625 77.125 0.30924
8.625 77.375 0.43174
8.625 77.625 0.31847
8.625 77.875 0.75372
8.875 76.875 0.19129
8.875 77.125 0.53242
8.875 77.375 0.25464
8.875 77.625 0.36295
8.875 77.875 -0.60465
9.125 76.625 0.93261
9.125 76.875 0.41713
9.125 77.125 0.04272
9.125 77.375 -0.0066172
9.125 77.625 -0.11846
9.125 77.875 -0.15704
9.125 78.125 0.53886
9.125 78.375 -0.16865
9.375 76.625 0.92109
9.375 76.875 0.44995
9.375 77.125 -0.090663
9.375 77.375 -0.1353
9.375 77.625 -0.28429
9.375 77.875 -0.065936
9.375 78.125 0.19496
9.375 78.375 0.23669
9.375 78.625 0.12446
9.375 78.875 1.4554
9.625 76.375 0.83552
9.625 76.625 0.88605
9.625 76.875 0.76018
9.625 77.125 -0.19464
9.625 77.375 -0.24435
9.625 77.625 -0.90017
9.625 77.875 0.60687
9.625 78.125 -0.53148
9.625 78.375 0.062198
9.625 78.625 0.48873
9.875 76.625 1.0497
9.875 76.875 0.42796
9.875 77.125 -0.32133
9.875 77.375 -0.093779
9.875 77.625 -0.50362
9.875 77.875 -0.050189
9.875 78.125 -0.76501
9.875 78.375 0.49409
9.875 78.625 0.76722
9.875 78.875 0.53474
10.125 76.375 0.21386
10.125 76.625 0.77259
10.125 76.875 1.5033
10.125 77.125 -0.52388
10.125 77.375 -1.7222
10.125 77.625 0.031131
10.125 77.875 0.30453
10.125 78.125 0.23056
10.125 78.375 0.47794
10.125 78.625 -0.51762
10.125 78.875 0.029103
10.125 79.125 0.88855
10.375 76.375 0.19826
10.375 76.625 0.39067
10.375 76.875 1.089
10.375 77.125 0.055943
10.375 77.375 -0.34953
10.375 77.625 -0.10778
10.375 77.875 -0.46101
10.375 78.125 0.0090225
10.375 78.375 -0.16784
10.375 78.625 0.12567
10.375 78.875 -0.40964
10.375 79.125 0.60465
10.375 79.375 1.2621
10.375 79.625 0.85638
10.625 76.125 0.32234
10.625 76.375 1.4916
10.625 76.625 0.46828
10.625 76.875 0.93794
10.625 77.125 -0.70266
10.625 77.375 -0.74638
10.625 77.625 -0.07662
10.625 77.875 0.097189
10.625 78.125 -0.46708
10.625 78.375 -1.054
10.625 78.625 -0.27527
10.625 78.875 -0.23971
10.625 79.125 1.7755
10.625 79.375 1.054
10.625 79.625 1.1801
10.875 76.125 1.0542
10.875 76.375 1.5987
10.875 76.625 0.2217
10.875 76.875 0.12118
10.875 77.125 -0.13049
10.875 77.375 0.2852
10.875 77.625 -0.76809
10.875 77.875 -0.27433
10.875 78.125 -0.9692
10.875 78.375 0.29018
10.875 78.625 1.1685
10.875 78.875 0.8265
10.875 79.125 0.096317
10.875 79.375 0.26598
10.875 79.625 1.0612
11.125 76.125 1.5634
11.125 76.375 0.90794
11.125 76.625 3.0721
11.125 76.875 -1.1959
11.125 77.125 0.40988
11.125 77.375 -0.03881
11.125 77.625 0.32621
11.125 77.875 0.46269
11.125 78.125 -0.94259
11.125 78.375 1.0577
11.125 78.625 0.6482
11.125 78.875 0.67031
11.125 79.125 0.64584
11.125 79.375 0.73746
11.125 79.625 0.62559
11.375 75.875 1.1195
11.375 76.125 0.70433
11.375 76.375 0.66235
11.375 76.625 0.92782
11.375 76.875 2.0867
11.375 77.125 0.022382
11.375 77.375 -0.33466
11.375 77.625 0.39983
11.375 77.875 0.93607
11.375 78.125 0.74599
11.375 78.375 0.35719
11.375 78.625 -0.45558
11.375 78.875 0.025156
11.375 79.125 -0.21057
11.375 79.375 0.73003
11.375 79.625 0.85823
11.625 75.875 0.398
11.625 76.125 1.1932
11.625 76.375 -0.23568
11.625 76.625 1.5561
11.625 76.875 -1.5368
11.625 77.125 -1.3641
11.625 77.375 0.37311
11.625 77.625 -0.059876
11.625 77.875 0.56937
11.625 78.125 -0.1104
11.625 78.375 0.58894
11.625 78.625 1.075
11.625 78.875 -0.0071458
11.625 79.125 1.0957
11.625 79.375 0.95393
11.625 79.625 0.6663
11.875 75.625 2.318
11.875 75.875 -1.117
11.875 76.125 -0.052986
11.875 76.375 0.10981
11.875 76.625 0.51542
11.875 76.875 -1.5646
11.875 77.125 0.57073
11.875 77.375 -0.09804
11.875 77.625 0.49569
11.875 77.875 0.35362
11.875 78.125 1.0084
11.875 78.375 1.1955
11.875 78.625 0.59705
11.875 78.875 0.27811
11.875 79.125 0.9976
11.875 79.375 0.52132
11.875 79.625 0.62692
12.125 75.375 -0.061963
12.125 75.625 0.39419
12.125 75.875 0.52611
12.125 76.125 -0.28249
12.125 76.375 -0.65572
12.125 76.625 -0.48
12.125 76.875 -0.91395
12.125 77.125 0.47901
12.125 77.375 0.53768
12.125 77.625 0.33492
12.125 77.875 -0.28972
12.125 78.125 1.6402
12.125 78.375 2.3148
12.125 78.625 0.60008
12.125 78.875 -0.49877
12.125 79.125 0.69738
12.125 79.375 0.52892
12.125 79.625 0.63936
12.375 75.125 0.72157
12.375 75.375 1.3948
12.375 75.625 -0.065902
12.375 75.875 0.3844
12.375 76.125 0.33747
12.375 76.375 0.53288
12.375 76.625 1.6152
12.375 76.875 -1.5621
12.375 77.125 -2.2275
12.375 77.375 -0.087111
12.375 77.625 0.15113
12.375 77.875 0.89593
12.375 78.125 1.0027
12.375 78.375 1.0401
12.375 78.625 0.57292
12.375 78.875 -0.021049
12.375 79.125 0.47122
12.375 79.375 0.23951
12.375 79.625 0.34932
12.375 79.875 0.41648
12.625 75.125 0.19271
12.625 75.375 0.50103
12.625 75.625 0.10904
12.625 75.875 0.068614
12.625 76.125 0.36757
12.625 76.375 1.7294
12.625 76.625 1.6131
12.625 76.875 0.0093468
12.625 77.125 -1.1461
12.625 77.375 -0.38506
12.625 77.625 0.81025
12.625 77.875 0.32394
12.625 78.125 0.88697
12.625 78.375 1.2519
12.625 78.625 0.87085
12.625 78.875 1.2143
12.625 79.125 1.2773
12.625 79.375 -0.12596
12.625 79.625 0.18666
12.625 79.875 -1.5088
12.875 75.125 1.3159
12.875 75.375 1.6599
12.875 75.625 -2.4566
12.875 75.875 -0.35477
12.875 76.125 -0.40467
12.875 76.375 2.0138
12.875 76.625 0.51273
12.875 76.875 -0.098902
12.875 77.125 0.085406
12.875 77.375 0.71482
12.875 77.625 -0.22891
12.875 77.875 0.15489
12.875 78.125 0.71154
12.875 78.375 0.80338
12.875 78.625 0.59346
12.875 78.875 0.76938
12.875 79.125 0.81267
12.875 79.375 0.75726
12.875 79.625 0.47803
12.875 79.875 0.58048
13.125 74.875 1.8611
13.125 75.125 1.0227
13.125 75.375 0.81502
13.125 75.625 0.82271
13.125 75.875 -0.2003
13.125 76.125 0.72366
13.125 76.375 0.92954
13.125 76.625 1.5392
13.125 76.875 0.38977
13.125 77.125 0.59305
13.125 77.375 0.53791
13.125 77.625 0.23959
13.125 77.875 0.61396
13.125 78.125 0.83675
13.125 78.375 0.77227
13.125 78.625 0.69231
13.125 78.875 0.6691
13.125 79.125 0.94103
13.125 79.375 0.52642
13.125 79.625 1.0126
13.125 79.875 0.94667
13.125 80.125 0.8389
13.375 74.875 1.8213
13.375 75.125 1.3078
13.375 75.375 0.61518
13.375 75.625 -0.26611
13.375 75.875 0.21218
13.375 76.125 1.2483
13.375 76.375 1.2259
13.375 76.625 1.1427
13.375 76.875 0.64834
13.375 77.125 1.1615
13.375 77.375 0.41035
13.375 77.625 0.80147
13.375 77.875 1.2417
13.375 78.125 0.71879
13.375 78.375 0.97281
13.375 78.625 1.2901
13.375 78.875 0.92231
13.375 79.125 0.54223
13.375 79.375 0.013461
13.375 79.625 1.2763
13.375 79.875 1.0593
13.375 80.125 1.0027
13.625 74.875 0.65629
13.625 75.125 1.5605
13.625 75.375 0.024768
13.625 75.625 0.12998
13.625 75.875 0.23716
13.625 76.125 0.4969
13.625 76.375 0.56983
13.625 76.625 -0.22294
13.625 76.875 0.23682
13.625 77.125 0.46967
13.625 77.375 0.22171
13.625 77.625 1.7029
13.625 77.875 1.3158
13.625 78.125 0.93285
13.625 78.375 0.31119
13.625 78.625 0.12674
13.625 78.875 1.4017
13.625 79.125 1.3574
13.625 79.375 1.3056
13.625 79.625 0.07152
13.625 79.875 0.98995
13.625 80.125 1.1398
13.875 74.875 1.1757
13.875 75.125 1.2581
13.875 75.375 0.71529
13.875 75.625 0.089358
13.875 75.875 0.84609
13.875 76.125 0.071521
13.875 76.375 0.75792
13.875 76.625 1.2237
13.875 76.875 0.20253
13.875 77.125 0.74022
13.875 77.375 1.9344
13.875 77.625 1.5833
13.875 77.875 1.0906
13.875 78.125 0.89222
13.875 78.375 1.6161
13.875 78.625 0.57666
13.875 78.875 1.1185
13.875 79.125 0.99903
13.875 79.375 0.18062
13.875 79.625 -2.0252
13.875 79.875 0.037132
14.125 74.625 1.4525
14.125 74.875 1.0989
14.125 75.125 1.2175
14.125 75.375 0.86839
14.125 75.625 -0.39435
14.125 75.875 0.86837
14.125 76.125 1.2175
14.125 76.375 1.896
14.125 76.625 1.3113
14.125 76.875 1.1459
14.125 77.125 0.66298
14.125 77.375 1.3648
14.125 77.625 0.88533
14.125 77.875 0.86242
14.125 78.125 -0.057485
14.125 78.375 0.45326
14.125 78.625 0.40211
14.125 78.875 0.76851
14.125 79.125 0.6773
14.125 79.375 0.36191
14.125 79.625 0.53464
14.125 79.875 0.50756
14.375 74.625 0.57121
14.375 74.875 1.2573
14.375 75.125 0.66798
14.375 75.375 0.18139
14.375 75.625 1.2336
14.375 75.875 1.3046
14.375 76.125 1.9604
14.375 76.375 2.2324
14.375 76.625 1.1878
14.375 76.875 1.2101
14.375 77.125 1.8448
14.375 77.375 1.3543
14.375 77.625 0.77794
14.375 77.875 0.49003
14.375 78.125 0.28988
14.375 78.375 0.88653
14.375 78.625 0.60629
14.375 78.875 0.32255
14.375 79.125 0.61048
14.375 79.375 0.7666
14.375 79.625 0.87456
14.375 79.875 1.0772
14.625 74.375 3.2021
14.625 74.625 -0.18139
14.625 74.875 0.3289
14.625 75.125 0.99855
14.625 75.375 1.0507
14.625 75.625 1.1584
14.625 75.875 1.1948
14.625 76.125 1.902
14.625 76.375 1.4255
14.625 76.625 1.1954
14.625 76.875 1.4723
14.625 77.125 1.9149
14.625 77.375 0.76603
14.625 77.625 0.27657
14.625 77.875 1.1394
14.625 78.125 1.3926
14.625 78.375 0.8737
14.625 78.625 0.11939
14.625 78.875 0.51705
14.625 79.125 1.0764
14.625 79.375 0.66769
14.625 79.625 0.30484
14.625 79.875 0.56467
14.875 74.375 1.7205
14.875 74.625 0.27863
14.875 74.875 0.45421
14.875 75.125 0.95219
14.875 75.375 -0.61007
14.875 75.625 0.93954
14.875 75.875 1.4591
14.875 76.125 1.0897
14.875 76.375 0.035453
14.875 76.625 1.2291
14.875 76.875 1.5
14.875 77.125 1.307
14.875 77.375 0.79877
14.875 77.625 0.061151
14.875 77.875 0.21103
14.875 78.125 1.2228
14.875 78.375 1.3629
14.875 78.625 0.62936
14.875 78.875 0.98943
14.875 79.125 0.7816
14.875 79.375 -0.35528
14.875 79.625 0.2953
14.875 79.875 0.25742
15.125 74.125 1.4177
15.125 74.375 1.5438
15.125 74.625 0.55937
15.125 74.875 1.0997
15.125 75.125 0.70129
15.125 75.375 0.88952
15.125 75.625 1.4226
15.125 75.875 1.6627
15.125 76.125 0.80936
15.125 76.375 0.46355
15.125 76.625 0.58757
15.125 76.875 1.2074
15.125 77.125 0.90731
15.125 77.375 0.41398
15.125 77.625 0.63768
15.125 77.875 0.59192
15.125 78.125 0.73813
15.125 78.375 1.4055
15.125 78.625 0.92486
15.125 78.875 0.31675
15.125 79.125 -0.0057883
15.125 79.375 0.52819
15.125 79.625 0.94985
15.125 79.875 0.6908
15.375 73.875 0.97967
15.375 74.125 1.1193
15.375 74.375 1.3491
15.375 74.625 0.98667
15.375 74.875 1.2209
15.375 75.125 1.2811
15.375 75.375 2.1231
15.375 75.625 1.2357
15.375 75.875 0.98383
15.375 76.125 0.93603
15.375 76.375 1.0939
15.375 76.625 -0.17395
15.375 76.875 0.6617
15.375 77.125 0.63932
15.375 77.375 0.49713
15.375 77.625 0.83703
15.375 77.875 0.16966
15.375 78.125 0.53203
15.375 78.375 0.68213
15.375 78.625 0.35127
15.375 78.875 -0.069979
15.375 79.125 -0.15687
15.375 79.375 0.06439
15.375 79.625 0.2924
15.375 79.875 0.45038
15.625 73.875 0.47489
15.625 74.125 -0.68581
15.625 74.375 -0.75973
15.625 74.625 1.1416
15.625 74.875 1.161
15.625 75.125 1.7758
15.625 75.375 1.0156
15.625 75.625 0.44396
15.625 75.875 1.2819
15.625 76.125 1.9479
15.625 76.375 0.96405
15.625 76.625 0.79301
15.625 76.875 0.94518
15.625 77.125 1.312
15.625 77.375 0.70445
15.625 77.625 1.0718
15.625 77.875 0.47597
15.625 78.125 0.53483
15.625 78.375 0.71814
15.625 78.625 -0.62525
15.625 78.875 1.103
15.625 79.125 0.25373
15.625 79.375 0.65546
15.625 79.625 0.75869
15.625 79.875 0.60624
15.625 80.125 0.62775
15.875 73.875 1.0908
15.875 74.125 0.74389
15.875 74.375 0.88956
15.875 74.625 0.84206
15.875 74.875 0.10907
15.875 75.125 0.79009
15.875 75.375 1.2109
15.875 75.625 1.261
15.875 75.875 1.5425
15.875 76.125 0.8311
15.875 76.375 0.87992
15.875 76.625 1.0436
15.875 76.875 1.1919
15.875 77.125 1.2902
15.875 77.375 1.8499
15.875 77.625 0.68213
15.875 77.875 1.6714
15.875 78.125 1.3463
15.875 78.375 1.6278
15.875 78.625 1.7525
15.875 78.875 1.7878
15.875 79.125 1.4735
15.875 79.375 0.90587
15.875 79.625 -0.33122
15.875 79.875 0.30756
15.875 80.125 0.22203
15.875 80.375 0.1899
15.875 80.625 0.09847
15.875 80.875 0.21687
16.125 73.625 1.3338
16.125 73.875 1.4672
16.125 74.125 1.4617
16.125 74.375 1.1839
16.125 74.625 1.4682
16.125 74.875 1.1569
16.125 75.125 -1.1822
16.125 75.375 -0.58085
16.125 75.625 1.174
16.125 75.875 1.6768
16.125 76.125 0.85212
16.125 76.375 0.98245
16.125 76.625 0.6944
16.125 76.875 1.2323
16.125 77.125 1.6356
16.125 77.375 1.6467
16.125 77.625 1.0948
16.125 77.875 1.5509
16.125 78.125 1.948
16.125 78.375 1.93
16.125 78.625 1.9167
16.125 78.875 2.0424
16.125 79.125 1.6308
16.125 79.375 0.64295
16.125 79.625 -0.2072
16.125 79.875 0.62917
16.125 80.125 1.5635
16.125 80.375 0.94876
16.125 80.625 0.40985
16.125 80.875 0.089322
16.375 73.625 0.84042
16.375 73.875 1.2777
16.375 74.125 1.0706
16.375 74.375 1.4795
16.375 74.625 0.43295
16.375 74.875 0.8837
16.375 75.125 0.53507
16.375 75.375 0.73247
16.375 75.625 1.1799
16.375 75.875 1.2835
16.375 76.125 2.0529
16.375 76.375 1.673
16.375 76.625 0.66183
16.375 76.875 1.2975
16.375 77.125 1.689
16.375 77.375 1.6374
16.375 77.625 1.3513
16.375 77.875 1.5829
16.375 78.125 1.9765
16.375 78.375 1.8611
16.375 78.625 1.5406
16.375 78.875 1.5636
16.375 79.125 1.4717
16.375 79.375 0.29318
16.375 79.625 0.01535
16.375 79.875 0.40847
16.375 80.125 1.1378
16.375 80.375 0.36313
16.375 80.625 0.45622
16.375 80.875 0.61497
16.375 81.125 0.75781
16.375 81.375 0.35239
16.375 81.625 1.3971
16.625 73.625 0.73792
16.625 73.875 0.0091382
16.625 74.125 1.4541
16.625 74.375 -1.1362
16.625 74.625 1.6569
16.625 74.875 0.98868
16.625 75.125 1.0895
16.625 75.375 1.0703
16.625 75.625 1.1995
16.625 75.875 0.76881
16.625 76.125 1.3659
16.625 76.375 1.7296
16.625 76.625 0.74039
16.625 76.875 0.7902
16.625 77.125 1.5033
16.625 77.375 1.7199
16.625 77.625 1.6475
16.625 77.875 2.2767
16.625 78.125 2.5849
16.625 78.375 2.1245
16.625 78.625 1.6689
16.625 78.875 0.88052
16.625 79.125 0.37747
16.625 79.375 0.20508
16.625 79.625 0.77367
16.625 79.875 0.76718
16.625 80.125 1.2334
16.625 80.375 0.040521
16.625 80.625 -0.19666
16.625 80.875 0.35064
16.625 81.125 -0.55951
16.625 81.375 -0.16474
16.625 81.625 0.60426
16.625 81.875 0.040237
16.625 82.125 0.10336
16.875 73.375 1.5288
16.875 73.625 0.72947
16.875 73.875 0.0065335
16.875 74.125 -1.0194
16.875 74.375 0.77041
16.875 74.625 0.056408
16.875 74.875 0.74384
16.875 75.125 1.1348
16.875 75.375 1.5805
16.875 75.625 1.5849
16.875 75.875 0.61183
16.875 76.125 -0.00073854
16.875 76.375 0.75382
16.875 76.625 1.2954
16.875 76.875 1.1304
16.875 77.125 0.86948
16.875 77.375 2.2298
16.875 77.625 1.4009
16.875 77.875 1.4747
16.875 78.125 0.78301
16.875 78.375 0.43104
16.875 78.625 0.80457
16.875 78.875 -0.38871
16.875 79.125 0.0065541
16.875 79.375 -0.092883
16.875 79.625 1.0013
16.875 79.875 0.96494
16.875 80.125 1.0522
16.875 80.375 0.56118
16.875 80.625 0.31767
16.875 80.875 0.30753
16.875 81.125 0.37371
16.875 81.375 -0.39366
16.875 81.625 -0.42439
16.875 81.875 -0.30219
16.875 82.125 -0.15633
17.125 73.375 1.5548
17.125 73.625 0.78281
17.125 73.875 0.66431
17.125 74.125 0.026085
17.125 74.375 -0.60766
17.125 74.625 -0.77194
17.125 74.875 -0.48686
17.125 75.125 -0.73494
17.125 75.375 0.99335
17.125 75.625 1.2513
17.125 75.875 0.28026
17.125 76.125 -0.47006
17.125 76.375 0.78768
17.125 76.625 0.68696
17.125 76.875 1.3827
17.125 77.125 0.9194
17.125 77.375 1.108
17.125 77.625 1.4134
17.125 77.875 1.3178
17.125 78.125 0.21662
17.125 78.375 0.45725
17.125 78.625 0.56533
17.125 78.875 1.067
17.125 79.125 1.0931
17.125 79.375 0.73183
17.125 79.625 0.46117
17.125 79.875 0.67951
17.125 80.125 1.3957
17.125 80.375 1.0619
17.125 80.625 0.8681
17.125 80.875 0.80814
17.125 81.125 0.015695
17.125 81.375 -0.052405
17.125 81.625 -0.83229
17.125 81.875 -0.35028
17.125 82.125 0.51854
17.125 82.375 0.67625
17.375 73.375 0.89893
17.375 73.625 -0.036546
17.375 73.875 0.72396
17.375 74.125 -1.4639
17.375 74.375 -2.2004
17.375 74.625 -1.4758
17.375 74.875 -1.1216
17.375 75.125 -2.1
17.375 75.375 -0.72828
17.375 75.625 0.89825
17.375 75.875 -0.40348
17.375 76.125 0.034092
17.375 76.375 0.82038
17.375 76.625 0.046683
17.375 76.875 1.4453
17.375 77.125 1.207
17.375 77.375 0.47496
17.375 77.625 1.4913
17.375 77.875 1.0577
17.375 78.125 1.0315
17.375 78.375 0.43447
17.375 78.625 0.86038
17.375 78.875 1.715
17.375 79.125 0.95741
17.375 79.375 1.5713
17.375 79.625 0.54548
17.375 79.875 1.9181
17.375 80.125 1.6982
17.375 80.375 1.1766
17.375 80.625 0.47404
17.375 80.875 0.30798
17.375 81.125 -0.37632
17.375 81.375 -0.22718
17.375 81.625 -1.2162
17.375 81.875 -0.39563
17.375 82.125 0.66923
17.375 82.375 0.58293
17.375 82.625 0.42587
17.625 73.375 1.0502
17.625 73.625 -3.5241
17.625 73.875 0.42175
17.625 74.125 -1.6267
17.625 74.375 -2.5112
17.625 74.625 -1.1821
17.625 74.875 0.0046795
17.625 75.125 0.010488
17.625 75.375 -0.26983
17.625 75.625 0.41128
17.625 75.875 0.098019
17.625 76.125 0.53462
17.625 76.375 0.90565
17.625 76.625 0.85758
17.625 76.875 1.9947
17.625 77.125 1.2055
17.625 77.375 1.1554
17.625 77.625 0.74207
17.625 77.875 0.846
17.625 78.125 0.76299
17.625 78.375 1.1834
17.625 78.625 1.0509
17.625 78.875 0.69536
17.625 79.125 0.53664
17.625 79.375 0.90027
17.625 79.625 1.4528
17.625 79.875 1.7191
17.625 80.125 1.6692
17.625 80.375 0.88722
17.625 80.625 0.34664
17.625 80.875 1.041
17.625 81.125 0.97971
17.625 81.375 0.31542
17.625 81.625 -0.059799
17.625 81.875 -0.18522
17.625 82.125 0.64945
17.625 82.375 0.81268
17.625 82.625 0.60584
17.625 82.875 0.061001
17.625 83.125 0.9742
17.875 73.375 1.3618
17.875 73.625 -0.99689
17.875 73.875 0.56029
17.875 74.125 0.4038
17.875 74.375 0.2181
17.875 74.625 0.18235
17.875 74.875 0.7233
17.875 75.125 -0.96636
17.875 75.375 -0.93542
17.875 75.625 0.19355
17.875 75.875 0.23114
17.875 76.125 0.7836
17.875 76.375 1.0219
17.875 76.625 1.2855
17.875 76.875 1.2623
17.875 77.125 1.9274
17.875 77.375 1.4232
17.875 77.625 1.608
17.875 77.875 1.0986
17.875 78.125 1.4995
17.875 78.375 1.3953
17.875 78.625 1.5203
17.875 78.875 0.82453
17.875 79.125 0.59156
17.875 79.375 0.53075
17.875 79.625 1.7507
17.875 79.875 1.6832
17.875 80.125 0.91954
17.875 80.375 -0.060601
17.875 80.625 1.3346
17.875 80.875 1.407
17.875 81.125 0.71918
17.875 81.375 1.1584
17.875 81.625 0.17459
17.875 81.875 -0.64464
17.875 82.125 -0.55266
17.875 82.375 -0.20548
17.875 82.625 0.77055
17.875 82.875 1.2463
17.875 83.125 0.36607
17.875 83.375 0.52147
18.125 73.125 1.8297
18.125 73.375 0.49663
18.125 73.625 0.44114
18.125 73.875 0.55292
18.125 74.125 0.71686
18.125 74.375 0.77654
18.125 74.625 0.94531
18.125 74.875 1.0391
18.125 75.125 -1.3914
18.125 75.375 0.40461
18.125 75.625 0.71146
18.125 75.875 0.90258
18.125 76.125 1.0605
18.125 76.375 1.1583
18.125 76.625 0.68461
18.125 76.875 0.91032
18.125 77.125 1.9473
18.125 77.375 0.78305
18.125 77.625 1.0982
18.125 77.875 1.0264
18.125 78.125 1.5262
18.125 78.375 1.3984
18.125 78.625 1.051
18.125 78.875 1.0083
18.125 79.125 0.7732
18.125 79.375 0.82476
18.125 79.625 1.3319
18.125 79.875 0.89267
18.125 80.125 1.5065
18.125 80.375 0.14166
18.125 80.625 0.35395
18.125 80.875 -0.22426
18.125 81.125 0.648
18.125 81.375 1.0073
18.125 81.625 0.87569
18.125 81.875 0.51369
18.125 82.125 0.34288
18.125 82.375 -0.3025
18.125 82.625 0.03847
18.125 82.875 0.50216
18.125 83.125 0.52546
18.125 83.375 0.6272
18.125 83.625 1.54
18.375 73.125 1.3215
18.375 73.375 -0.16251
18.375 73.625 0.95439
18.375 73.875 0.6276
18.375 74.125 0.62243
18.375 74.375 1.2446
18.375 74.625 0.91743
18.375 74.875 0.32232
18.375 75.125 0.22051
18.375 75.375 1.6003
18.375 75.625 1.2579
18.375 75.875 0.38458
18.375 76.125 0.7297
18.375 76.375 0.79648
18.375 76.625 0.19249
18.375 76.875 0.71735
18.375 77.125 0.65509
18.375 77.375 0.59342
18.375 77.625 0.15639
18.375 77.875 1.3796
18.375 78.125 1.2176
18.375 78.375 1.5046
18.375 78.625 0.16253
18.375 78.875 -0.6784
18.375 79.125 1.0234
18.375 79.375 0.7393
18.375 79.625 1.1391
18.375 79.875 1.036
18.375 80.125 1.2251
18.375 80.375 1.7581
18.375 80.625 1.3586
18.375 80.875 -0.72352
18.375 81.125 -0.58946
18.375 81.375 1.2042
18.375 81.625 0.88203
18.375 81.875 0.44256
18.375 82.125 1.2465
18.375 82.375 1.0403
18.375 82.625 0.28275
18.375 82.875 -1.8882
18.375 83.125 1.3677
18.375 83.375 0.8399
18.375 83.625 1.072
18.375 83.875 0.76177
18.625 73.125 2.3746
18.625 73.375 1.0119
18.625 73.625 0.46527
18.625 73.875 1.063
18.625 74.125 0.42347
18.625 74.375 0.40525
18.625 74.625 0.52886
18.625 74.875 0.25393
18.625 75.125 0.45183
18.625 75.375 1.0329
18.625 75.625 0.36002
18.625 75.875 0.18701
18.625 76.125 -0.15881
18.625 76.375 0.22133
18.625 76.625 1.0742
18.625 76.875 0.15208
18.625 77.125 0.68715
18.625 77.375 -0.8096
18.625 77.625 0.79586
18.625 77.875 0.4451
18.625 78.125 0.72847
18.625 78.375 1.3713
18.625 78.625 -1.8368
18.625 78.875 -0.69354
18.625 79.125 -0.38227
18.625 79.375 0.89472
18.625 79.625 -0.54779
18.625 79.875 1.034
18.625 80.125 1.6566
18.625 80.375 2.5571
18.625 80.625 2.0181
18.625 80.875 0.46736
18.625 81.125 -0.66042
18.625 81.375 -0.30958
18.625 81.625 0.27987
18.625 81.875 0.10793
18.625 82.125 1.7937
18.625 82.375 1.9929
18.625 82.625 1.5489
18.625 82.875 0.99219
18.625 83.125 -0.69015
18.625 83.375 0.32482
18.625 83.625 0.11124
18.625 83.875 -0.17365
18.625 84.125 -0.43736
18.875 73.125 1.8928
18.875 73.375 1.2119
18.875 73.625 1.0846
18.875 73.875 1.2516
18.875 74.125 -0.54618
18.875 74.375 0.82052
18.875 74.625 0.74441
18.875 74.875 0.69184
18.875 75.125 -0.40945
18.875 75.375 0.46123
18.875 75.625 0.54826
18.875 75.875 -0.074898
18.875 76.125 1.2046
18.875 76.375 1.0131
18.875 76.625 1.2668
18.875 76.875 0.55342
18.875 77.125 1.0106
18.875 77.375 -0.62841
18.875 77.625 1.4625
18.875 77.875 1.2025
18.875 78.125 0.63297
18.875 78.375 -4.7457
18.875 78.625 0.24385
18.875 78.875 0.50487
18.875 79.125 0.26729
18.875 79.375 0.97381
18.875 79.625 -0.010747
18.875 79.875 0.9295
18.875 80.125 1.3988
18.875 80.375 2.087
18.875 80.625 2.2864
18.875 80.875 2.0015
18.875 81.125 0.13309
18.875 81.375 1.6363
18.875 81.625 -0.2466
18.875 81.875 1.8763
18.875 82.125 1.4849
18.875 82.375 1.9134
18.875 82.625 1.3737
18.875 82.875 1.4484
18.875 83.125 0.41957
18.875 83.375 0.61647
18.875 83.625 0.61336
18.875 83.875 0.2454
18.875 84.125 -0.17298
18.875 84.375 -0.81536
19.125 73.125 1.7262
19.125 73.375 1.3151
19.125 73.625 0.62351
19.125 73.875 0.8226
19.125 74.125 0.28159
19.125 74.375 1.0901
19.125 74.625 0.89358
19.125 74.875 0.91484
19.125 75.125 0.68309
19.125 75.375 0.81284
19.125 75.625 0.62303
19.125 75.875 0.11203
19.125 76.125 0.72976
19.125 76.375 0.93995
19.125 76.625 0.77772
19.125 76.875 0.26864
19.125 77.125 1.0575
19.125 77.375 0.28203
19.125 77.625 0.45765
19.125 77.875 -0.18568
19.125 78.125 -0.7051
19.125 78.375 -0.022832
19.125 78.625 0.45916
19.125 78.875 1.4458
19.125 79.125 1.0901
19.125 79.375 0.8688
19.125 79.625 1.4983
19.125 79.875 1.0362
19.125 80.125 1.053
19.125 80.375 1.3346
19.125 80.625 2.396
19.125 80.875 2.3338
19.125 81.125 1.1535
19.125 81.375 0.57306
19.125 81.625 0.44631
19.125 81.875 0.26146
19.125 82.125 2.2231
19.125 82.375 1.2505
19.125 82.625 1.3074
19.125 82.875 1.3211
19.125 83.125 -0.78374
19.125 83.375 -0.64799
19.125 83.625 -0.50213
19.125 83.875 -0.23431
19.125 84.125 0.69186
19.125 84.375 0.67666
19.125 84.625 0.16218
19.375 72.875 1.507
19.375 73.125 1.0184
19.375 73.375 1.8379
19.375 73.625 1.1439
19.375 73.875 0.5705
19.375 74.125 1.0778
19.375 74.375 1.1903
19.375 74.625 0.93818
19.375 74.875 0.96731
19.375 75.125 0.80427
19.375 75.375 0.87111
19.375 75.625 0.17836
19.375 75.875 0.23477
19.375 76.125 0.77874
19.375 76.375 -0.025092
19.375 76.625 -1.0784
19.375 76.875 -1.4021
19.375 77.125 0.083636
19.375 77.375 -0.41569
19.375 77.625 0.27992
19.375 77.875 0.24041
19.375 78.125 0.82702
19.375 78.375 0.53008
19.375 78.625 0.76991
19.375 78.875 1.6238
19.375 79.125 1.4816
19.375 79.375 1.8831
19.375 79.625 0.94645
19.375 79.875 0.097577
19.375 80.125 1.1199
19.375 80.375 1.0158
19.375 80.625 1.7956
19.375 80.875 1.548
19.375 81.125 0.47179
19.375 81.375 0.14132
19.375 81.625 -0.34379
19.375 81.875 0.6742
19.375 82.125 1.9493
19.375 82.375 0.83056
19.375 82.625 0.76488
19.375 82.875 1.8472
19.375 83.125 0.50745
19.375 83.375 -1.1996
19.375 83.625 -1.3292
19.375 83.875 -0.65813
19.375 84.125 0.92722
19.375 84.375 1.7317
19.375 84.625 1.3919
19.375 84.875 1.1362
19.625 72.875 2.0351
19.625 73.125 1.9496
19.625 73.375 1.8353
19.625 73.625 1.2455
19.625 73.875 1.0006
19.625 74.125 0.39975
19.625 74.375 0.95867
19.625 74.625 1.1485
19.625 74.875 1.0209
19.625 75.125 0.91928
19.625 75.375 0.69205
19.625 75.625 0.5801
19.625 75.875 1.0574
19.625 76.125 1.1832
19.625 76.375 0.029515
19.625 76.625 -1.6289
19.625 76.875 -2.1492
19.625 77.125 -1.2553
19.625 77.375 0.2863
19.625 77.625 0.98343
19.625 77.875 0.32779
19.625 78.125 0.4331
19.625 78.375 0.70183
19.625 78.625 1.476
19.625 78.875 1.2573
19.625 79.125 0.70767
19.625 79.375 0.29733
19.625 79.625 0.27291
19.625 79.875 0.30777
19.625 80.125 0.50045
19.625 80.375 0.69908
19.625 80.625 0.89578
19.625 80.875 1.0593
19.625 81.125 0.88331
19.625 81.375 -0.37661
19.625 81.625 0.03974
19.625 81.875 0.75046
19.625 82.125 0.86953
19.625 82.375 1.256
19.625 82.625 1.6435
19.625 82.875 1.5281
19.625 83.125 0.82595
19.625 83.375 1.2564
19.625 83.625 0.69684
19.625 83.875 0.21779
19.625 84.125 1.3629
19.625 84.375 1.3026
19.625 84.625 1.5676
19.625 84.875 1.189
19.625 85.125 -1.6617
19.625 85.375 -0.65787
19.875 72.875 1.8867
19.875 73.125 2.1232
19.875 73.375 2.0176
19.875 73.625 2.0083
19.875 73.875 1.091
19.875 74.125 0.89486
19.875 74.375 1.2117
19.875 74.625 1.4099
19.875 74.875 1.4521
19.875 75.125 0.66649
19.875 75.375 0.47881
19.875 75.625 1.2747
19.875 75.875 1.4694
19.875 76.125 1.7529
19.875 76.375 1.557
19.875 76.625 0.16696
19.875 76.875 0.17949
19.875 77.125 0.43428
19.875 77.375 0.54027
19.875 77.625 0.80321
19.875 77.875 0.75658
19.875 78.125 0.64497
19.875 78.375 0.7302
19.875 78.625 0.92319
19.875 78.875 1.1469
19.875 79.125 1.1584
19.875 79.375 0.20431
19.875 79.625 0.44908
19.875 79.875 0.74179
19.875 80.125 0.30465
19.875 80.375 -0.13175
19.875 80.625 0.69952
19.875 80.875 1.223
19.875 81.125 1.0635
19.875 81.375 -0.6286
19.875 81.625 -0.17322
19.875 81.875 0.72064
19.875 82.125 1.1654
19.875 82.375 0.87008
19.875 82.625 0.8828
19.875 82.875 1.2071
19.875 83.125 0.55576
19.875 83.375 0.099543
19.875 83.625 1.1399
19.875 83.875 0.18577
19.875 84.125 0.95041
19.875 84.375 0.97812
19.875 84.625 1.9516
19.875 84.875 1.806
19.875 85.125 0.11401
19.875 85.375 -0.048117
19.875 85.625 1.5608
19.875 85.875 -0.32987
19.875 86.125 0.092259
20.125 72.875 1.8759
20.125 73.125 1.7719
20.125 73.375 1.3431
20.125 73.625 1.9861
20.125 73.875 1.6523
20.125 74.125 2.1159
20.125 74.375 1.5815
20.125 74.625 1.3967
20.125 74.875 1.1344
20.125 75.125 0.74977
20.125 75.375 0.85366
20.125 75.625 0.58458
20.125 75.875 0.86662
20.125 76.125 1.4699
20.125 76.375 1.4547
20.125 76.625 1.1188
20.125 76.875 0.81173
20.125 77.125 0.63429
20.125 77.375 1.133
20.125 77.625 1.1192
20.125 77.875 0.75736
20.125 78.125 0.57294
20.125 78.375 0.75694
20.125 78.625 0.71141
20.125 78.875 0.81039
20.125 79.125 0.36686
20.125 79.375 -0.096718
20.125 79.625 0.57465
20.125 79.875 0.81159
20.125 80.125 0.83119
20.125 80.375 0.57715
20.125 80.625 0.67677
20.125 80.875 0.90918
20.125 81.125 -0.21681
20.125 81.375 -0.0018224
20.125 81.625 0.36079
20.125 81.875 1.2726
20.125 82.125 1.3715
20.125 82.375 -0.29135
20.125 82.625 -0.084566
20.125 82.875 -0.70188
20.125 83.125 1.3313
20.125 83.375 -0.027949
20.125 83.625 -0.30763
20.125 83.875 1.6111
20.125 84.125 1.5949
20.125 84.375 -0.34822
20.125 84.625 1.4407
20.125 84.875 1.62
20.125 85.125 2.0757
20.125 85.375 1.879
20.125 85.625 1.3872
20.125 85.875 0.24849
20.125 86.125 0.0079814
20.125 86.375 0.51839
20.375 73.125 2.3566
20.375 73.375 2.0248
20.375 73.625 1.4961
20.375 73.875 0.52476
20.375 74.125 0.80457
20.375 74.375 0.98201
20.375 74.625 0.88826
20.375 74.875 1.3299
20.375 75.125 2.0575
20.375 75.375 2.3374
20.375 75.625 1.3817
20.375 75.875 1.2543
20.375 76.125 1.0661
20.375 76.375 0.8419
20.375 76.625 0.66825
20.375 76.875 0.55404
20.375 77.125 0.73978
20.375 77.375 0.84663
20.375 77.625 0.68986
20.375 77.875 0.24793
20.375 78.125 0.37023
20.375 78.375 0.62679
20.375 78.625 0.59862
20.375 78.875 0.58537
20.375 79.125 0.52901
20.375 79.375 0.368
20.375 79.625 0.28471
20.375 79.875 0.80715
20.375 80.125 0.90528
20.375 80.375 0.74675
20.375 80.625 0.83761
20.375 80.875 1.1126
20.375 81.125 0.30135
20.375 81.375 0.024627
20.375 81.625 1.1058
20.375 81.875 1.4189
20.375 82.125 2.4455
20.375 82.375 2.2393
20.375 82.625 0.95694
20.375 82.875 0.79068
20.375 83.125 0.48285
20.375 83.375 0.60077
20.375 83.625 1.0305
20.375 83.875 0.3781
20.375 84.125 0.32848
20.375 84.375 -1.817
20.375 84.625 0.31745
20.375 84.875 0.16162
20.375 85.125 0.17015
20.375 85.375 1.0918
20.375 85.625 1.8828
20.375 85.875 1.6974
20.375 86.125 1.4947
20.375 86.375 0.91652
20.375 86.625 1.3383
20.625 73.125 1.9272
20.625 73.375 1.9593
20.625 73.625 2.2876
20.625 73.875 2.7505
20.625 74.125 1.6452
20.625 74.375 1.7344
20.625 74.625 2.0929
20.625 74.875 1.7688
20.625 75.125 1.8974
20.625 75.375 1.6338
20.625 75.625 1.1906
20.625 75.875 0.81029
20.625 76.125 1.1278
20.625 76.375 1.1322
20.625 76.625 0.79215
20.625 76.875 0.71287
20.625 77.125 0.68753
20.625 77.375 0.48111
20.625 77.625 0.83223
20.625 77.875 1.2905
20.625 78.125 1.3248
20.625 78.375 0.78565
20.625 78.625 0.38274
20.625 78.875 0.40299
20.625 79.125 -0.092882
20.625 79.375 -0.5245
20.625 79.625 0.9167
20.625 79.875 0.81164
20.625 80.125 0.65603
20.625 80.375 0.024495
20.625 80.625 0.0037535
20.625 80.875 0.95302
20.625 81.125 0.93907
20.625 81.375 0.44815
20.625 81.625 0.81634
20.625 81.875 1.772
20.625 82.125 2.867
20.625 82.375 2.2391
20.625 82.625 0.7879
20.625 82.875 1.6898
20.625 83.125 0.57953
20.625 83.375 0.67301
20.625 83.625 0.29755
20.625 83.875 0.57178
20.625 84.125 0.40436
20.625 84.375 -0.476
20.625 84.625 0.45191
20.625 84.875 1.0051
20.625 85.125 0.89775
20.625 85.375 2.0429
20.625 85.625 -0.87009
20.625 85.875 1.6769
20.625 86.125 2.0554
20.625 86.375 1.8511
20.625 86.625 1.8466
20.625 86.875 1.5487
20.875 70.625 2.0057
20.875 70.875 1.4069
20.875 71.125 0.91088
20.875 71.375 2.29
20.875 72.875 2.7507
20.875 73.125 2.6984
20.875 73.375 3.0417
20.875 73.625 2.9309
20.875 73.875 2.3671
20.875 74.125 2.1028
20.875 74.375 2.2187
20.875 74.625 1.9528
20.875 74.875 1.2785
20.875 75.125 1.313
20.875 75.375 0.96891
20.875 75.625 0.39259
20.875 75.875 0.93003
20.875 76.125 1.4419
20.875 76.375 0.5689
20.875 76.625 0.95543
20.875 76.875 1.0608
20.875 77.125 0.62973
20.875 77.375 0.37597
20.875 77.625 0.85314
20.875 77.875 1.182
20.875 78.125 1.2998
20.875 78.375 1.1828
20.875 78.625 0.00019822
20.875 78.875 0.35185
20.875 79.125 -0.12658
20.875 79.375 -0.2706
20.875 79.625 0.34178
20.875 79.875 0.484
20.875 80.125 0.59343
20.875 80.375 -0.25927
20.875 80.625 0.44992
20.875 80.875 0.39768
20.875 81.125 0.61601
20.875 81.375 -0.13837
20.875 81.625 1.0725
20.875 81.875 0.81434
20.875 82.125 1.4234
20.875 82.375 1.3434
20.875 82.625 0.42301
20.875 82.875 0.47931
20.875 83.125 0.50536
20.875 83.375 0.34653
20.875 83.625 0.74721
20.875 83.875 0.5257
20.875 84.125 -0.022183
20.875 84.375 0.54245
20.875 84.625 0.72013
20.875 84.875 1.4636
20.875 85.125 1.4264
20.875 85.375 1.0168
20.875 85.625 1.0413
20.875 85.875 1.8477
20.875 86.125 2.0263
20.875 86.375 0.82722
20.875 86.625 1.4904
21.125 70.375 1.748
21.125 70.625 1.4207
21.125 70.875 0.0017733
21.125 71.125 1.5081
21.125 71.375 1.5498
21.125 71.625 2.2353
21.125 71.875 0.33481
21.125 72.875 1.8035
21.125 73.125 1.874
21.125 73.375 3.162
21.125 73.625 1.8294
21.125 73.875 1.4978
21.125 74.125 1.5337
21.125 74.375 0.97414
21.125 74.625 1.2643
21.125 74.875 1.7617
21.125 75.125 1.398
21.125 75.375 2.071
21.125 75.625 1.3554
21.125 75.875 0.91208
21.125 76.125 1.2841
21.125 76.375 0.92458
21.125 76.625 0.50343
21.125 76.875 0.60457
21.125 77.125 0.016366
21.125 77.375 0.57186
21.125 77.625 1.0168
21.125 77.875 1.5553
21.125 78.125 0.85739
21.125 78.375 0.2828
21.125 78.625 -0.30556
21.125 78.875 0.8524
21.125 79.125 0.35137
21.125 79.375 -0.067117
21.125 79.625 0.40025
21.125 79.875 1.0031
21.125 80.125 0.76507
21.125 80.375 -0.46027
21.125 80.625 0.43226
21.125 80.875 0.17564
21.125 81.125 -0.72954
21.125 81.375 0.25045
21.125 81.625 0.018997
21.125 81.875 0.51921
21.125 82.125 1.2821
21.125 82.375 0.66147
21.125 82.625 0.153
21.125 82.875 0.94756
21.125 83.125 0.38344
21.125 83.375 0.40447
21.125 83.625 0.60805
21.125 83.875 0.45195
21.125 84.125 -0.67722
21.125 84.375 -0.49212
21.125 84.625 0.34953
21.125 84.875 1.4111
21.125 85.125 1.1066
21.125 85.375 0.93304
21.125 85.625 1.4713
21.125 85.875 1.8525
21.125 86.125 0.65081
21.125 86.375 0.67372
21.125 86.625 0.62871
21.375 70.125 1.3758
21.375 70.375 1.2925
21.375 70.625 1.606
21.375 70.875 1.242
21.375 71.125 0.91772
21.375 71.375 0.97736
21.375 71.625 0.94206
21.375 71.875 0.98065
21.375 72.875 2.1296
21.375 73.125 2.2946
21.375 73.375 2.6433
21.375 73.625 1.9746
21.375 73.875 1.4073
21.375 74.125 0.66628
21.375 74.375 1.0212
21.375 74.625 1.5203
21.375 74.875 1.9751
21.375 75.125 2.1318
21.375 75.375 2.2621
21.375 75.625 1.5855
21.375 75.875 1.2519
21.375 76.125 1.4321
21.375 76.375 0.94469
21.375 76.625 -0.26804
21.375 76.875 -0.18847
21.375 77.125 0.17941
21.375 77.375 0.83715
21.375 77.625 0.91201
21.375 77.875 0.49073
21.375 78.125 1.1165
21.375 78.375 1.4186
21.375 78.625 0.25204
21.375 78.875 0.41643
21.375 79.125 0.13374
21.375 79.375 -0.19757
21.375 79.625 -1.0401
21.375 79.875 0.78632
21.375 80.125 -0.099736
21.375 80.375 -0.36948
21.375 80.625 -0.32407
21.375 80.875 -1.354
21.375 81.125 -1.889
21.375 81.375 -0.20098
21.375 81.625 0.32879
21.375 81.875 0.97702
21.375 82.125 1.0215
21.375 82.375 0.75758
21.375 82.625 0.82495
21.375 82.875 1.2493
21.375 83.125 1.3298
21.375 83.375 0.57044
21.375 83.625 0.46476
21.375 83.875 0.48639
21.375 84.125 0.34222
21.375 84.375 -0.11758
21.375 84.625 0.7651
21.375 84.875 0.70958
21.375 85.125 1.0064
21.375 85.375 1.3825
21.375 85.625 1.304
21.375 85.875 1.2815
21.375 86.125 2.0868
21.375 86.375 1.086
21.375 86.625 0.74316
21.375 86.875 0.32034
21.625 69.875 1.2282
21.625 70.125 1.0321
21.625 70.375 1.9076
21.625 70.625 1.7464
21.625 70.875 1.2595
21.625 71.125 0.69774
21.625 71.375 1.9785
21.625 71.625 2.5305
21.625 71.875 2.2487
21.625 72.125 1.7553
21.625 72.875 2.0103
21.625 73.125 1.8186
21.625 73.375 1.9082
21.625 73.625 1.7333
21.625 73.875 1.3088
21.625 74.125 1.0027
21.625 74.375 0.9962
21.625 74.625 1.5507
21.625 74.875 1.9613
21.625 75.125 2.0575
21.625 75.375 2.0369
21.625 75.625 1.5755
21.625 75.875 1.4423
21.625 76.125 1.6543
21.625 76.375 1.1674
21.625 76.625 0.46566
21.625 76.875 0.70022
21.625 77.125 1.1817
21.625 77.375 1.1256
21.625 77.625 0.88779
21.625 77.875 0.5654
21.625 78.125 0.77479
21.625 78.375 1.0492
21.625 78.625 0.1486
21.625 78.875 0.11496
21.625 79.125 -0.72705
21.625 79.375 -0.31602
21.625 79.625 -0.10984
21.625 79.875 0.097893
21.625 80.125 0.52038
21.625 80.375 0.48416
21.625 80.625 -1.1604
21.625 80.875 -1.8868
21.625 81.125 -2.869
21.625 81.375 -1.7118
21.625 81.625 0.13203
21.625 81.875 0.50889
21.625 82.125 0.70927
21.625 82.375 -0.10925
21.625 82.625 0.55793
21.625 82.875 0.93532
21.625 83.125 0.82876
21.625 83.375 0.22337
21.625 83.625 0.25955
21.625 83.875 0.67113
21.625 84.125 1.0645
21.625 84.375 1.5551
21.625 84.625 1.0136
21.625 84.875 1.9604
21.625 85.125 1.4566
21.625 85.375 1.6573
21.625 85.625 1.4593
21.625 85.875 1.9733
21.625 86.125 1.4258
21.625 86.375 1.6403
21.625 86.625 0.17416
21.625 86.875 0.15983
21.625 87.125 1.0344
21.625 87.375 0.66356
21.875 69.375 1.9742
21.875 69.625 1.5203
21.875 69.875 1.4145
21.875 70.125 1.4171
21.875 70.375 1.809
21.875 70.625 1.7164
21.875 70.875 0.72206
21.875 71.125 -0.27932
21.875 71.375 1.4984
21.875 71.625 2.1954
21.875 71.875 1.4873
21.875 72.125 1.3391
21.875 72.625 -1.5351
21.875 72.875 1.499
21.875 73.125 1.6077
21.875 73.375 1.3514
21.875 73.625 1.314
21.875 73.875 1.1788
21.875 74.125 0.91233
21.875 74.375 0.47808
21.875 74.625 1.0931
21.875 74.875 1.263
21.875 75.125 2.0333
21.875 75.375 1.415
21.875 75.625 1.7771
21.875 75.875 1.6546
21.875 76.125 1.5288
21.875 76.375 1.0649
21.875 76.625 1.034
21.875 76.875 1.3815
21.875 77.125 1.5448
21.875 77.375 1.5634
21.875 77.625 1.1373
21.875 77.875 0.39323
21.875 78.125 0.18667
21.875 78.375 0.09539
21.875 78.625 -0.19284
21.875 78.875 1.1449
21.875 79.125 0.38216
21.875 79.375 0.31862
21.875 79.625 0.20235
21.875 79.875 0.30074
21.875 80.125 0.7416
21.875 80.375 0.49562
21.875 80.625 0.17823
21.875 80.875 -0.97583
21.875 81.125 -1.8261
21.875 81.375 -0.40126
21.875 81.625 0.21939
21.875 81.875 -0.9189
21.875 82.125 0.5526
21.875 82.375 0.19374
21.875 82.625 -0.29465
21.875 82.875 0.64069
21.875 83.125 0.83217
21.875 83.375 0.8607
21.875 83.625 1.0738
21.875 83.875 1.9485
21.875 84.125 1.8759
21.875 84.375 1.8372
21.875 84.625 1.2741
21.875 84.875 2.1199
21.875 85.125 1.571
21.875 85.375 2.4207
21.875 85.625 1.1272
21.875 85.875 2.2943
21.875 86.125 1.3551
21.875 86.375 1.5677
21.875 86.625 -0.071199
21.875 86.875 0.66646
21.875 87.125 1.0847
21.875 87.375 0.6143
21.875 87.625 1.1733
21.875 87.875 1.2391
21.875 88.375 0.92739
21.875 88.625 0.92773
21.875 88.875 0.93182
22.125 69.125 1.3291
22.125 69.375 1.1969
22.125 69.625 1.206
22.125 69.875 1.1653
22.125 70.125 1.1962
22.125 70.375 1.2912
22.125 70.625 1.2008
22.125 70.875 1.5751
22.125 71.125 -0.359
22.125 71.375 1.1496
22.125 71.625 1.5943
22.125 71.875 -0.041158
22.125 72.125 1.0017
22.125 72.625 1.0828
22.125 72.875 1.3241
22.125 73.125 1.2393
22.125 73.375 1.9682
22.125 73.625 1.8224
22.125 73.875 1.7545
22.125 74.125 1.8806
22.125 74.375 0.97045
22.125 74.625 0.55182
22.125 74.875 1.5052
22.125 75.125 1.4879
22.125 75.375 0.80748
22.125 75.625 1.763
22.125 75.875 1.3579
22.125 76.125 0.85544
22.125 76.375 0.87917
22.125 76.625 1.536
22.125 76.875 1.9607
22.125 77.125 1.7703
22.125 77.375 1.2646
22.125 77.625 0.60823
22.125 77.875 1.0074
22.125 78.125 0.19697
22.125 78.375 -0.1629
22.125 78.625 -0.42502
22.125 78.875 0.44198
22.125 79.125 0.26063
22.125 79.375 -0.10783
22.125 79.625 0.62081
22.125 79.875 0.69976
22.125 80.125 0.76183
22.125 80.375 0.44875
22.125 80.625 0.72823
22.125 80.875 -0.58713
22.125 81.125 -1.6195
22.125 81.375 0.61196
22.125 81.625 -0.053685
22.125 81.875 0.17424
22.125 82.125 -0.12895
22.125 82.375 0.059057
22.125 82.625 -0.3536
22.125 82.875 -0.2884
22.125 83.125 0.076433
22.125 83.375 0.20983
22.125 83.625 1.1761
22.125 83.875 1.3137
22.125 84.125 1.6418
22.125 84.375 0.84376
22.125 84.625 2.0562
22.125 84.875 2.5884
22.125 85.125 1.8992
22.125 85.375 2.4836
22.125 85.625 0.98091
22.125 85.875 1.0254
22.125 86.125 2.1994
22.125 86.375 1.8855
22.125 86.625 2.2862
22.125 86.875 2.3155
22.125 87.125 1.7097
22.125 87.375 1.1701
22.125 87.625 1.1138
22.125 87.875 0.94759
22.125 88.125 1.0223
22.125 88.375 0.85271
22.125 92.875 1.4387
22.375 69.125 1.1797
22.375 69.875 0.84776
22.375 70.125 0.67016
22.375 70.375 -0.3142
22.375 70.625 1.0269
22.375 70.875 1.0723
22.375 71.125 1.5418
22.375 71.375 1.0712
22.375 71.625 -0.0023491
22.375 71.875 0.80028
22.375 72.125 1.4252
22.375 72.625 1.4807
22.375 72.875 0.95806
22.375 73.125 1.2755
22.375 73.375 1.3816
22.375 73.625 2.1217
22.375 73.875 2.1392
22.375 74.125 1.2253
22.375 74.375 1.3774
22.375 74.625 1.1745
22.375 74.875 1.429
22.375 75.125 2.0318
22.375 75.375 1.8783
22.375 75.625 1.4112
22.375 75.875 1.1437
22.375 76.125 1.4974
22.375 76.375 1.6231
22.375 76.625 2.0565
22.375 76.875 2.2644
22.375 77.125 2.4487
22.375 77.375 1.8173
22.375 77.625 1.3547
22.375 77.875 1.4429
22.375 78.125 1.0039
22.375 78.375 0.86017
22.375 78.625 0.11901
22.375 78.875 0.57393
22.375 79.125 0.71857
22.375 79.375 1.1649
22.375 79.625 0.8837
22.375 79.875 0.87963
22.375 80.125 0.78567
22.375 80.375 0.36739
22.375 80.625 0.26421
22.375 80.875 0.00095932
22.375 81.125 -0.36842
22.375 81.375 0.53505
22.375 81.625 0.3936
22.375 81.875 -0.12945
22.375 82.125 0.29823
22.375 82.375 -0.16699
22.375 82.625 -1.4742
22.375 82.875 -1.7914
22.375 83.125 -0.86286
22.375 83.375 -2.4806
22.375 83.625 -2.1324
22.375 83.875 -0.010825
22.375 84.125 0.86471
22.375 84.375 1.4099
22.375 84.625 1.8566
22.375 84.875 2.1613
22.375 85.125 1.5866
22.375 85.375 2.2564
22.375 85.625 0.36986
22.375 85.875 0.34516
22.375 86.125 1.2787
22.375 86.375 2.2256
22.375 86.625 1.4205
22.375 86.875 2.387
22.375 87.125 2.025
22.375 87.375 1.4696
22.375 87.625 0.98054
22.375 87.875 1.0362
22.375 88.125 -0.26292
22.375 88.375 0.57233
22.375 88.625 0.57536
22.375 88.875 0.61106
22.375 92.875 1.4695
22.625 70.375 1.3546
22.625 70.625 1.6962
22.625 70.875 0.96035
22.625 71.125 1.0243
22.625 71.375 0.6045
22.625 71.625 0.10253
22.625 71.875 -0.41231
22.625 72.125 0.67668
22.625 72.375 1.371
22.625 72.625 2.2165
22.625 72.875 0.58126
22.625 73.125 0.44921
22.625 73.375 1.9123
22.625 73.625 1.1954
22.625 73.875 0.5896
22.625 74.125 1.6815
22.625 74.375 1.8275
22.625 74.625 1.6923
22.625 74.875 1.5035
22.625 75.125 1.7051
22.625 75.375 1.7969
22.625 75.625 0.96402
22.625 75.875 1.4666
22.625 76.125 1.78
22.625 76.375 0.97173
22.625 76.625 1.8324
22.625 76.875 2.4338
22.625 77.125 2.3015
22.625 77.375 1.578
22.625 77.625 1.4964
22.625 77.875 1.6861
22.625 78.125 1.4516
22.625 78.375 0.82439
22.625 78.625 0.89444
22.625 78.875 1.0338
22.625 79.125 1.326
22.625 79.375 1.4054
22.625 79.625 0.75299
22.625 79.875 0.18144
22.625 80.125 0.49108
22.625 80.375 -0.091893
22.625 80.625 -1.1639
22.625 80.875 -1.1101
22.625 81.125 0.35582
22.625 81.375 -0.011982
22.625 81.625 0.72601
22.625 81.875 0.14241
22.625 82.125 0.16782
22.625 82.375 -1.1631
22.625 82.625 -2.0716
22.625 82.875 -2.6378
22.625 83.125 -3.1626
22.625 83.375 -1.1671
22.625 83.625 -0.052375
22.625 83.875 -1.0591
22.625 84.125 0.16702
22.625 84.375 0.82661
22.625 84.625 1.3731
22.625 84.875 2.2703
22.625 85.125 1.8092
22.625 85.375 1.6141
22.625 85.625 0.6835
22.625 85.875 0.58665
22.625 86.125 1.1573
22.625 86.375 1.5276
22.625 86.625 1.5855
22.625 86.875 1.2969
22.625 87.125 1.2555
22.625 87.375 1.8335
22.625 87.625 1.5928
22.625 87.875 1.481
22.625 88.125 1.0568
22.625 88.375 1.0113
22.625 88.625 0.67192
22.625 88.875 0.62474
22.625 92.625 -0.2418
22.625 92.875 1.0987
22.875 69.375 1.8746
22.875 69.625 1.78
22.875 69.875 1.4326
22.875 70.625 1.7153
22.875 70.875 1.4642
22.875 71.125 0.14091
22.875 71.375 -0.80586
22.875 71.625 -0.37468
22.875 71.875 -1.1028
22.875 72.125 -0.41925
22.875 72.375 1.283
22.875 72.625 2.2149
22.875 72.875 0.94095
22.875 73.125 1.7281
22.875 73.375 1.628
22.875 73.625 1.0474
22.875 73.875 0.94898
22.875 74.125 1.693
22.875 74.375 1.4126
22.875 74.625 1.6165
22.875 74.875 1.6503
22.875 75.125 1.4805
22.875 75.375 1.3509
22.875 75.625 1.0766
22.875 75.875 1.1683
22.875 76.125 0.66592
22.875 76.375 0.53727
22.875 76.625 1.3853
22.875 76.875 1.4076
22.875 77.125 1.2136
22.875 77.375 0.44301
22.875 77.625 1.2654
22.875 77.875 1.317
22.875 78.125 1.4749
22.875 78.375 1.0576
22.875 78.625 0.97621
22.875 78.875 1.1015
22.875 79.125 0.81918
22.875 79.375 0.63221
22.875 79.625 -0.12249
22.875 79.875 0.19923
22.875 80.125 -0.15734
22.875 80.375 0.18123
22.875 80.625 -0.7902
22.875 80.875 -0.25815
22.875 81.125 0.065025
22.875 81.375 -0.38273
22.875 81.625 -0.93207
22.875 81.875 -0.48121
22.875 82.125 0.37775
22.875 82.375 0.49222
22.875 82.625 -1.4824
22.875 82.875 -1.5328
22.875 83.125 -3.2034
22.875 83.375 -0.38709
22.875 83.625 0.81021
22.875 83.875 0.19068
22.875 84.125 -0.56573
22.875 84.375 0.59048
22.875 84.625 1.4242
22.875 84.875 1.8641
22.875 85.125 1.3174
22.875 85.375 2.6678
22.875 85.625 1.143
22.875 85.875 1.8276
22.875 86.125 0.92951
22.875 86.375 1.115
22.875 86.625 2.1618
22.875 86.875 2.3377
22.875 87.125 3.0323
22.875 87.375 1.7736
22.875 87.625 0.96586
22.875 87.875 -0.39336
22.875 88.125 0.79
22.875 88.375 1.3667
22.875 88.625 1.3189
22.875 92.625 -0.61799
22.875 92.875 0.76511
23.125 68.875 1.3673
23.125 69.125 1.5734
23.125 69.375 1.7542
23.125 69.625 1.5784
23.125 69.875 1.3653
23.125 70.125 1.1724
23.125 70.875 0.45647
23.125 71.125 0.79901
23.125 71.375 -0.56146
23.125 71.625 -0.41126
23.125 71.875 -0.46366
23.125 72.125 1.2507
23.125 72.375 0.45807
23.125 72.625 2.0208
23.125 72.875 1.2609
23.125 73.125 0.8473
23.125 73.375 1.7983
23.125 73.625 1.4659
23.125 73.875 0.86516
23.125 74.125 0.89781
23.125 74.375 1.0704
23.125 74.625 1.5519
23.125 74.875 1.3299
23.125 75.125 1.3244
23.125 75.375 0.8024
23.125 75.625 0.63056
23.125 75.875 1.0199
23.125 76.125 0.65666
23.125 76.375 0.41818
23.125 76.625 0.21981
23.125 76.875 0.55152
23.125 77.125 0.64931
23.125 77.375 1.2626
23.125 77.625 1.2187
23.125 77.875 1.1294
23.125 78.125 0.95093
23.125 78.375 1.2063
23.125 78.625 0.84202
23.125 78.875 0.60616
23.125 79.125 0.71287
23.125 79.375 0.98268
23.125 79.625 -0.096111
23.125 79.875 0.79084
23.125 80.125 0.39594
23.125 80.375 0.38907
23.125 80.625 0.50981
23.125 80.875 0.37048
23.125 81.125 0.61361
23.125 81.375 0.15138
23.125 81.625 0.25997
23.125 81.875 -0.021763
23.125 82.125 0.038258
23.125 82.375 0.71566
23.125 82.625 1.2805
23.125 82.875 -0.076777
23.125 83.125 -1.2332
23.125 83.375 1.5024
23.125 83.625 2.4087
23.125 83.875 1.8377
23.125 84.125 -0.39166
23.125 84.375 0.07717
23.125 84.625 1.1784
23.125 84.875 1.0784
23.125 85.125 1.2248
23.125 85.375 2.272
23.125 85.625 1.3956
23.125 85.875 0.013205
23.125 86.125 1.0042
23.125 86.375 1.6918
23.125 86.625 2.0576
23.125 86.875 2.1519
23.125 87.125 2.1021
23.125 87.375 2.5516
23.125 87.625 1.2854
23.125 87.875 -0.18251
23.125 88.125 -0.42534
23.125 88.375 0.46189
23.125 88.625 0.87222
23.125 91.625 -0.49709
23.125 92.625 -0.78576
23.125 92.875 -0.67488
23.125 93.125 -0.35297
23.375 68.875 1.4805
23.375 69.125 1.6778
23.375 69.375 1.7013
23.375 69.625 1.5485
23.375 69.875 1.297
23.375 70.125 1.0641
23.375 70.375 1.1373
23.375 70.625 1.2401
23.375 70.875 1.3482
23.375 71.125 0.1114
23.375 71.375 -0.89888
23.375 71.625 -0.44595
23.375 71.875 0.88135
23.375 72.125 1.0451
23.375 72.375 1.4174
23.375 72.625 1.4194
23.375 72.875 1.6449
23.375 73.125 1.5993
23.375 73.375 1.5521
23.375 73.625 0.61799
23.375 73.875 -0.20614
23.375 74.125 0.63739
23.375 74.375 0.97326
23.375 74.625 1.5493
23.375 74.875 1.604
23.375 75.125 1.071
23.375 75.375 1.1828
23.375 75.625 0.38667
23.375 75.875 0.62593
23.375 76.125 0.79525
23.375 76.375 0.86178
23.375 76.625 0.3896
23.375 76.875 0.17296
23.375 77.125 0.31972
23.375 77.375 0.9677
23.375 77.625 0.086782
23.375 77.875 1.0052
23.375 78.125 1.1362
23.375 78.375 0.94346
23.375 78.625 0.81035
23.375 78.875 0.72701
23.375 79.125 0.84989
23.375 79.375 1.2882
23.375 79.625 1.9446
23.375 79.875 1.107
23.375 80.125 0.10424
23.375 80.375 0.168
23.375 80.625 0.7707
23.375 80.875 0.92661
23.375 81.125 0.58641
23.375 81.375 0.16638
23.375 81.625 0.90217
23.375 81.875 0.89145
23.375 82.125 0.75029
23.375 82.375 0.35619
23.375 82.625 0.3288
23.375 82.875 0.27538
23.375 83.125 1.2227
23.375 83.375 1.9206
23.375 83.625 1.8796
23.375 83.875 1.0866
23.375 84.125 0.11398
23.375 84.375 0.16546
23.375 84.625 0.20742
23.375 84.875 0.37061
23.375 85.125 1.0763
23.375 85.375 1.3417
23.375 85.625 1.2713
23.375 85.875 -0.068954
23.375 86.125 -0.13859
23.375 86.375 1.4863
23.375 86.625 1.2459
23.375 86.875 1.0121
23.375 87.125 1.6926
23.375 87.375 0.89781
23.375 87.625 1.0408
23.375 87.875 -0.11908
23.375 88.125 -0.53773
23.375 88.375 0.097347
23.375 88.625 0.42947
23.375 91.375 -0.74773
23.375 91.625 -0.91322
23.375 92.625 -0.79204
23.375 92.875 -0.99389
23.375 93.125 -2.4749
23.625 68.625 1.4118
23.625 68.875 1.4598
23.625 69.125 1.6023
23.625 69.375 1.6694
23.625 69.625 1.5823
23.625 69.875 0.8747
23.625 70.125 0.49259
23.625 70.375 0.65642
23.625 70.625 1.3632
23.625 70.875 1.3213
23.625 71.125 0.61262
23.625 71.375 1.2913
23.625 71.625 -0.044089
23.625 71.875 0.024266
23.625 72.125 0.9379
23.625 72.375 0.72274
23.625 72.625 1.6414
23.625 72.875 1.6537
23.625 73.125 1.5621
23.625 73.375 0.84616
23.625 73.625 0.68123
23.625 73.875 0.65178
23.625 74.125 1.7316
23.625 74.375 1.0945
23.625 74.625 1.4827
23.625 74.875 1.4896
23.625 75.125 0.54775
23.625 75.375 1.338
23.625 75.625 1.2208
23.625 75.875 1.1567
23.625 76.125 1.1438
23.625 76.375 1.2418
23.625 76.625 1.1356
23.625 76.875 0.61183
23.625 77.125 0.57124
23.625 77.375 0.61833
23.625 77.625 -0.051317
23.625 77.875 0.8414
23.625 78.125 0.45192
23.625 78.375 0.54408
23.625 78.625 0.84424
23.625 78.875 0.85012
23.625 79.125 1.3074
23.625 79.375 1.1209
23.625 79.625 1.3467
23.625 79.875 2.0125
23.625 80.125 0.97372
23.625 80.375 0.49702
23.625 80.625 0.88467
23.625 80.875 1.0323
23.625 81.125 0.91012
23.625 81.375 1.0119
23.625 81.625 1.2031
23.625 81.875 0.59046
23.625 82.125 0.40847
23.625 82.375 0.84935
23.625 82.625 1.8503
23.625 82.875 1.8064
23.625 83.125 1.7956
23.625 83.375 1.8436
23.625 83.625 1.6608
23.625 83.875 0.93195
23.625 84.125 0.86593
23.625 84.375 1.0456
23.625 84.625 1.0647
23.625 84.875 0.81423
23.625 85.125 0.32979
23.625 85.375 1.4883
23.625 85.625 0.9514
23.625 85.875 2.7264
23.625 86.125 -2.0751
23.625 86.375 1.2179
23.625 86.625 1.8729
23.625 86.875 0.59389
23.625 87.125 0.41157
23.625 87.375 0.88523
23.625 87.625 0.36828
23.625 87.875 0.14007
23.625 88.125 -0.41577
23.625 88.375 -0.52198
23.625 91.375 -1.0826
23.625 91.625 -1.1679
23.625 91.875 -0.34326
23.625 92.375 -0.46291
23.625 92.625 -0.75978
23.625 92.875 -1.6416
23.625 93.125 -2.5752
23.875 68.875 -0.42937
23.875 69.125 -0.22588
23.875 69.375 0.537
23.875 69.625 0.44155
23.875 69.875 0.93406
23.875 70.125 0.42399
23.875 70.375 0.39001
23.875 70.625 0.30645
23.875 70.875 0.4247
23.875 71.125 0.35307
23.875 71.375 1.6576
23.875 71.625 1.3082
23.875 71.875 1.3815
23.875 72.125 1.4473
23.875 72.375 1.58
23.875 72.625 1.5229
23.875 72.875 1.5383
23.875 73.125 2.0549
23.875 73.375 2.0579
23.875 73.625 1.1513
23.875 73.875 1.6517
23.875 74.125 1.6821
23.875 74.375 1.3617
23.875 74.625 1.4111
23.875 74.875 1.2939
23.875 75.125 1.1732
23.875 75.375 1.2057
23.875 75.625 1.1822
23.875 75.875 1.3837
23.875 76.125 1.3849
23.875 76.375 1.0936
23.875 76.625 1.3935
23.875 76.875 1.4335
23.875 77.125 0.67717
23.875 77.375 0.71224
23.875 77.625 0.9118
23.875 77.875 0.97414
23.875 78.125 0.76299
23.875 78.375 0.52566
23.875 78.625 0.71771
23.875 78.875 1.066
23.875 79.125 1.0853
23.875 79.375 1.5248
23.875 79.625 1.2588
23.875 79.875 1.2296
23.875 80.125 0.93392
23.875 80.375 0.23344
23.875 80.625 0.78562
23.875 80.875 0.88706
23.875 81.125 0.61044
23.875 81.375 0.93282
23.875 81.625 0.66565
23.875 81.875 0.70931
23.875 82.125 0.83309
23.875 82.375 1.6507
23.875 82.625 2.0055
23.875 82.875 1.7564
23.875 83.125 1.1104
23.875 83.375 0.63978
23.875 83.625 1.4075
23.875 83.875 1.0475
23.875 84.125 1.1232
23.875 84.375 1.2028
23.875 84.625 0.95048
23.875 84.875 -0.042085
23.875 85.125 -0.70387
23.875 85.375 -0.01116
23.875 85.625 0.61297
23.875 85.875 1.329
23.875 86.125 0.088037
23.875 86.375 1.6454
23.875 86.625 1.6493
23.875 86.875 1.7253
23.875 87.125 1.1104
23.875 87.375 0.5761
23.875 87.625 0.0095428
23.875 87.875 -0.21172
23.875 88.125 -0.10142
23.875 88.375 -0.75576
23.875 91.375 -1.6626
23.875 91.625 -1.0626
23.875 91.875 0.26346
23.875 92.125 0.28114
23.875 92.375 0.090448
23.875 92.625 -0.37474
23.875 92.875 -2.9142
23.875 93.125 -2.892
23.875 93.375 -2.7605
24.125 68.875 1.1132
24.125 69.125 -0.42211
24.125 69.375 1.3449
24.125 69.625 1.5207
24.125 69.875 0.59354
24.125 70.125 0.25172
24.125 70.375 -0.074403
24.125 70.625 -0.53761
24.125 70.875 -0.60993
24.125 71.125 -0.30591
24.125 71.375 0.53635
24.125 71.625 1.159
24.125 71.875 1.1216
24.125 72.125 1.447
24.125 72.375 1.4534
24.125 72.625 1.7284
24.125 72.875 1.3511
24.125 73.125 1.6836
24.125 73.375 1.4818
24.125 73.625 1.4296
24.125 73.875 1.446
24.125 74.125 1.6167
24.125 74.375 1.0256
24.125 74.625 1.2546
24.125 74.875 0.83942
24.125 75.125 0.29822
24.125 75.375 1.2271
24.125 75.625 0.96491
24.125 75.875 0.83298
24.125 76.125 1.1865
24.125 76.375 1.4486
24.125 76.625 1.844
24.125 76.875 1.8874
24.125 77.125 1.1155
24.125 77.375 0.99831
24.125 77.625 1.1442
24.125 77.875 0.81037
24.125 78.125 0.50059
24.125 78.375 0.85412
24.125 78.625 0.91886
24.125 78.875 0.81414
24.125 79.125 1.0503
24.125 79.375 1.1749
24.125 79.625 -0.57318
24.125 79.875 1.1112
24.125 80.125 -0.16592
24.125 80.375 -0.094866
24.125 80.625 0.51403
24.125 80.875 0.84779
24.125 81.125 0.51679
24.125 81.375 0.61855
24.125 81.625 0.51686
24.125 81.875 1.0271
24.125 82.125 1.6126
24.125 82.375 1.8438
24.125 82.625 1.4258
24.125 82.875 0.80417
24.125 83.125 1.1301
24.125 83.375 -0.714
24.125 83.625 -0.27088
24.125 83.875 1.0951
24.125 84.125 1.1927
24.125 84.375 0.89439
24.125 84.625 0.65652
24.125 84.875 -0.026368
24.125 85.125 -0.70979
24.125 85.375 0.066912
24.125 85.625 -0.74019
24.125 85.875 0.31314
24.125 86.125 0.70586
24.125 86.375 -0.37988
24.125 86.625 0.67273
24.125 86.875 0.9092
24.125 87.125 -0.031929
24.125 87.375 -0.081509
24.125 87.625 0.12742
24.125 87.875 0.030202
24.125 88.125 0.11718
24.125 88.375 -0.13159
24.125 91.875 0.73415
24.125 92.125 0.77993
24.125 92.375 0.37284
24.125 92.625 -0.032115
24.125 92.875 -2.4427
24.125 93.125 -2.9558
24.125 93.375 -2.1612
24.125 93.625 -1.8405
24.125 93.875 -1.5541
24.125 94.125 -1.3881
24.375 71.375 0.3593
24.375 71.625 1.2465
24.375 71.875 1.2157
24.375 72.125 1.2255
24.375 72.375 1.0356
24.375 72.625 1.5738
24.375 72.875 1.0871
24.375 73.125 1.5554
24.375 73.375 1.7884
24.375 73.625 1.5416
24.375 73.875 1.2169
24.375 74.125 1.4801
24.375 74.375 1.8309
24.375 74.625 1.6612
24.375 74.875 1.6229
24.375 75.125 1.1708
24.375 75.375 1.5954
24.375 75.625 1.627
24.375 75.875 2.1322
24.375 76.125 0.93604
24.375 76.375 1.6468
24.375 76.625 2.235
24.375 76.875 1.9137
24.375 77.125 1.3029
24.375 77.375 1.2107
24.375 77.625 1.5184
24.375 77.875 1.6964
24.375 78.125 1.5403
24.375 78.375 1.7604
24.375 78.625 0.79833
24.375 78.875 1.0543
24.375 79.125 0.80973
24.375 79.375 0.17165
24.375 79.625 0.03501
24.375 79.875 0.38545
24.375 80.125 -0.46706
24.375 80.375 1.0802
24.375 80.625 0.83116
24.375 80.875 0.29324
24.375 81.125 0.44427
24.375 81.375 0.49793
24.375 81.625 1.1271
24.375 81.875 1.7132
24.375 82.125 1.4205
24.375 82.375 1.7403
24.375 82.625 1.7265
24.375 82.875 1.7166
24.375 83.125 0.76455
24.375 83.375 0.32681
24.375 83.625 0.074764
24.375 83.875 0.44375
24.375 84.125 0.55547
24.375 84.375 1.079
24.375 84.625 0.86551
24.375 84.875 0.52982
24.375 85.125 0.63951
24.375 85.375 0.28473
24.375 85.625 0.13982
24.375 85.875 -0.33811
24.375 86.125 -0.53572
24.375 86.375 -1.1457
24.375 86.625 0.6368
24.375 86.875 -0.12618
24.375 87.125 -0.61936
24.375 87.375 0.59232
24.375 87.625 0.45958
24.375 87.875 -0.0047147
24.375 88.125 -0.028337
24.375 92.375 -0.27342
24.375 92.625 -0.74369
24.375 92.875 -1.8065
24.375 93.125 -2.4934
24.375 93.375 -1.694
24.375 93.625 -1.7521
24.375 93.875 -1.3591
24.375 94.125 -0.34761
24.625 71.125 -0.8004
24.625 71.375 1.0028
24.625 71.625 1.393
24.625 71.875 1.0887
24.625 72.125 0.78845
24.625 72.375 0.90264
24.625 72.625 1.545
24.625 72.875 1.3106
24.625 73.125 1.8464
24.625 73.375 1.7888
24.625 73.625 1.3117
24.625 73.875 1.2726
24.625 74.125 1.5957
24.625 74.375 1.7316
24.625 74.625 1.9611
24.625 74.875 1.5064
24.625 75.125 1.7545
24.625 75.375 1.9318
24.625 75.625 1.4181
24.625 75.875 2.1674
24.625 76.125 1.8597
24.625 76.375 1.6793
24.625 76.625 1.9751
24.625 76.875 2.0296
24.625 77.125 1.4275
24.625 77.375 1.3387
24.625 77.625 1.2962
24.625 77.875 1.5021
24.625 78.125 1.7019
24.625 78.375 1.7824
24.625 78.625 1.037
24.625 78.875 0.92129
24.625 79.125 0.80705
24.625 79.375 0.84778
24.625 79.625 0.96838
24.625 79.875 1.3531
24.625 80.125 1.1338
24.625 80.375 0.90633
24.625 80.625 1.0124
24.625 80.875 -1.1336
24.625 81.125 -1.5739
24.625 81.375 1.3354
24.625 81.625 1.6903
24.625 81.875 2.0176
24.625 82.125 0.10848
24.625 82.375 0.4659
24.625 82.625 1.5028
24.625 82.875 1.6918
24.625 83.125 0.83667
24.625 83.375 0.38263
24.625 83.625 1.1205
24.625 83.875 0.32173
24.625 84.125 0.61891
24.625 84.375 0.90014
24.625 84.625 0.056379
24.625 84.875 0.3898
24.625 85.125 0.36791
24.625 85.375 0.37809
24.625 85.625 -0.31508
24.625 85.875 -0.36692
24.625 86.125 -0.30455
24.625 86.375 -0.096231
24.625 86.625 1.0497
24.625 86.875 0.78751
24.625 87.125 0.10142
24.625 87.375 -0.079195
24.625 87.625 0.46472
24.625 87.875 0.53179
24.625 92.375 -0.49769
24.625 92.625 -0.83224
24.625 92.875 -1.7706
24.625 93.125 -0.90797
24.625 93.375 -0.36546
24.625 93.625 -1.3375
24.625 93.875 -1.337
24.625 94.125 -0.11151
24.625 94.375 -0.21614
24.875 71.125 0.3572
24.875 71.375 0.20968
24.875 71.625 0.58533
24.875 71.875 -0.18087
24.875 72.125 0.20191
24.875 72.375 0.63269
24.875 72.625 0.94141
24.875 72.875 1.112
24.875 73.125 1.0904
24.875 73.375 1.9786
24.875 73.625 1.6058
24.875 73.875 1.6192
24.875 74.125 1.8695
24.875 74.375 1.5961
24.875 74.625 1.4375
24.875 74.875 1.367
24.875 75.125 1.9343
24.875 75.375 1.7401
24.875 75.625 0.99431
24.875 75.875 1.5522
24.875 76.125 1.6223
24.875 76.375 1.6551
24.875 76.625 1.8527
24.875 76.875 2.0518
24.875 77.125 1.9857
24.875 77.375 1.8292
24.875 77.625 1.3233
24.875 77.875 1.1966
24.875 78.125 1.9926
24.875 78.375 1.5412
24.875 78.625 1.1298
24.875 78.875 1.9523
24.875 79.125 1.7404
24.875 79.375 1.4086
24.875 79.625 1.0117
24.875 79.875 1.4505
24.875 80.125 1.0105
24.875 80.375 0.98405
24.875 80.625 1.0122
24.875 80.875 -0.45795
24.875 81.125 -2.5047
24.875 81.375 -1.6163
24.875 81.625 0.68589
24.875 81.875 0.68289
24.875 82.125 -0.36229
24.875 82.375 -1.1982
24.875 82.625 1.3206
24.875 82.875 -1.4401
24.875 83.125 -1.0782
24.875 83.375 -0.5443
24.875 83.625 0.90756
24.875 83.875 -0.027928
24.875 84.125 -0.40334
24.875 84.375 -2.803
24.875 84.625 -2.0286
24.875 84.875 0.23271
24.875 85.125 0.71173
24.875 85.375 -0.36568
24.875 85.625 0.52136
24.875 85.875 1.3375
24.875 86.125 -0.4556
24.875 86.375 0.61753
24.875 86.625 0.98034
24.875 86.875 -0.14461
24.875 87.125 -1.0254
24.875 87.375 -0.48986
24.875 87.625 0.65912
24.875 87.875 0.95634
24.875 88.125 2.0709
24.875 92.625 0.039278
24.875 92.875 -0.26846
24.875 93.125 1.0789
24.875 93.375 -0.74531
24.875 93.625 -0.56528
24.875 93.875 -0.32714
24.875 94.125 -0.2892
24.875 94.375 0.15146
25.125 71.125 0.5945
25.125 71.375 0.33661
25.125 71.625 0.23633
25.125 71.875 -0.026452
25.125 72.125 0.34798
25.125 72.375 2.242
25.125 72.625 1.8683
25.125 72.875 1.2414
25.125 73.125 1.247
25.125 73.375 2.0598
25.125 73.625 1.962
25.125 73.875 1.5343
25.125 74.125 1.6819
25.125 74.375 1.6563
25.125 74.625 1.7484
25.125 74.875 1.8989
25.125 75.125 2.0292
25.125 75.375 1.8707
25.125 75.625 1.7226
25.125 75.875 0.89686
25.125 76.125 1.6485
25.125 76.375 1.592
25.125 76.625 1.6967
25.125 76.875 1.7551
25.125 77.125 2.2182
25.125 77.375 1.8075
25.125 77.625 2.1092
25.125 77.875 1.9859
25.125 78.125 2.1213
25.125 78.375 1.0734
25.125 78.625 0.80502
25.125 78.875 1.0588
25.125 79.125 1.2522
25.125 79.375 0.64673
25.125 79.625 0.68708
25.125 79.875 2.059
25.125 80.125 0.68906
25.125 80.375 0.88491
25.125 80.625 1.359
25.125 80.875 0.44934
25.125 81.125 -2.0956
25.125 81.375 -0.15161
25.125 81.625 -3.0967
25.125 81.875 -0.92819
25.125 82.125 0.1967
25.125 82.375 1.2754
25.125 82.625 0.62488
25.125 82.875 -0.86301
25.125 83.125 -0.9711
25.125 83.375 -1.6165
25.125 83.625 0.29639
25.125 83.875 -0.31631
25.125 84.125 -0.21774
25.125 84.375 -1.4946
25.125 84.625 -0.78158
25.125 84.875 -0.99006
25.125 85.125 0.57166
25.125 85.375 0.85381
25.125 85.625 0.24182
25.125 85.875 0.32428
25.125 86.125 -0.12683
25.125 86.375 0.35293
25.125 86.625 0.76683
25.125 86.875 -1.4187
25.125 87.125 0.34355
25.125 87.375 0.075667
25.125 87.625 0.62989
25.125 87.875 1.3518
25.125 88.125 1.4242
25.125 88.375 1.6013
25.125 92.375 -1.0577
25.125 92.625 -0.42727
25.125 92.875 0.10054
25.125 93.125 0.99965
25.125 93.375 -0.29704
25.125 93.625 -0.32786
25.125 93.875 -0.66412
25.125 94.125 -0.064976
25.125 94.375 0.027974
25.375 70.875 0.22422
25.375 71.125 0.15585
25.375 71.375 0.34094
25.375 71.625 1.0435
25.375 71.875 0.47379
25.375 72.125 1.0507
25.375 72.375 2.1734
25.375 72.625 1.984
25.375 72.875 1.6864
25.375 73.125 1.789
25.375 73.375 2.1133
25.375 73.625 2.5004
25.375 73.875 1.3401
25.375 74.125 1.8884
25.375 74.375 2.2172
25.375 74.625 2.5133
25.375 74.875 2.5372
25.375 75.125 1.9448
25.375 75.375 2.0691
25.375 75.625 1.8055
25.375 75.875 1.1334
25.375 76.125 1.2345
25.375 76.375 1.5141
25.375 76.625 1.449
25.375 76.875 1.3465
25.375 77.125 2.0474
25.375 77.375 1.9649
25.375 77.625 2.3168
25.375 77.875 2.4175
25.375 78.125 1.8043
25.375 78.375 1.8561
25.375 78.625 -0.024885
25.375 78.875 -0.97496
25.375 79.125 0.49635
25.375 79.375 1.6902
25.375 79.625 0.91442
25.375 79.875 2.4294
25.375 80.125 2.295
25.375 80.375 0.65549
25.375 80.625 0.85363
25.375 80.875 -1.4066
25.375 81.125 -1.2034
25.375 81.375 0.85774
25.375 81.625 -0.33779
25.375 81.875 -2.6716
25.375 82.125 -0.91791
25.375 82.375 -0.66531
25.375 82.625 -0.48317
25.375 82.875 -1.3785
25.375 83.125 -0.36263
25.375 83.375 0.73181
25.375 83.625 0.89278
25.375 83.875 0.51455
25.375 84.125 0.071126
25.375 84.375 -1.0357
25.375 84.625 -0.59106
25.375 84.875 0.27774
25.375 85.125 -1.1039
25.375 85.375 -1.228
25.375 85.625 0.51681
25.375 85.875 1.8008
25.375 86.125 1.3025
25.375 86.375 1.1979
25.375 86.625 1.0034
25.375 86.875 -0.028446
25.375 87.125 -0.25829
25.375 87.375 -0.081271
25.375 87.625 1.436
25.375 87.875 1.0894
25.375 88.125 1.638
25.375 88.375 1.3693
25.375 88.625 0.96579
25.375 90.125 0.49958
25.375 90.375 0.88349
25.375 90.625 -0.031873
25.375 90.875 -0.16586
25.375 91.125 0.37237
25.375 91.375 1.2563
25.375 91.625 -0.13615
25.375 91.875 -0.32192
25.375 92.125 -0.538
25.375 92.375 -0.41075
25.375 92.625 -0.43441
25.375 92.875 0.202
25.375 93.125 -0.48912
25.375 93.375 -0.57505
25.375 93.625 0.16999
25.375 93.875 -0.82193
25.375 94.125 0.060584
25.375 94.375 0.66558
25.625 70.875 0.46402
25.625 71.125 0.31099
25.625 71.375 0.40263
25.625 71.625 0.73271
25.625 71.875 1.0317
25.625 72.125 0.96569
25.625 72.375 1.0054
25.625 72.625 0.72253
25.625 72.875 1.1298
25.625 73.125 2.12
25.625 73.375 1.9393
25.625 73.625 2.0065
25.625 73.875 1.5172
25.625 74.125 1.8499
25.625 74.375 1.837
25.625 74.625 2.7213
25.625 74.875 2.4595
25.625 75.125 2.0289
25.625 75.375 2.1265
25.625 75.625 1.8646
25.625 75.875 2.049
25.625 76.125 1.7678
25.625 76.375 1.4762
25.625 76.625 1.1019
25.625 76.875 1.1754
25.625 77.125 1.9731
25.625 77.375 2.4055
25.625 77.625 2.7414
25.625 77.875 2.4908
25.625 78.125 1.7068
25.625 78.375 0.7182
25.625 78.625 0.49981
25.625 78.875 -0.21254
25.625 79.125 1.5963
25.625 79.375 1.4282
25.625 79.625 1.7685
25.625 79.875 1.6525
25.625 80.125 1.1702
25.625 80.375 -0.1361
25.625 80.625 -2.5331
25.625 80.875 -2.4573
25.625 81.125 -1.2694
25.625 81.375 -0.74565
25.625 81.625 0.061727
25.625 81.875 0.1643
25.625 82.125 -0.89743
25.625 82.375 0.17439
25.625 82.625 -0.90215
25.625 82.875 -2.0326
25.625 83.125 -0.59295
25.625 83.375 -0.45692
25.625 83.625 1.545
25.625 83.875 0.4664
25.625 84.125 -2.2639
25.625 84.375 -1.6281
25.625 84.625 -0.094448
25.625 84.875 0.020514
25.625 85.125 -1.6088
25.625 85.375 -0.62991
25.625 85.625 0.60633
25.625 85.875 -0.30472
25.625 86.125 -0.80867
25.625 86.375 -0.48391
25.625 86.625 -2.2705
25.625 86.875 0.18566
25.625 87.125 0.15784
25.625 87.375 -0.53469
25.625 87.625 0.41914
25.625 87.875 0.12334
25.625 88.125 0.74949
25.625 90.125 1.4997
25.625 90.375 1.3948
25.625 90.625 0.78724
25.625 90.875 0.97393
25.625 91.125 1.4415
25.625 91.375 1.7151
25.625 91.625 0.68638
25.625 91.875 0.054181
25.625 92.125 -0.51857
25.625 92.375 -0.40141
25.625 92.625 -0.61365
25.625 92.875 -0.4476
25.625 93.125 -0.97707
25.625 93.375 -0.82861
25.625 93.625 -0.30436
25.625 93.875 0.065083
25.625 94.125 0.8871
25.625 94.375 1.2864
25.625 94.625 1.1246
25.625 94.875 0.87996
25.875 70.375 0.2215
25.875 70.625 0.31319
25.875 70.875 0.67467
25.875 71.125 0.93978
25.875 71.375 0.43171
25.875 71.625 0.63254
25.875 71.875 1.0569
25.875 72.125 1.0706
25.875 72.375 1.1247
25.875 72.625 0.69699
25.875 72.875 0.66889
25.875 73.125 1.8163
25.875 73.375 2.138
25.875 73.625 2.0842
25.875 73.875 2.3332
25.875 74.125 1.7317
25.875 74.375 1.7406
25.875 74.625 2.1459
25.875 74.875 2.0867
25.875 75.125 1.6536
25.875 75.375 1.6306
25.875 75.625 1.7822
25.875 75.875 1.9546
25.875 76.125 1.6688
25.875 76.375 1.4844
25.875 76.625 1.2795
25.875 76.875 1.3979
25.875 77.125 1.9223
25.875 77.375 2.155
25.875 77.625 2.534
25.875 77.875 1.8688
25.875 78.125 2.0544
25.875 78.375 1.9185
25.875 78.625 1.6231
25.875 78.875 0.80194
25.875 79.125 1.2874
25.875 79.375 0.92121
25.875 79.625 0.80484
25.875 79.875 1.4178
25.875 80.125 0.75349
25.875 80.375 -1.6266
25.875 80.625 -1.736
25.875 80.875 -1.8821
25.875 81.125 -1.1952
25.875 81.375 0.50618
25.875 81.625 0.64826
25.875 81.875 0.56445
25.875 82.125 -1.6788
25.875 82.375 -1.076
25.875 82.625 -1.6689
25.875 82.875 0.4759
25.875 83.125 -0.82674
25.875 83.375 -2.2512
25.875 83.625 0.0020912
25.875 83.875 -1.6022
25.875 84.125 0.49926
25.875 84.375 -2.1145
25.875 84.625 -1.5631
25.875 84.875 -0.88046
25.875 85.125 -0.6314
25.875 85.375 -0.091605
25.875 85.625 0.40319
25.875 85.875 -0.63949
25.875 86.125 0.085884
25.875 86.375 0.11565
25.875 86.625 0.07062
25.875 86.875 1.1179
25.875 87.125 0.42302
25.875 87.375 -0.54822
25.875 87.625 -1.6481
25.875 87.875 -0.30618
25.875 90.125 -0.49486
25.875 90.375 0.15468
25.875 90.625 1.1606
25.875 90.875 0.70932
25.875 91.125 -0.12732
25.875 91.375 0.45261
25.875 91.625 -0.28194
25.875 91.875 -1.0116
25.875 92.125 -0.83168
25.875 92.375 -0.78515
25.875 92.625 -0.55416
25.875 92.875 -0.77488
25.875 93.125 -2.5691
25.875 93.375 -2.405
25.875 93.625 -0.81194
25.875 93.875 0.84376
25.875 94.125 1.066
25.875 94.375 0.78993
25.875 94.625 0.65209
25.875 94.875 0.71097
26.125 70.375 1.2278
26.125 70.625 1.0026
26.125 70.875 1.1204
26.125 71.125 0.37293
26.125 71.375 0.64231
26.125 71.625 1.0218
26.125 71.875 1.3122
26.125 72.125 1.4139
26.125 72.375 0.95581
26.125 72.625 0.9134
26.125 72.875 0.85156
26.125 73.125 1.0779
26.125 73.375 1.4515
26.125 73.625 1.6688
26.125 73.875 2.0009
26.125 74.125 2.0764
26.125 74.375 2.5124
26.125 74.625 1.9699
26.125 74.875 2.088
26.125 75.125 1.7797
26.125 75.375 1.416
26.125 75.625 1.3975
26.125 75.875 1.3333
26.125 76.125 1.4106
26.125 76.375 1.2993
26.125 76.625 1.3473
26.125 76.875 1.4813
26.125 77.125 1.1467
26.125 77.375 1.7354
26.125 77.625 2.1323
26.125 77.875 1.972
26.125 78.125 1.8456
26.125 78.375 2.4532
26.125 78.625 1.9098
26.125 78.875 1.4408
26.125 79.125 1.3003
26.125 79.375 1.1103
26.125 79.625 -0.88487
26.125 79.875 -0.89249
26.125 80.125 0.63145
26.125 80.375 -0.28091
26.125 80.625 -2.2513
26.125 80.875 1.0994
26.125 81.125 0.66688
26.125 81.375 -2.4229
26.125 81.625 0.88503
26.125 81.875 0.18349
26.125 82.125 -1.6282
26.125 82.375 -1.5275
26.125 82.625 -1.043
26.125 82.875 -0.011633
26.125 83.125 -1.0247
26.125 83.375 -2.3828
26.125 83.625 -2.5766
26.125 83.875 -0.0089039
26.125 84.125 0.62358
26.125 84.375 -1.5687
26.125 84.625 -1.3274
26.125 84.875 -2.7925
26.125 85.125 -0.42334
26.125 85.375 -1.9046
26.125 85.625 -0.64561
26.125 85.875 1.0604
26.125 86.125 0.21021
26.125 86.375 0.11665
26.125 86.625 1.039
26.125 86.875 1.6362
26.125 87.125 0.63623
26.125 87.375 0.68514
26.125 87.625 0.72187
26.125 87.875 0.71181
26.125 88.125 1.6965
26.125 89.375 1.8084
26.125 89.875 0.59412
26.125 90.125 -0.1889
26.125 90.375 0.46037
26.125 90.625 -0.061065
26.125 90.875 -0.27788
26.125 91.125 -1.2463
26.125 91.375 -0.90036
26.125 91.625 -1.5821
26.125 91.875 -1.1873
26.125 92.125 -0.63597
26.125 92.375 0.37274
26.125 92.625 0.47262
26.125 92.875 -0.87658
26.125 93.125 -2.1094
26.125 93.375 -0.59175
26.125 93.625 -0.10067
26.125 93.875 1.8774
26.125 94.125 1.4122
26.125 94.375 0.82163
26.125 94.625 0.41249
26.125 94.875 0.43013
26.375 70.375 1.0798
26.375 70.625 1.2092
26.375 70.875 0.9485
26.375 71.125 1.2227
26.375 71.375 0.98665
26.375 71.625 1.6695
26.375 71.875 1.6285
26.375 72.125 1.4221
26.375 72.375 1.1647
26.375 72.625 0.53716
26.375 72.875 1.0012
26.375 73.125 0.72605
26.375 73.375 0.89217
26.375 73.625 1.7071
26.375 73.875 1.9017
26.375 74.125 2.3484
26.375 74.375 2.6457
26.375 74.625 -0.65928
26.375 74.875 1.711
26.375 75.125 1.6199
26.375 75.375 1.5194
26.375 75.625 1.5625
26.375 75.875 1.434
26.375 76.125 1.3785
26.375 76.375 1.2473
26.375 76.625 1.6527
26.375 76.875 1.6078
26.375 77.125 1.776
26.375 77.375 2.4229
26.375 77.625 1.8256
26.375 77.875 1.7146
26.375 78.125 1.5553
26.375 78.375 0.9656
26.375 78.625 2.083
26.375 78.875 2.0229
26.375 79.125 1.7741
26.375 79.375 -0.86839
26.375 79.625 -1.4325
26.375 79.875 0.95707
26.375 80.125 1.1168
26.375 80.375 -0.99356
26.375 80.625 -1.0746
26.375 80.875 0.67775
26.375 81.125 -1.4001
26.375 81.375 -3.5754
26.375 81.625 -2.3212
26.375 81.875 -1.3233
26.375 82.125 -1.424
26.375 82.375 -0.25916
26.375 82.625 -0.66655
26.375 82.875 0.23489
26.375 83.125 -0.088634
26.375 83.375 -1.3636
26.375 83.625 -0.42852
26.375 83.875 -0.0036447
26.375 84.125 -0.14444
26.375 84.375 -0.20562
26.375 84.625 -0.8436
26.375 84.875 -0.58925
26.375 85.125 -0.77965
26.375 85.375 -1.3526
26.375 85.625 -0.49658
26.375 85.875 -0.047216
26.375 86.125 -0.21369
26.375 86.375 -2.4892
26.375 86.625 -2.4584
26.375 86.875 1.2546
26.375 87.125 0.21028
26.375 87.625 -1.2095
26.375 87.875 1.4006
26.375 88.125 2.1827
26.375 88.375 2.0719
26.375 88.875 1.8281
26.375 89.375 0.91325
26.375 89.625 1.1316
26.375 89.875 1.1588
26.375 90.125 0.85768
26.375 90.375 0.50097
26.375 90.625 0.54356
26.375 90.875 -0.14342
26.375 91.125 -2.0273
26.375 91.375 -1.0955
26.375 91.625 -1.1184
26.375 91.875 -0.81862
26.375 92.125 0.073599
26.375 92.375 0.27944
26.375 92.625 0.16268
26.375 92.875 -0.39343
26.375 93.125 -0.69963
26.375 93.375 -0.67999
26.375 93.625 -0.12621
26.375 93.875 0.70953
26.375 94.125 1.2023
26.375 94.375 0.65198
26.375 94.625 0.45731
26.375 94.875 0.38124
26.625 69.875 0.95374
26.625 70.125 1.4274
26.625 70.375 1.3499
26.625 70.625 0.83066
26.625 70.875 0.96135
26.625 71.125 0.7184
26.625 71.375 1.991
26.625 71.625 1.8805
26.625 71.875 1.8299
26.625 72.125 1.2385
26.625 72.375 0.79024
26.625 72.625 0.76635
26.625 72.875 0.85067
26.625 73.125 1.2606
26.625 73.375 0.8866
26.625 73.625 1.6853
26.625 73.875 1.9571
26.625 74.125 2.3219
26.625 74.375 2.0585
26.625 74.625 1.1702
26.625 74.875 1.845
26.625 75.125 1.5326
26.625 75.375 1.8216
26.625 75.625 1.7252
26.625 75.875 0.99991
26.625 76.125 1.7557
26.625 76.375 1.7354
26.625 76.625 1.6236
26.625 76.875 1.6022
26.625 77.125 2.0277
26.625 77.375 2.3645
26.625 77.625 2.069
26.625 77.875 1.093
26.625 78.125 1.8026
26.625 78.375 1.5426
26.625 78.625 2.0526
26.625 78.875 0.8747
26.625 79.125 -0.63251
26.625 79.375 0.49268
26.625 79.625 0.40842
26.625 79.875 -0.017997
26.625 80.125 -0.75512
26.625 80.375 0.67945
26.625 80.625 -0.17791
26.625 80.875 0.66926
26.625 81.125 0.41562
26.625 81.375 -0.20982
26.625 81.625 -0.84776
26.625 81.875 0.67491
26.625 82.125 0.50326
26.625 82.375 0.50369
26.625 82.625 -2.3981
26.625 82.875 -0.30231
26.625 83.125 -0.042379
26.625 83.375 -1.5319
26.625 83.625 -1.2729
26.625 83.875 -1.1204
26.625 84.125 0.53104
26.625 84.375 -0.74781
26.625 84.625 -1.4026
26.625 84.875 -1.0498
26.625 85.125 -0.44103
26.625 85.375 -1.2137
26.625 85.625 -0.8029
26.625 86.125 0.053672
26.625 88.375 2.195
26.625 88.625 0.76237
26.625 88.875 1.8679
26.625 89.125 0.97403
26.625 89.375 1.587
26.625 89.625 1.0533
26.625 89.875 0.33211
26.625 90.125 -0.49547
26.625 90.375 0.028241
26.625 90.625 -1.6839
26.625 90.875 -1.1795
26.625 91.125 0.16943
26.625 91.375 0.16511
26.625 91.625 -1.223
26.625 91.875 -0.16894
26.625 92.125 -0.050258
26.625 92.375 -0.17267
26.625 92.625 -0.41694
26.625 92.875 0.72616
26.625 93.125 -0.1826
26.625 93.375 -0.37116
26.625 93.625 -0.20228
26.625 93.875 0.72173
26.625 94.125 -0.27494
26.625 94.375 0.19928
26.625 94.625 0.6978
26.625 94.875 0.58629
26.625 95.125 0.78473
26.875 69.625 1.0181
26.875 69.875 0.89551
26.875 70.125 1.189
26.875 70.375 1.3849
26.875 70.625 0.84734
26.875 70.875 0.27329
26.875 71.125 0.83069
26.875 71.375 2.3468
26.875 71.625 3.1567
26.875 71.875 2.5785
26.875 72.125 1.4947
26.875 72.375 1.5025
26.875 72.625 1.3236
26.875 72.875 2.2528
26.875 73.125 1.7961
26.875 73.375 1.6832
26.875 73.625 1.6438
26.875 73.875 2.0207
26.875 74.125 2.0816
26.875 74.375 2.1424
26.875 74.625 2.1146
26.875 74.875 1.9162
26.875 75.125 1.725
26.875 75.375 1.8053
26.875 75.625 0.32891
26.875 75.875 1.33
26.875 76.125 1.9715
26.875 76.375 2.0944
26.875 76.625 1.5368
26.875 76.875 1.5283
26.875 77.125 1.709
26.875 77.375 1.0147
26.875 77.625 1.6438
26.875 77.875 1.6576
26.875 78.125 0.64742
26.875 78.375 1.2995
26.875 78.625 1.3678
26.875 78.875 0.94652
26.875 79.125 1.3422
26.875 79.375 1.3055
26.875 79.625 1.228
26.875 79.875 0.77096
26.875 80.125 -0.15518
26.875 80.375 0.91337
26.875 80.625 0.96397
26.875 80.875 0.64689
26.875 81.125 0.015877
26.875 81.375 -0.37615
26.875 81.625 -1.5005
26.875 81.875 0.42972
26.875 82.125 0.34763
26.875 82.375 -1.6276
26.875 82.625 -2.5503
26.875 82.875 -0.63966
26.875 83.125 -0.75467
26.875 83.375 -2.3097
26.875 83.625 -1.4988
26.875 83.875 -0.80385
26.875 84.125 0.41074
26.875 84.375 -0.51599
26.875 84.625 -0.53809
26.875 84.875 -0.85112
26.875 88.375 2.1569
26.875 88.625 2.1078
26.875 88.875 1.8469
26.875 92.375 -0.81316
26.875 92.625 0.033461
26.875 92.875 1.0597
26.875 93.125 0.79256
26.875 93.375 -0.19405
26.875 93.625 0.2851
26.875 93.875 0.80344
26.875 94.125 -1.4921
26.875 94.375 0.54825
26.875 94.625 0.76041
26.875 94.875 0.43091
26.875 95.125 0.0062028
26.875 95.375 0.083006
26.875 95.625 0.3353
27.125 69.875 0.56518
27.125 70.125 0.50556
27.125 70.375 0.52148
27.125 70.625 0.68533
27.125 70.875 -0.5583
27.125 71.125 1.3589
27.125 71.375 2.1406
27.125 71.625 1.9562
27.125 71.875 1.8299
27.125 72.125 1.3085
27.125 72.375 1.35
27.125 72.625 1.7739
27.125 72.875 1.9462
27.125 73.125 1.7926
27.125 73.375 1.4816
27.125 73.625 1.5276
27.125 73.875 1.6586
27.125 74.125 1.7207
27.125 74.375 1.5772
27.125 74.625 2.0572
27.125 74.875 1.6106
27.125 75.125 1.5175
27.125 75.375 1.8106
27.125 75.625 2.1452
27.125 75.875 1.9866
27.125 76.125 1.496
27.125 76.375 1.8749
27.125 76.625 1.6026
27.125 76.875 0.6892
27.125 77.125 1.9855
27.125 77.375 1.0897
27.125 77.625 1.4521
27.125 77.875 0.88224
27.125 78.125 1.8542
27.125 78.375 1.8656
27.125 78.625 -0.69884
27.125 78.875 0.18995
27.125 79.125 1.0473
27.125 79.375 -0.57961
27.125 79.625 0.27748
27.125 79.875 0.71145
27.125 80.125 -0.14263
27.125 80.375 0.15815
27.125 80.625 -0.89326
27.125 80.875 0.51294
27.125 81.125 0.28214
27.125 81.375 -0.050363
27.125 81.625 -0.17513
27.125 81.875 0.25175
27.125 82.125 0.15915
27.125 82.375 -1.081
27.125 82.625 0.34962
27.125 82.875 0.29965
27.125 83.125 -0.74937
27.125 83.375 0.36245
27.125 83.625 0.42217
27.125 83.875 0.13757
27.125 84.125 -0.66934
27.125 84.375 -0.15019
27.125 84.625 -0.81731
27.125 88.125 2.2021
27.125 88.375 2.2118
27.125 88.625 2.3985
27.125 92.125 -1.8336
27.125 92.375 -0.41819
27.125 92.625 -0.087399
27.125 92.875 0.46272
27.125 93.125 0.085994
27.125 93.375 0.18658
27.125 93.625 0.15463
27.125 93.875 0.79305
27.125 94.125 1.1494
27.125 94.375 0.50169
27.125 94.625 0.32546
27.125 94.875 0.14105
27.125 95.125 -0.088242
27.125 95.375 0.25089
27.125 95.625 0.23763
27.125 95.875 0.48867
27.375 70.125 0.57461
27.375 70.375 0.60656
27.375 70.625 -0.12506
27.375 70.875 1.1005
27.375 71.125 1.75
27.375 71.375 1.9498
27.375 71.625 1.5424
27.375 71.875 0.18646
27.375 72.125 -0.23672
27.375 72.375 0.83947
27.375 72.625 1.0573
27.375 72.875 1.1977
27.375 73.125 1.4385
27.375 73.375 1.5306
27.375 73.625 1.5193
27.375 73.875 1.461
27.375 74.125 1.2915
27.375 74.375 1.3612
27.375 74.625 1.7422
27.375 74.875 1.6896
27.375 75.125 1.8461
27.375 75.375 1.792
27.375 75.625 2.305
27.375 75.875 2.1608
27.375 76.125 1.5835
27.375 76.375 1.6134
27.375 76.625 1.4435
27.375 76.875 1.8336
27.375 77.125 1.6278
27.375 77.375 0.40345
27.375 77.625 1.5931
27.375 77.875 1.5941
27.375 78.125 1.5543
27.375 78.375 1.292
27.375 78.625 0.63854
27.375 78.875 1.2025
27.375 79.125 -0.49859
27.375 79.375 -1.1588
27.375 79.625 -1.4342
27.375 79.875 0.27975
27.375 80.125 -1.9678
27.375 80.375 -2.5351
27.375 80.625 -1.6548
27.375 80.875 -2.8755
27.375 81.125 -0.095974
27.375 81.375 -0.016537
27.375 81.625 -3.6921
27.375 81.875 -0.27561
27.375 82.125 0.16831
27.375 82.375 -0.19382
27.375 82.625 0.65236
27.375 82.875 -0.061465
27.375 83.125 -0.40582
27.375 83.625 0.23377
27.375 84.125 -0.21194
27.375 84.375 0.55072
27.375 88.125 1.49
27.375 88.375 1.3096
27.375 88.625 0.85575
27.375 92.125 -1.6379
27.375 92.375 -0.62897
27.375 92.625 -1.1502
27.375 92.875 -1.0203
27.375 93.125 -5.0462
27.375 93.375 -2.7206
27.375 93.625 0.1344
27.375 93.875 1.1632
27.375 94.125 1.7804
27.375 94.375 0.31291
27.375 94.625 0.54577
27.375 94.875 0.31419
27.375 95.125 0.12546
27.375 95.375 0.072968
27.375 95.625 -0.018026
27.375 95.875 0.14398
27.375 96.125 -0.94432
27.375 96.375 -0.31204
27.375 96.625 0.031194
27.375 96.875 -0.30612
27.625 70.125 0.59813
27.625 70.375 0.41868
27.625 70.625 0.28439
27.625 70.875 0.89198
27.625 71.125 1.8101
27.625 71.375 1.8631
27.625 71.625 1.2355
27.625 71.875 0.54576
27.625 72.125 0.20096
27.625 72.375 0.37757
27.625 72.625 0.59813
27.625 72.875 0.7724
27.625 73.125 0.70151
27.625 73.375 1.5931
27.625 73.625 2.2209
27.625 73.875 1.4531
27.625 74.125 1.9072
27.625 74.375 1.8492
27.625 74.625 2.1404
27.625 74.875 2.206
27.625 75.125 1.3902
27.625 75.375 1.9808
27.625 75.625 2.1939
27.625 75.875 2.0671
27.625 76.125 1.6057
27.625 76.375 1.3726
27.625 76.625 2.0252
27.625 76.875 2.5954
27.625 77.125 0.47527
27.625 77.375 0.73876
27.625 77.625 -1.011
27.625 77.875 1.0863
27.625 78.125 1.3501
27.625 78.375 1.6592
27.625 78.625 -0.15959
27.625 78.875 0.38983
27.625 79.125 -1.698
27.625 79.375 -3.1049
27.625 79.625 -1.6665
27.625 79.875 0.46268
27.625 80.125 -0.44434
27.625 80.375 -0.50942
27.625 80.625 -0.79013
27.625 80.875 -2.2407
27.625 81.125 -0.30763
27.625 81.375 -0.37525
27.625 81.625 -1.0522
27.625 81.875 -0.74309
27.625 82.125 -0.16593
27.625 82.375 -0.11086
27.625 82.625 0.43742
27.625 88.375 0.28644
27.625 88.625 0.27025
27.625 91.625 -1.1105
27.625 91.875 -1.7952
27.625 92.125 -1.024
27.625 92.375 -1.1078
27.625 92.625 -0.51858
27.625 92.875 -1.5761
27.625 93.125 -2.9619
27.625 93.375 -2.8584
27.625 93.625 -2.5542
27.625 93.875 -3.109
27.625 94.125 -0.81587
27.625 94.375 0.11553
27.625 94.625 -0.37087
27.625 94.875 -0.98067
27.625 95.125 -1.5019
27.625 95.375 -1.38
27.625 95.625 -1.6229
27.625 95.875 -1.0289
27.625 96.125 -1.8432
27.625 96.375 -0.40451
27.625 96.625 -0.55504
27.625 96.875 -0.54398
27.875 70.375 0.44967
27.875 71.875 0.39034
27.875 72.125 0.41697
27.875 72.375 0.30898
27.875 72.625 0.66025
27.875 72.875 0.72516
27.875 73.125 0.70018
27.875 73.375 2.0535
27.875 73.625 2.3579
27.875 73.875 2.2749
27.875 74.125 1.8717
27.875 74.375 2.0558
27.875 74.625 1.8466
27.875 74.875 1.804
27.875 75.125 1.5511
27.875 75.375 1.8919
27.875 75.625 1.5823
27.875 75.875 1.8508
27.875 76.125 1.3647
27.875 76.375 1.5669
27.875 76.625 0.81245
27.875 76.875 1.8372
27.875 77.125 1.3675
27.875 77.375 0.25283
27.875 77.625 -1.5463
27.875 77.875 1.515
27.875 78.125 1.9185
27.875 78.375 1.2061
27.875 78.625 1.4507
27.875 78.875 1.2875
27.875 79.125 0.095015
27.875 79.375 -0.3122
27.875 79.625 -0.73056
27.875 79.875 0.64417
27.875 80.125 0.9281
27.875 80.375 0.099934
27.875 80.625 -1.4541
27.875 80.875 -3.1122
27.875 81.125 -0.85433
27.875 81.375 -0.32197
27.875 81.625 -0.37751
27.875 88.375 1.079
27.875 88.625 1.0598
27.875 92.875 -2.1855
27.875 93.125 -3.0825
27.875 93.375 -4.961
27.875 93.625 -3.3739
27.875 93.875 -5.5012
27.875 94.125 -1.9919
27.875 94.375 -1.1151
27.875 94.625 -0.9628
27.875 94.875 -0.30513
27.875 95.125 0.29223
27.875 95.375 -1.3328
27.875 95.625 -1.8518
27.875 95.875 -2.4892
27.875 96.125 -0.98514
27.875 96.375 -1.0598
27.875 96.625 -0.53927
27.875 96.875 -0.42364
27.875 97.125 -0.3595
28.125 72.125 0.59896
28.125 72.375 0.73476
28.125 72.625 0.92979
28.125 72.875 1.5608
28.125 73.125 2.4152
28.125 73.375 2.4678
28.125 73.625 2.2229
28.125 73.875 1.351
28.125 74.125 1.0347
28.125 74.375 1.4922
28.125 74.625 2.8669
28.125 74.875 2.6584
28.125 75.125 1.7346
28.125 75.375 2.4658
28.125 75.625 1.0775
28.125 75.875 2.1627
28.125 76.125 2.3747
28.125 76.375 1.9576
28.125 76.625 2.5814
28.125 76.875 2.4285
28.125 77.125 1.2411
28.125 77.375 0.95856
28.125 77.625 0.64582
28.125 77.875 1.7555
28.125 78.125 2.2061
28.125 78.375 1.7749
28.125 78.625 0.42454
28.125 78.875 0.74866
28.125 79.125 0.49089
28.125 79.375 -0.79256
28.125 79.625 -1.1875
28.125 79.875 0.17674
28.125 80.125 0.71259
28.125 80.375 0.31727
28.125 80.625 -0.22195
28.125 80.875 -1.4176
28.125 81.125 -2.4947
28.125 81.375 -0.38116
28.125 92.875 -2.1943
28.125 93.125 -3.0953
28.125 93.375 -3.2514
28.125 93.625 -3.1966
28.125 93.875 -4.2439
28.125 94.125 -2.4362
28.125 94.375 -1.0662
28.125 94.625 -0.98244
28.125 94.875 -0.37594
28.125 95.125 -0.071048
28.125 95.375 -0.354
28.125 95.625 -1.677
28.125 95.875 -2.3902
28.125 96.125 -0.78024
28.125 96.375 -0.64108
28.125 96.625 -0.49706
28.125 96.875 -0.43172
28.125 97.125 -0.04183
28.375 72.375 0.68756
28.375 72.625 0.26537
28.375 72.875 1.0068
28.375 73.125 1.5823
28.375 73.375 1.3729
28.375 73.625 0.97857
28.375 73.875 0.83976
28.375 74.125 0.67671
28.375 74.375 0.93247
28.375 74.625 2.3766
28.375 74.875 2.1402
28.375 75.125 1.4747
28.375 75.375 2.1453
28.375 75.625 2.0789
28.375 75.875 2.5201
28.375 76.125 1.7822
28.375 76.375 1.5077
28.375 76.625 1.7872
28.375 76.875 1.7897
28.375 77.125 0.84903
28.375 77.375 -0.041599
28.375 77.625 0.88705
28.375 77.875 0.69005
28.375 78.125 1.6667
28.375 78.375 1.2061
28.375 78.625 -0.17306
28.375 78.875 -0.30571
28.375 79.125 0.53063
28.375 79.375 0.36922
28.375 79.625 -2.1798
28.375 79.875 -1.8751
28.375 80.125 -0.18202
28.375 80.375 -0.032363
28.375 80.625 -0.30559
28.375 80.875 -0.82667
28.375 81.125 -1.1292
28.375 93.375 -2.6229
28.375 93.625 -1.1487
28.375 93.875 -0.14987
28.375 94.125 -0.055905
28.375 94.375 0.0095355
28.375 94.625 -0.055629
28.375 94.875 -0.11537
28.375 95.125 -0.34944
28.375 95.375 -0.36365
28.375 95.625 0.09194
28.375 95.875 -0.071209
28.375 96.125 -1.8848
28.375 96.625 -0.56232
28.625 72.375 1.2177
28.625 72.625 0.89501
28.625 72.875 1.2197
28.625 73.125 1.4705
28.625 73.375 1.5907
28.625 73.625 1.5478
28.625 73.875 0.75764
28.625 74.125 0.56006
28.625 74.375 1.227
28.625 74.625 1.9654
28.625 74.875 1.9173
28.625 75.125 1.1629
28.625 75.375 0.037328
28.625 75.625 -0.8918
28.625 75.875 -0.016928
28.625 76.125 1.2116
28.625 76.375 1.3324
28.625 76.625 2.0512
28.625 76.875 1.5833
28.625 77.125 -0.26392
28.625 77.375 -0.52622
28.625 77.625 -0.60361
28.625 77.875 -1.9458
28.625 78.125 0.4992
28.625 78.375 0.86403
28.625 78.625 -1.5865
28.625 78.875 -0.44857
28.625 79.125 0.70675
28.625 79.375 0.26402
28.625 79.625 0.12127
28.625 79.875 -0.6125
28.625 80.125 0.25696
28.625 80.375 1.2999
28.625 80.625 -0.17884
28.625 93.625 0.33735
28.625 93.875 0.38585
28.625 94.125 0.39529
28.625 94.375 -2.4157
28.625 94.625 0.5063
28.625 94.875 0.40952
28.625 95.125 0.090546
28.625 95.375 -0.51496
28.625 95.625 -0.97863
28.625 95.875 -0.31235
28.625 96.125 -1.5868
28.625 96.375 4.474
28.875 72.875 0.99059
28.875 73.125 2.1756
28.875 73.375 2.9473
28.875 73.625 2.6503
28.875 73.875 2.3909
28.875 74.125 1.2461
28.875 74.375 0.53687
28.875 74.625 1.1444
28.875 74.875 1.635
28.875 75.125 0.13282
28.875 75.375 -0.020335
28.875 75.625 -0.088595
28.875 75.875 0.36876
28.875 76.125 0.69484
28.875 76.375 0.74951
28.875 76.625 0.62918
28.875 76.875 0.27519
28.875 77.125 2.1415
28.875 77.375 1.6041
28.875 77.625 1.3351
28.875 77.875 0.95513
28.875 78.125 -0.011005
28.875 78.375 -0.032541
28.875 78.625 -0.20153
28.875 78.875 -0.0097384
28.875 79.125 0.92222
28.875 79.375 0.67342
28.875 79.625 0.70799
28.875 79.875 0.78994
28.875 94.125 0.62926
28.875 94.375 0.59007
28.875 94.625 -0.58485
28.875 94.875 0.55478
28.875 95.125 0.47267
28.875 95.375 0.17446
28.875 95.625 -0.079858
28.875 95.875 -0.30699
28.875 96.125 -0.17098
28.875 96.375 4.4531
29.125 73.125 2.35
29.125 73.375 3.4797
29.125 73.625 3.4687
29.125 73.875 2.6581
29.125 74.125 1.1298
29.125 74.375 0.84556
29.125 74.625 1.1285
29.125 74.875 0.81468
29.125 75.125 -0.048987
29.125 75.375 1.3146
29.125 75.625 0.97946
29.125 75.875 0.078741
29.125 76.125 0.0093177
29.125 76.375 -0.90231
29.125 76.625 0.75347
29.125 76.875 0.82033
29.125 77.125 0.63511
29.125 77.375 1.1767
29.125 77.625 1.2735
29.125 77.875 0.78037
29.125 78.125 0.19063
29.125 78.375 -0.030293
29.125 78.625 0.58302
29.125 78.875 0.16675
29.125 79.125 1.1933
29.125 79.375 1.1922
29.125 79.625 -0.22665
29.125 79.875 0.41719
29.125 80.125 0.58894
29.125 94.375 0.67279
29.125 94.625 0.65206
29.125 94.875 0.60115
29.125 95.625 -0.18151
29.125 95.875 0.56584
29.125 96.125 4.3048
29.375 73.375 1.571
29.375 73.625 3.3331
29.375 73.875 3.3156
29.375 74.125 2.8612
29.375 74.375 0.72098
29.375 74.625 0.69583
29.375 74.875 1.3688
29.375 75.125 0.70952
29.375 75.375 0.26889
29.375 75.625 0.18746
29.375 75.875 -0.7365
29.375 76.125 0.83076
29.375 76.375 -0.35137
29.375 76.625 0.78269
29.375 76.875 -1.585
29.375 77.125 -1.5204
29.375 77.375 1.1986
29.375 77.625 1.0578
29.375 77.875 0.96822
29.375 78.125 0.015341
29.375 78.375 0.05492
29.375 78.625 -0.68086
29.375 78.875 -0.10402
29.375 79.125 0.95824
29.375 79.375 1.0959
29.375 79.625 -1.184
29.375 79.875 0.30971
29.375 80.125 0.61013
29.375 96.125 4.3595
29.625 73.375 1.4397
29.625 73.625 2.1406
29.625 73.875 2.4959
29.625 74.125 2.4592
29.625 74.375 1.5533
29.625 74.625 -0.46097
29.625 74.875 0.77313
29.625 75.125 0.61669
29.625 75.375 0.16517
29.625 75.625 1.3286
29.625 75.875 -0.17382
29.625 76.125 -1.2147
29.625 76.375 1.0744
29.625 76.625 0.72739
29.625 76.875 1.1716
29.625 77.125 0.13729
29.625 77.375 -0.70022
29.625 77.625 0.71188
29.625 77.875 0.66295
29.625 78.125 0.60799
29.625 78.375 0.11247
29.625 78.625 -1.9674
29.625 78.875 -0.9161
29.625 79.125 0.46382
29.625 79.375 0.49958
29.625 79.625 -0.13875
29.625 79.875 0.54704
29.625 80.125 0.61312
29.875 73.625 2.3332
29.875 73.875 1.4023
29.875 74.125 1.7366
29.875 74.375 -0.21943
29.875 74.625 -1.608
29.875 74.875 -1.4327
29.875 75.125 0.18311
29.875 75.375 0.16995
29.875 75.625 0.39268
29.875 75.875 0.29303
29.875 76.125 0.51441
29.875 76.375 0.54415
29.875 76.625 1.1494
29.875 76.875 -1.4742
29.875 77.125 0.35972
29.875 77.375 0.23645
29.875 77.625 -0.1255
29.875 77.875 0.3624
29.875 78.125 -3.3627
29.875 78.375 0.89716
29.875 78.625 0.32735
29.875 78.875 0.7049
29.875 79.125 -0.31991
29.875 79.375 0.049324
29.875 79.625 1.4139
29.875 79.875 0.23685
29.875 80.125 0.34741
29.875 80.375 0.30701
30.125 74.125 -0.56775
30.125 74.375 -1.0548
30.125 74.625 -0.82606
30.125 74.875 -0.35344
30.125 75.125 0.76389
30.125 75.375 1.1375
30.125 75.625 1.1061
30.125 75.875 -0.53498
30.125 76.125 0.54734
30.125 76.375 -0.39162
30.125 76.625 -0.12577
30.125 76.875 -0.21266
30.125 77.125 0.48677
30.125 77.375 -0.45369
30.125 77.625 1.4545
30.125 77.875 1.0712
30.125 78.125 0.87977
30.125 78.375 0.80919
30.125 78.625 1.0805
30.125 78.875 1.3991
30.125 79.125 1.5168
30.125 79.375 0.83394
30.125 79.625 0.64513
30.125 79.875 -0.28424
30.125 80.125 -0.2642
30.125 80.375 0.11156
30.125 80.625 0.1428
30.375 74.125 -0.50077
30.375 74.375 -0.17456
30.375 74.625 0.63013
30.375 74.875 0.58679
30.375 75.125 1.695
30.375 75.375 1.2783
30.375 75.625 0.034555
30.375 75.875 -0.38442
30.375 76.125 -0.50355
30.375 76.375 -0.48542
30.375 76.625 -1.6028
30.375 76.875 -1.3922
30.375 77.125 0.75641
30.375 77.375 0.51309
30.375 77.625 0.97927
30.375 77.875 0.99344
30.375 78.125 0.51702
30.375 78.375 -0.70614
30.375 78.625 1.2407
30.375 78.875 0.86309
30.375 79.125 1.0462
30.375 79.375 0.16323
30.375 79.625 -0.065681
30.375 79.875 0.19711
30.375 80.125 0.49172
30.375 80.375 -0.061744
30.375 80.625 0.49701
30.625 74.375 0.40133
30.625 74.625 0.38027
30.625 74.875 -0.21558
30.625 75.125 1.1395
30.625 75.375 0.99799
30.625 75.625 0.76347
30.625 75.875 0.0010343
30.625 76.125 -1.1333
30.625 76.375 -1.8519
30.625 76.625 0.12817
30.625 76.875 0.94758
30.625 77.125 0.84009
30.625 77.375 1.0669
30.625 77.625 0.26147
30.625 77.875 0.63724
30.625 78.125 0.41113
30.625 78.375 -0.41657
30.625 78.625 -1.0874
30.625 78.875 -0.18791
30.625 79.125 -0.033848
30.625 79.375 -0.41554
30.625 79.625 -0.0095858
30.625 79.875 0.27598
30.625 80.125 0.30885
30.875 74.625 -0.24143
30.875 74.875 0.64004
30.875 75.125 1.4822
30.875 75.375 -0.38177
30.875 75.625 0.69317
30.875 75.875 -0.36343
30.875 76.125 -0.26056
30.875 76.375 0.34097
30.875 76.625 0.72191
30.875 76.875 1.2664
30.875 77.125 2.0384
30.875 77.375 0.36024
30.875 77.625 0.82399
30.875 77.875 0.70009
30.875 78.125 0.4419
30.875 78.375 -0.43654
30.875 78.625 -0.55771
30.875 78.875 1.011
30.875 79.125 -2.2634
30.875 79.375 -1.2612
30.875 79.625 -5.6713
30.875 79.875 0.9634
31.125 74.875 -0.34518
31.125 75.125 1.241
31.125 75.375 -1.5214
31.125 75.625 -1.0125
31.125 75.875 0.38546
31.125 76.125 1.4646
31.125 76.375 0.5031
31.125 76.625 0.61857
31.125 76.875 1.8159
31.125 77.125 2.05
31.125 77.375 1.6309
31.125 77.625 2.2266
31.125 77.875 0.80088
31.125 78.125 -1.68
31.125 78.375 -1.2876
31.125 78.625 -1.7709
31.125 78.875 -1.1628
31.125 79.125 -0.60986
31.375 74.875 -0.37972
31.375 75.125 0.23038
31.375 75.375 -1.6258
31.375 75.625 -0.52311
31.375 75.875 1.3554
31.375 76.125 0.87662
31.375 76.375 1.0377
31.375 76.625 0.84305
31.375 76.875 1.8606
31.375 77.125 1.6093
31.375 77.375 2.1233
31.375 77.625 0.8285
31.375 77.875 -0.30634
31.375 78.125 -2.6469
31.375 78.375 -2.0233
31.375 78.625 -1.9761
31.625 74.875 0.21374
31.625 75.125 0.37022
31.625 75.375 0.098417
31.625 75.625 0.41062
31.625 75.875 0.39656
31.625 76.125 0.50873
31.625 76.375 1.0673
31.625 76.625 1.1068
31.625 76.875 -2.1802
31.625 77.125 0.44153
31.625 77.375 2.6149
31.625 77.625 1.1536
31.625 77.875 -1.2327
31.625 78.125 -1.8396
31.625 78.375 -2.2969
31.625 78.625 -1.8871
31.875 74.875 0.86955
31.875 75.125 0.42504
31.875 75.375 -1.3054
31.875 75.625 0.21258
31.875 75.875 0.58565
31.875 76.125 0.79069
31.875 76.375 0.36779
31.875 76.625 0.57894
31.875 76.875 0.8279
31.875 77.125 1.4338
31.875 77.375 1.3605
31.875 77.625 0.49596
31.875 77.875 -2.1766
31.875 78.125 -1.7535
31.875 78.375 -1.626
31.875 78.625 -1.7615
32.125 75.375 0.75252
32.125 75.625 0.57899
32.125 75.875 0.52969
32.125 76.125 -0.36645
32.125 76.375 0.17892
32.125 76.625 0.40836
32.125 76.875 0.35737
32.125 77.125 0.9646
32.125 77.375 -0.4799
32.125 77.625 -0.52535
32.125 77.875 -1.7395
32.125 78.125 -1.9291
32.125 78.375 -1.7776
32.375 75.375 0.55905
32.375 75.625 0.37895
32.375 75.875 0.30471
32.375 76.125 -0.69627
32.375 76.375 -0.31246
32.375 76.625 -0.81625
32.375 76.875 -0.66637
32.375 77.125 0.43448
32.375 77.375 -0.21855
32.375 77.625 -1.4412
32.375 77.875 -1.8246
32.375 78.125 -1.7683
32.375 78.375 -1.7233
32.625 74.875 0.83157
32.625 75.125 0.65267
32.625 75.375 0.3111
32.625 75.625 0.082363
32.625 75.875 -0.12578
32.625 76.125 -0.33739
32.625 76.375 -0.99258
32.625 76.625 -1.2276
32.625 76.875 -0.37669
32.625 77.125 0.32426
32.625 77.375 -0.20318
32.625 77.625 -0.63435
32.625 77.875 -1.2156
32.625 78.125 -1.6637
32.625 78.375 -1.4994
32.625 78.625 -1.7121
32.625 78.875 -1.9249
32.625 79.125 -1.8413
32.625 79.375 -1.7361
32.875 74.375 1.3128
32.875 74.625 1.0901
32.875 74.875 1.1265
32.875 75.125 0.50609
32.875 75.375 -0.37091
32.875 75.625 -0.81215
32.875 75.875 -0.56693
32.875 76.125 0.1931
32.875 76.375 0.11869
32.875 76.625 -0.12581
32.875 76.875 -0.15298
32.875 77.125 -0.48467
32.875 77.375 -0.60862
32.875 77.625 -1.0995
32.875 77.875 -1.2002
32.875 78.125 -0.70125
32.875 78.375 -1.2834
32.875 78.625 -1.6349
32.875 78.875 -1.7514
32.875 79.125 -1.8999
32.875 79.375 -1.9486
33.125 73.875 0.52185
33.125 74.125 0.74931
33.125 74.375 1.1803
33.125 74.625 1.4734
33.125 74.875 1.2727
33.125 75.125 0.39688
33.125 75.375 -1.4552
33.125 75.625 -1.7654
33.125 75.875 -0.5443
33.125 76.125 0.25358
33.125 76.375 -0.22507
33.125 76.625 -0.074155
33.125 76.875 -0.27716
33.125 77.125 -1.3191
33.125 77.375 -0.87692
33.125 77.625 -0.71554
33.125 77.875 -0.68134
33.125 78.125 -0.59704
33.125 78.375 -0.70613
33.125 78.625 -1.1193
33.125 78.875 -1.5215
33.125 79.125 -1.7727
33.375 73.875 0.69932
33.375 74.125 0.8079
33.375 74.375 0.35106
33.375 74.625 0.061265
33.375 74.875 -0.010501
33.375 75.125 -1.1669
33.375 75.375 -0.031654
33.375 75.625 -3.3226
33.375 75.875 -0.51453
33.375 76.125 -0.036202
33.375 76.375 0.22588
33.375 76.625 -0.3778
33.375 76.875 -0.95756
33.375 77.125 -0.98755
33.375 77.375 -1.0145
33.375 77.625 -1.0423
33.375 77.875 -1.0582
33.375 78.125 -1.0029
33.375 78.375 -1.0107
33.375 78.625 -1.1021
33.375 78.875 -1.3495
33.625 73.875 -0.22041
33.625 74.125 0.30804
33.625 74.375 -0.6783
33.625 74.625 -1.5262
33.625 74.875 -0.35245
33.625 75.125 -1.4788
33.625 75.375 -0.70547
33.625 75.625 -1.3955
33.625 75.875 -1.0045
33.625 76.125 -1.3283
33.625 76.375 -0.80065
33.625 76.625 -1.279
33.625 76.875 -0.93058
33.625 77.125 -0.96158
33.625 77.375 -0.95107
33.625 77.625 -1.0101
33.625 77.875 -1.1785
33.625 78.125 -1.0692
33.625 78.375 -1.1146
33.625 78.625 -0.93213
33.625 78.875 -1.2144
33.875 73.875 -0.041682
33.875 74.125 0.023298
33.875 74.375 -0.52382
33.875 74.625 0.17153
33.875 74.875 -0.99663
33.875 75.125 0.24977
33.875 75.375 -0.31366
33.875 75.625 -1.988
33.875 75.875 -1.411
33.875 76.125 -1.3822
33.875 76.375 -1.0888
33.875 76.625 -1.1813
33.875 76.875 -1.1392
33.875 77.125 -1.1361
33.875 77.375 -1.0297
33.875 77.625 -0.97688
33.875 77.875 -0.98116
33.875 78.125 -1.0784
33.875 78.375 -1.1142
33.875 78.625 -1.0778
33.875 78.875 -1.1068
34.125 73.625 -1.5368
34.125 73.875 -0.95197
34.125 74.125 0.16587
34.125 74.375 -1.6539
34.125 74.625 -0.87849
34.125 74.875 -0.80028
34.125 75.125 -0.48851
34.125 75.375 -1.6104
34.125 75.625 -2.5982
34.125 75.875 -1.8698
34.125 76.125 -1.7387
34.125 76.375 -0.98555
34.125 76.625 -1.2115
34.125 76.875 -1.1472
34.125 77.125 -1.1169
34.125 77.375 -1.062
34.125 77.625 -1.1061
34.125 77.875 -1.0669
34.125 78.125 -1.054
34.125 78.375 -1.29
34.125 78.625 -1.0449
34.125 78.875 -1.1023
34.125 79.125 -1.0349
34.125 79.375 -1.0261
34.375 73.625 -1.3935
34.375 73.875 -1.577
34.375 74.125 -2.0253
34.375 74.375 -1.7855
34.375 74.625 -1.3278
34.375 74.875 -0.26589
34.375 75.125 -1.1426
34.375 75.375 -2.2475
34.375 75.625 -2.7346
34.375 75.875 -2.3177
34.375 76.125 -1.4329
34.375 76.375 -0.90383
34.375 76.625 -1.3801
34.375 76.875 -1.6214
34.375 77.125 -1.2685
34.375 77.375 -1.2038
34.375 77.625 -1.136
34.375 77.875 -1.1481
34.375 78.125 -1.0459
34.375 78.375 -1.0379
34.375 78.625 -1.0677
34.375 78.875 -1.0794
34.375 79.125 -1.0985
34.375 79.375 -1.1648
34.625 73.875 -2.078
34.625 74.125 -1.5902
34.625 74.375 -2.0827
34.625 74.625 -1.8412
34.625 74.875 -1.6305
34.625 75.125 -1.003
34.625 75.375 -2.2491
34.625 75.625 -2.1459
34.625 75.875 -1.6409
34.625 76.125 -1.2448
34.625 76.375 -0.87714
34.625 76.625 -1.1765
34.625 76.875 -1.3138
34.625 77.125 -1.1884
34.625 77.375 -1.1866
34.625 77.625 -1.3925
34.625 77.875 -2.3218
34.625 78.125 -1.0843
34.625 78.375 -1.0922
34.625 78.625 -1.0352
34.625 78.875 -1.0199
34.625 79.125 -1.0352
34.625 79.375 -1.1002
34.625 79.625 -1.209
34.875 74.125 -1.8863
34.875 74.375 -1.6585
34.875 74.625 -1.3055
34.875 74.875 -1.0276
34.875 75.125 -1.9948
34.875 75.375 -2.492
34.875 75.625 -1.9788
34.875 75.875 -1.4955
34.875 76.125 -1.2674
34.875 76.375 -0.8475
34.875 76.625 -1.1579
34.875 76.875 -1.1972
34.875 77.125 -1.1936
34.875 77.375 -1.2076
34.875 77.625 -1.3766
34.875 77.875 -2.3859
34.875 78.125 -1.1528
34.875 78.375 -1.2358
34.875 78.625 -1.1449
34.875 78.875 -1
34.875 79.125 -1.0049
34.875 79.375 -1.018
34.875 79.625 -1.1461
34.875 79.875 -1.2601
35.125 74.375 -2.0473
35.125 74.625 -2.0903
35.125 74.875 -2.0489
35.125 75.125 -2.2961
35.125 75.375 -2.8611
35.125 75.625 -1.9369
35.125 75.875 -1.2134
35.125 76.125 -1.0304
35.125 76.375 -0.81636
35.125 76.625 -1.1564
35.125 76.875 -1.2032
35.125 77.125 -1.2385
35.125 77.375 -1.0359
35.125 77.625 -1.1327
35.125 77.875 -1.3094
35.125 78.125 -1.2752
35.125 78.375 -1.34
35.125 78.625 -1.1473
35.125 78.875 -1.1024
35.125 79.125 -1.0211
35.125 79.375 -1.0778
35.125 79.625 -1.1176
35.125 79.875 -1.2089
35.375 73.875 -1.7667
35.375 74.125 -2.2419
35.375 74.375 -2.317
35.375 74.625 -1.6943
35.375 74.875 -1.998
35.375 75.125 -2.1614
35.375 75.375 -2.1146
35.375 75.625 -1.8847
35.375 75.875 -1.9973
35.375 76.125 -1.2441
35.375 76.375 -1.0629
35.375 76.625 -1.3131
35.375 76.875 -2.2132
35.375 77.125 -1.2841
35.375 77.375 -2.2668
35.375 77.625 -1.285
35.375 77.875 -1.2718
35.375 78.125 -1.2547
35.375 78.375 -1.2698
35.375 78.625 -1.1482
35.375 78.875 -1.1053
35.375 79.125 -1.0584
35.375 79.375 -1.0838
35.375 79.625 -1.1452
35.375 79.875 -1.1262
35.375 80.125 -1.1163
35.625 73.375 -1.4565
35.625 73.625 -1.2688
35.625 73.875 -1.762
35.625 74.125 -1.8712
35.625 74.375 -1.926
35.625 74.625 -2.1792
35.625 74.875 -1.4973
35.625 75.125 -2.3271
35.625 75.375 -2.1493
35.625 75.625 -2.3778
35.625 75.875 -1.874
35.625 76.125 -1.1227
35.625 76.375 -1.451
35.625 76.625 -2.6028
35.625 76.875 -2.4885
35.625 77.125 -1.165
35.625 78.375 -1.1328
35.625 78.625 -1.0744
35.625 78.875 -1.1914
35.625 79.125 -1.1477
35.625 79.375 -1.1085
35.625 79.625 -1.158
35.625 79.875 -0.87581
35.625 80.125 -0.91456
35.875 73.125 1.758
35.875 73.375 -0.14212
35.875 73.625 -1.0933
35.875 73.875 -1.9007
35.875 74.125 -1.8403
35.875 74.375 -2.3163
35.875 74.625 -1.7867
35.875 74.875 -1.6987
35.875 75.125 -2.0511
35.875 75.375 -2.2379
35.875 75.625 -2.2217
35.875 75.875 -2.6475
35.875 76.125 -1.6323
35.875 76.375 -0.89265
35.875 76.625 -0.98111
35.875 79.375 -0.60162
36.125 72.625 0.3636
36.125 72.875 0.94614
36.125 73.125 0.29464
36.125 73.375 0.16115
36.125 73.625 0.10375
36.125 73.875 -0.4988
36.125 74.125 -0.7868
36.125 74.375 -1.2922
36.125 74.625 1.7192
36.125 74.875 -1.2005
36.125 75.125 -2.7009
36.125 75.375 -2.7428
36.125 75.625 -2.223
36.125 75.875 -1.3697
36.125 76.125 -1.2331
36.125 76.375 -0.8969
36.125 76.625 -0.98404
36.375 73.125 1.4817
36.375 73.375 1.5734
36.375 73.625 1.6275
36.375 73.875 0.71276
36.375 74.125 -0.54995
36.375 74.375 -0.65507
36.375 74.625 -0.70716
36.375 74.875 -1.7684
36.375 75.125 -1.8269
36.375 75.375 -2.9835
36.375 75.625 -2.2073
36.375 75.875 -1.5398
36.375 76.125 -1.2039
36.625 73.375 1.1649
36.625 73.625 1.0457
36.625 73.875 -0.03117
36.625 74.125 -0.68113
36.625 74.375 -2.2968
36.625 74.625 -1.5667
36.625 74.875 -2.2346
36.625 75.125 -1.6606
36.625 75.375 -2.1627
36.625 75.625 -2.1118
36.875 73.875 1.3032
36.875 74.375 0.56359
36.875 74.625 -0.73561
36.875 74.875 -1.1126
36.875 75.125 -1.816
36.875 75.375 -3.1893
